# ee
4.882585257291793823e-02
7.660396397113800049e-02
8.231541514396667480e-02
6.926151365041732788e-02
4.817653819918632507e-02
2.888209931552410126e-02
1.619166135787963867e-02
1.006791274994611740e-02
7.983884774148464203e-03
7.328499108552932739e-03
6.614117417484521866e-03
5.769521929323673248e-03
5.028069484978914261e-03
4.620948806405067444e-03
4.689855966717004776e-03
5.020694341510534286e-03
5.366832483559846878e-03
5.707298871129751205e-03
6.096453405916690826e-03
6.664326880127191544e-03
7.526385597884654999e-03
8.664174936711788177e-03
1.003182027488946915e-02
1.160768326371908188e-02
1.337701547890901566e-02
1.532836630940437317e-02
1.745485700666904449e-02
1.976459473371505737e-02
2.226199209690093994e-02
2.492169290781021118e-02
2.772495895624160767e-02
3.070928528904914856e-02
3.392331302165985107e-02
3.740399703383445740e-02
4.117192700505256653e-02
4.519383609294891357e-02
4.943727329373359680e-02
5.392689630389213562e-02
5.870163068175315857e-02
6.379060447216033936e-02
6.918372958898544312e-02
7.486110925674438477e-02
8.080284297466278076e-02
8.698904514312744141e-02
9.340752661228179932e-02
1.000768989324569702e-01
1.070234626531600952e-01
1.142735630273818970e-01
1.218535006046295166e-01
1.297823935747146606e-01
1.380504667758941650e-01
1.466408222913742065e-01
1.555364578962326050e-01
1.647204458713531494e-01
1.741796731948852539e-01
1.839163005352020264e-01
1.939363777637481689e-01
2.042459100484848022e-01
2.148509174585342407e-01
2.257552593946456909e-01
2.369542419910430908e-01
2.484409213066101074e-01
2.602084279060363770e-01
2.722498476505279541e-01
2.845581471920013428e-01
2.971255779266357422e-01
3.099442124366760254e-01
3.230061233043670654e-01
3.363034129142761230e-01
3.498280048370361328e-01
3.635714948177337646e-01
3.775251805782318115e-01
3.916805386543273926e-01
4.060288965702056885e-01
4.205611944198608398e-01
4.352661967277526855e-01
4.501321017742156982e-01
4.651473462581634521e-01
4.803000986576080322e-01
4.955787360668182373e-01
5.109720230102539062e-01
5.264688134193420410e-01
5.420579314231872559e-01
5.577282309532165527e-01
5.734679102897644043e-01
5.892626047134399414e-01
6.050974130630493164e-01
6.209572553634643555e-01
6.368271708488464355e-01
6.526923775672912598e-01
6.685378551483154297e-01
6.843489408493041992e-01
7.001107931137084961e-01
7.158086299896240234e-01
7.314276695251464844e-01
7.469531297683715820e-01
7.623701095581054688e-01
7.776640057563781738e-01
7.928199172019958496e-01
8.078230023384094238e-01
8.226585984230041504e-01
8.373117446899414062e-01
8.517678380012512207e-01
8.660119771957397461e-01
8.800294399261474609e-01
8.938052654266357422e-01
9.073249101638793945e-01
9.205733537673950195e-01
9.335359334945678711e-01
9.461986422538757324e-01
9.585501551628112793e-01
9.705801606178283691e-01
9.822782874107360840e-01
9.936338663101196289e-01
1.004636764526367188e+00
1.015276312828063965e+00
1.025542259216308594e+00
1.035424113273620605e+00
1.044911384582519531e+00
1.053993821144104004e+00
1.062660813331604004e+00
1.070901989936828613e+00
1.078707098960876465e+00
1.086065292358398438e+00
1.092966556549072266e+00
1.099400281906127930e+00
1.105356097221374512e+00
1.110823512077331543e+00
1.115792274475097656e+00
1.120253682136535645e+00
1.124207377433776855e+00
1.127655029296875000e+00
1.130597949028015137e+00
1.133037805557250977e+00
1.134976029396057129e+00
1.136414170265197754e+00
1.137353777885437012e+00
1.137796401977539062e+00
1.137743592262268066e+00
1.137196660041809082e+00
1.136157512664794922e+00
1.134627342224121094e+00
1.132607698440551758e+00
1.130100131034851074e+00
1.127106308937072754e+00
1.123627781867980957e+00
1.119665741920471191e+00
1.115222096443176270e+00
1.110298037528991699e+00
1.104898095130920410e+00
1.099037885665893555e+00
1.092735767364501953e+00
1.086010098457336426e+00
1.078879237174987793e+00
1.071361660957336426e+00
1.063475728034973145e+00
1.055239915847778320e+00
1.046672344207763672e+00
1.037791728973388672e+00
1.028616309165954590e+00
1.019164562225341797e+00
1.009454846382141113e+00
9.995054602622985840e-01
9.893348217010498047e-01
9.789614677429199219e-01
9.684036970138549805e-01
9.576799273490905762e-01
9.468085169792175293e-01
9.358079433441162109e-01
9.246965050697326660e-01
9.134926199913024902e-01
9.022147059440612793e-01
8.908811807632446289e-01
8.795104026794433594e-01
8.681238889694213867e-01
8.567559123039245605e-01
8.454436659812927246e-01
8.342244029045104980e-01
8.231356739997863770e-01
8.122146129608154297e-01
8.014985322952270508e-01
7.910248637199401855e-01
7.808308005332946777e-01
7.709536552429199219e-01
7.614307999610900879e-01
7.522995471954345703e-01
7.435971498489379883e-01
7.353609800338745117e-01
7.276282906532287598e-01
7.204364538192749023e-01
7.138227224349975586e-01
7.078244686126708984e-01
7.024790048599243164e-01
6.978235840797424316e-01
6.938955187797546387e-01
6.907321810722351074e-01
6.883708238601684570e-01
6.868487000465393066e-01
6.862033009529113770e-01
6.864712238311767578e-01
6.876865029335021973e-01
6.898826360702514648e-01
6.930930614471435547e-01
6.973511576652526855e-01
7.026905417442321777e-01
7.091445326805114746e-01
7.167466282844543457e-01
7.255303263664245605e-01
7.355289459228515625e-01
7.467760443687438965e-01
7.593050599098205566e-01
7.731493711471557617e-01
7.883425354957580566e-01
8.049179911613464355e-01
8.229090571403503418e-01
8.423493504524230957e-01
8.632722496986389160e-01
8.857111930847167969e-01
9.096996784210205078e-01
9.352710843086242676e-01
9.624589085578918457e-01
9.912965893745422363e-01
1.021817564964294434e+00
1.054055333137512207e+00
1.088043332099914551e+00
1.123814940452575684e+00
1.161403656005859375e+00
1.200843095779418945e+00
1.242166399955749512e+00
1.285407304763793945e+00
1.330599069595336914e+00
1.377775192260742188e+00
1.426969170570373535e+00
1.478214383125305176e+00
1.531544327735900879e+00
1.586992502212524414e+00
1.644592285156250000e+00
1.704377174377441406e+00
1.766380429267883301e+00
1.830635905265808105e+00
1.897176742553710938e+00
1.966036319732666016e+00
2.037248373031616211e+00
2.110846281051635742e+00
2.186863183975219727e+00
2.265332937240600586e+00
2.346288919448852539e+00
2.429764509201049805e+00
2.515792846679687500e+00
2.604398250579833984e+00
2.695565700531005859e+00
2.789270877838134766e+00
2.885489225387573242e+00
2.984196662902832031e+00
3.085368394851684570e+00
3.188980340957641602e+00
3.295007705688476562e+00
3.403426408767700195e+00
3.514212131500244141e+00
3.627340316772460938e+00
3.742786645889282227e+00
3.860526561737060547e+00
3.980535745620727539e+00
4.102789402008056641e+00
4.227263927459716797e+00
4.353934288024902344e+00
4.482776641845703125e+00
4.613765716552734375e+00
4.746878147125244141e+00
4.882088184356689453e+00
5.019373416900634766e+00
5.158707618713378906e+00
5.300066947937011719e+00
5.443427085876464844e+00
5.588763713836669922e+00
5.736052513122558594e+00
5.885269165039062500e+00
6.036388397216796875e+00
6.189386844635009766e+00
6.344239711761474609e+00
6.500922203063964844e+00
6.659410953521728516e+00
6.819680213928222656e+00
6.981706619262695312e+00
7.145465373992919922e+00
7.310931682586669922e+00
7.478082180023193359e+00
7.646892070770263672e+00
7.817336082458496094e+00
7.989390373229980469e+00
8.163030624389648438e+00
8.338232994079589844e+00
8.514972686767578125e+00
8.693224906921386719e+00
8.872964859008789062e+00
9.054169654846191406e+00
9.236813545227050781e+00
9.420871734619140625e+00
9.606322288513183594e+00
9.793128967285156250e+00
9.981223106384277344e+00
1.017052650451660156e+01
1.036096000671386719e+01
1.055244255065917969e+01
1.074489784240722656e+01
1.093824672698974609e+01
1.113240814208984375e+01
1.132730484008789062e+01
1.152285957336425781e+01
1.171898937225341797e+01
1.191561985015869141e+01
1.211266803741455078e+01
1.231005764007568359e+01
1.250770950317382812e+01
1.270554256439208984e+01
1.290348052978515625e+01
1.310144424438476562e+01
1.329935264587402344e+01
1.349712944030761719e+01
1.369469261169433594e+01
1.389196681976318359e+01
1.408887290954589844e+01
1.428532791137695312e+01
1.448125743865966797e+01
1.467658042907714844e+01
1.487121868133544922e+01
1.506509113311767578e+01
1.525812244415283203e+01
1.545023059844970703e+01
1.564133834838867188e+01
1.583136844635009766e+01
1.602023696899414062e+01
1.620787048339843750e+01
1.639418601989746094e+01
1.657910919189453125e+01
1.676255607604980469e+01
1.694444847106933594e+01
1.712471199035644531e+01
1.730326271057128906e+01
1.748002433776855469e+01
1.765491867065429688e+01
1.782786369323730469e+01
1.799878311157226562e+01
1.816759872436523438e+01
1.833422660827636719e+01
1.849859237670898438e+01
1.866061782836914062e+01
1.882022285461425781e+01
1.897732543945312500e+01
1.913185691833496094e+01
1.928376770019531250e+01
1.943301963806152344e+01
1.957956695556640625e+01
1.972337150573730469e+01
1.986439132690429688e+01
2.000258636474609375e+01
2.013791275024414062e+01
2.027033233642578125e+01
2.039979934692382812e+01
2.052627754211425781e+01
2.064972305297851562e+01
2.077009773254394531e+01
2.088735580444335938e+01
2.100145912170410156e+01
2.111236572265625000e+01
2.122003555297851562e+01
2.132442283630371094e+01
2.142549324035644531e+01
2.152319908142089844e+01
2.161750411987304688e+01
2.170836639404296875e+01
2.179574012756347656e+01
2.187959098815917969e+01
2.195987319946289062e+01
2.203654670715332031e+01
2.210956764221191406e+01
2.217889976501464844e+01
2.224450111389160156e+01
2.230632781982421875e+01
2.236433792114257812e+01
2.241849327087402344e+01
2.246875000000000000e+01
2.251507186889648438e+01
2.255741119384765625e+01
2.259572982788085938e+01
2.262998771667480469e+01
2.266014289855957031e+01
2.268615150451660156e+01
2.270797538757324219e+01
2.272557258605957031e+01
2.273890304565429688e+01
2.274792289733886719e+01
2.275259208679199219e+01
2.275287055969238281e+01
2.274871635437011719e+01
2.274008750915527344e+01
2.272694396972656250e+01
2.270924568176269531e+01
2.268694686889648438e+01
2.266002845764160156e+01
2.262853240966796875e+01
2.259251976013183594e+01
2.255205535888671875e+01
2.250719833374023438e+01
2.245801162719726562e+01
2.240455627441406250e+01
2.234689521789550781e+01
2.228508758544921875e+01
2.221919822692871094e+01
2.214928817749023438e+01
2.207541847229003906e+01
2.199765205383300781e+01
2.191604804992675781e+01
2.183067131042480469e+01
2.174158096313476562e+01
2.164884185791015625e+01
2.155251121520996094e+01
2.145265388488769531e+01
2.134933280944824219e+01
2.124260711669921875e+01
2.113253974914550781e+01
2.101919364929199219e+01
2.090262603759765625e+01
2.078290557861328125e+01
2.066008758544921875e+01
2.053423881530761719e+01
2.040541648864746094e+01
2.027368545532226562e+01
2.013910865783691406e+01
2.000174522399902344e+01
1.986165618896484375e+01
1.971890449523925781e+01
1.957355308532714844e+01
1.942566299438476562e+01
1.927529525756835938e+01
1.912251281738281250e+01
1.896737480163574219e+01
1.880994606018066406e+01
1.865028762817382812e+01
1.848846054077148438e+01
1.832452774047851562e+01
1.815854835510253906e+01
1.799058723449707031e+01
1.782070541381835938e+01
1.764896392822265625e+01
1.747542190551757812e+01
1.730014610290527344e+01
1.712319374084472656e+01
1.694463348388671875e+01
1.676452827453613281e+01
1.658298301696777344e+01
1.640011405944824219e+01
1.621603202819824219e+01
1.603084754943847656e+01
1.584467506408691406e+01
1.565762615203857422e+01
1.546981525421142578e+01
1.528135204315185547e+01
1.509234905242919922e+01
1.490292167663574219e+01
1.471317863464355469e+01
1.452323436737060547e+01
1.433320236206054688e+01
1.414319324493408203e+01
1.395331954956054688e+01
1.376369476318359375e+01
1.357443046569824219e+01
1.338564014434814453e+01
1.319743442535400391e+01
1.300992774963378906e+01
1.282323074340820312e+01
1.263745689392089844e+01
1.245271778106689453e+01
1.226912784576416016e+01
1.208679771423339844e+01
1.190584087371826172e+01
1.172636795043945312e+01
1.154849338531494141e+01
1.137232875823974609e+01
1.119798755645751953e+01
1.102558040618896484e+01
1.085522079467773438e+01
1.068702125549316406e+01
1.052109336853027344e+01
1.035755062103271484e+01
1.019650554656982422e+01
1.003806972503662109e+01
9.882355690002441406e+00
9.729475975036621094e+00
9.579544067382812500e+00
9.432671546936035156e+00
9.288969993591308594e+00
9.148552894592285156e+00
9.011532783508300781e+00
8.878021240234375000e+00
8.748131752014160156e+00
8.621976852416992188e+00
8.499668121337890625e+00
8.381317138671875000e+00
8.267026901245117188e+00
8.156845092773437500e+00
8.050809860229492188e+00
7.948959350585937500e+00
7.851331710815429688e+00
7.757964611053466797e+00
7.668895721435546875e+00
7.584163188934326172e+00
7.503804206848144531e+00
7.427856922149658203e+00
7.356359004974365234e+00
7.289348125457763672e+00
7.226862907409667969e+00
7.168940544128417969e+00
7.115619182586669922e+00
7.066935539245605469e+00
7.022929668426513672e+00
6.983636379241943359e+00
6.949096202850341797e+00
6.919345378875732422e+00
6.894421577453613281e+00
6.874364376068115234e+00
6.859209537506103516e+00
6.848996639251708984e+00
6.843761920928955078e+00
6.843543529510498047e+00
6.848380088806152344e+00
6.858309268951416016e+00
6.873368263244628906e+00
6.893595218658447266e+00
6.919027805328369141e+00
6.949704170227050781e+00
6.985661983489990234e+00
7.026939392089843750e+00
7.073573112487792969e+00
7.125601291656494141e+00
7.183062553405761719e+00
7.245994567871093750e+00
7.314434528350830078e+00
7.388420581817626953e+00
7.467990398406982422e+00
7.553182125091552734e+00
7.644033432006835938e+00
7.740581989288330078e+00
7.842864990234375000e+00
7.950922012329101562e+00
8.064788818359375000e+00
8.184505462646484375e+00
8.310107231140136719e+00
8.441634178161621094e+00
8.579100608825683594e+00
8.722438812255859375e+00
8.871556282043457031e+00
9.026361465454101562e+00
9.186764717102050781e+00
9.352675437927246094e+00
9.524000167846679688e+00
9.700649261474609375e+00
9.882530212402343750e+00
1.006955337524414062e+01
1.026162719726562500e+01
1.045866012573242188e+01
1.066056060791015625e+01
1.086723899841308594e+01
1.107860374450683594e+01
1.129456233978271484e+01
1.151502418518066406e+01
1.173989868164062500e+01
1.196909523010253906e+01
1.220252132415771484e+01
1.244008636474609375e+01
1.268169879913330078e+01
1.292726802825927734e+01
1.317670345306396484e+01
1.342991256713867188e+01
1.368680572509765625e+01
1.394729042053222656e+01
1.421127700805664062e+01
1.447867107391357422e+01
1.474938488006591797e+01
1.502332592010498047e+01
1.530040454864501953e+01
1.558052730560302734e+01
1.586360359191894531e+01
1.614954376220703125e+01
1.643825340270996094e+01
1.672964668273925781e+01
1.702362632751464844e+01
1.732010650634765625e+01
1.761899375915527344e+01
1.792019653320312500e+01
1.822362136840820312e+01
1.852918243408203125e+01
1.883678627014160156e+01
1.914634132385253906e+01
1.945775413513183594e+01
1.977093887329101562e+01
2.008580017089843750e+01
2.040224838256835938e+01
2.072019195556640625e+01
2.103953361511230469e+01
2.136014556884765625e+01
2.168189620971679688e+01
2.200465393066406250e+01
2.232828521728515625e+01
2.265265655517578125e+01
2.297763442993164062e+01
2.330308532714843750e+01
2.362888145446777344e+01
2.395488357543945312e+01
2.428096199035644531e+01
2.460698509216308594e+01
2.493281555175781250e+01
2.525832557678222656e+01
2.558338165283203125e+01
2.590784645080566406e+01
2.623159217834472656e+01
2.655448532104492188e+01
2.687639045715332031e+01
2.719717597961425781e+01
2.751671028137207031e+01
2.783485603332519531e+01
2.815148735046386719e+01
2.846646690368652344e+01
2.877965927124023438e+01
2.909094047546386719e+01
2.940016937255859375e+01
2.970721626281738281e+01
3.001194953918457031e+01
3.031423187255859375e+01
3.061393547058105469e+01
3.091092681884765625e+01
3.120507049560546875e+01
3.149623489379882812e+01
3.178428840637207031e+01
3.206909561157226562e+01
3.235052490234375000e+01
3.262844467163085938e+01
3.290271759033203125e+01
3.317321777343750000e+01
3.343980789184570312e+01
3.370235824584960938e+01
3.396073150634765625e+01
3.421479797363281250e+01
3.446442413330078125e+01
3.470947647094726562e+01
3.494982147216796875e+01
3.518532943725585938e+01
3.541586303710937500e+01
3.564129638671875000e+01
3.586150741577148438e+01
3.607644653320312500e+01
3.628608322143554688e+01
3.649038696289062500e+01
3.668931961059570312e+01
3.688285064697265625e+01
3.707094955444335938e+01
3.725358200073242188e+01
3.743071746826171875e+01
3.760231781005859375e+01
3.776835632324218750e+01
3.792879486083984375e+01
3.808360671997070312e+01
3.823275375366210938e+01
3.837620544433593750e+01
3.851392745971679688e+01
3.864589309692382812e+01
3.877206420898437500e+01
3.889241027832031250e+01
3.900689315795898438e+01
3.911548995971679688e+01
3.921815872192382812e+01
3.931487274169921875e+01
3.940559768676757812e+01
3.949029922485351562e+01
3.956894302368164062e+01
3.964150238037109375e+01
3.970794296264648438e+01
3.976823043823242188e+01
3.982233047485351562e+01
3.987020874023437500e+01
3.991184234619140625e+01
3.994718933105468750e+01
3.997621917724609375e+01
3.999890136718750000e+01
4.001520156860351562e+01
4.002508544921875000e+01
4.002852249145507812e+01
4.002547836303710938e+01
4.001592254638671875e+01
3.999982452392578125e+01
3.997714233398437500e+01
3.994785690307617188e+01
3.991192245483398438e+01
3.986931610107421875e+01
3.981999588012695312e+01
3.976393890380859375e+01
3.970109939575195312e+01
3.963146209716796875e+01
3.955498123168945312e+01
3.947165298461914062e+01
3.938155364990234375e+01
3.928479385375976562e+01
3.918147659301757812e+01
3.907170486450195312e+01
3.895558929443359375e+01
3.883322906494140625e+01
3.870473098754882812e+01
3.857020187377929688e+01
3.842974090576171875e+01
3.828345870971679688e+01
3.813145828247070312e+01
3.797384643554687500e+01
3.781072235107421875e+01
3.764219665527343750e+01
3.746837234497070312e+01
3.728935623168945312e+01
3.710525131225585938e+01
3.691616439819335938e+01
3.672219848632812500e+01
3.652345275878906250e+01
3.632004547119140625e+01
3.611207199096679688e+01
3.589963912963867188e+01
3.568284988403320312e+01
3.546181869506835938e+01
3.523663711547851562e+01
3.500741577148437500e+01
3.477426528930664062e+01
3.453728103637695312e+01
3.429657363891601562e+01
3.405224990844726562e+01
3.380440902709960938e+01
3.355315780639648438e+01
3.329860305786132812e+01
3.304084777832031250e+01
3.277999877929687500e+01
3.251615524291992188e+01
3.224943542480468750e+01
3.197993087768554688e+01
3.170774841308593750e+01
3.143299865722656250e+01
3.115578460693359375e+01
3.087620735168457031e+01
3.059437942504882812e+01
3.031039619445800781e+01
3.002437019348144531e+01
2.973640441894531250e+01
2.944660377502441406e+01
2.915506935119628906e+01
2.886191749572753906e+01
2.856727600097656250e+01
2.827128791809082031e+01
2.797409439086914062e+01
2.767583084106445312e+01
2.737663650512695312e+01
2.707665252685546875e+01
2.677601814270019531e+01
2.647487068176269531e+01
2.617335128784179688e+01
2.587159919738769531e+01
2.556975173950195312e+01
2.526795005798339844e+01
2.496633148193359375e+01
2.466503715515136719e+01
2.436420440673828125e+01
2.406397438049316406e+01
2.376448440551757812e+01
2.346587753295898438e+01
2.316828727722167969e+01
2.287185668945312500e+01
2.257672309875488281e+01
2.228302764892578125e+01
2.199091148376464844e+01
2.170050621032714844e+01
2.141195869445800781e+01
2.112540435791015625e+01
2.084098434448242188e+01
2.055883598327636719e+01
2.027909851074218750e+01
2.000191307067871094e+01
1.972741889953613281e+01
1.945575332641601562e+01
1.918705749511718750e+01
1.892146682739257812e+01
1.865912628173828125e+01
1.840017127990722656e+01
1.814474105834960938e+01
1.789297485351562500e+01
1.764501571655273438e+01
1.740099716186523438e+01
1.716106224060058594e+01
1.692534828186035156e+01
1.669399642944335938e+01
1.646714401245117188e+01
1.624493026733398438e+01
1.602749633789062500e+01
1.581498050689697266e+01
1.560752105712890625e+01
1.540525817871093750e+01
1.520831394195556641e+01
1.501673889160156250e+01
1.483057022094726562e+01
1.464984130859375000e+01
1.447458648681640625e+01
1.430484199523925781e+01
1.414064216613769531e+01
1.398202133178710938e+01
1.382901477813720703e+01
1.368165683746337891e+01
1.353998470306396484e+01
1.340402889251708984e+01
1.327382755279541016e+01
1.314941501617431641e+01
1.303082466125488281e+01
1.291809463500976562e+01
1.281125545501708984e+01
1.271034431457519531e+01
1.261539649963378906e+01
1.252644538879394531e+01
1.244352722167968750e+01
1.236667537689208984e+01
1.229592514038085938e+01
1.223131275177001953e+01
1.217287063598632812e+01
1.212063598632812500e+01
1.207464218139648438e+01
1.203492450714111328e+01
1.200151824951171875e+01
1.197445774078369141e+01
1.195377731323242188e+01
1.193951225280761719e+01
1.193169784545898438e+01
1.193036842346191406e+01
1.193555831909179688e+01
1.194730377197265625e+01
1.196563816070556641e+01
1.199059772491455078e+01
1.202221679687500000e+01
1.206052970886230469e+01
1.210557079315185547e+01
1.215737628936767578e+01
1.221597957611083984e+01
1.228141689300537109e+01
1.235372352600097656e+01
1.243293190002441406e+01
1.251907920837402344e+01
1.261219882965087891e+01
1.271232509613037109e+01
1.281949615478515625e+01
1.293371868133544922e+01
1.305491161346435547e+01
1.318296527862548828e+01
1.331777286529541016e+01
1.345922565460205078e+01
1.360721492767333984e+01
1.376163387298583984e+01
1.392237567901611328e+01
1.408932876586914062e+01
1.426238918304443359e+01
1.444144535064697266e+01
1.462639236450195312e+01
1.481711959838867188e+01
1.501352119445800781e+01
1.521548748016357422e+01
1.542291164398193359e+01
1.563568592071533203e+01
1.585370159149169922e+01
1.607685089111328125e+01
1.630502510070800781e+01
1.653811645507812500e+01
1.677601814270019531e+01
1.701862144470214844e+01
1.726581954956054688e+01
1.751750183105468750e+01
1.777356147766113281e+01
1.803389167785644531e+01
1.829838371276855469e+01
1.856692886352539062e+01
1.883942031860351562e+01
1.911574745178222656e+01
1.939580535888671875e+01
1.967948722839355469e+01
1.996668052673339844e+01
2.025727844238281250e+01
2.055117797851562500e+01
2.084826469421386719e+01
2.114843368530273438e+01
2.145157623291015625e+01
2.175758361816406250e+01
2.206635093688964844e+01
2.237776756286621094e+01
2.269172668457031250e+01
2.300811767578125000e+01
2.332683563232421875e+01
2.364777183532714844e+01
2.397081756591796875e+01
2.429586601257324219e+01
2.462280654907226562e+01
2.495153427124023438e+01
2.528193664550781250e+01
2.561387252807617188e+01
2.594721031188964844e+01
2.628180694580078125e+01
2.661752510070800781e+01
2.695422172546386719e+01
2.729175758361816406e+01
2.762999534606933594e+01
2.796879386901855469e+01
2.830801010131835938e+01
2.864751625061035156e+01
2.898715782165527344e+01
2.932680511474609375e+01
2.966631507873535156e+01
3.000554656982421875e+01
3.034436416625976562e+01
3.068262481689453125e+01
3.102019309997558594e+01
3.135692214965820312e+01
3.169267845153808594e+01
3.202732086181640625e+01
3.236070632934570312e+01
3.269270324707031250e+01
3.302316665649414062e+01
3.335195541381835938e+01
3.367892837524414062e+01
3.400395202636718750e+01
3.432688522338867188e+01
3.464759063720703125e+01
3.496591949462890625e+01
3.528174209594726562e+01
3.559491348266601562e+01
3.590529251098632812e+01
3.621274566650390625e+01
3.651712799072265625e+01
3.681830596923828125e+01
3.711613464355468750e+01
3.741047286987304688e+01
3.770118331909179688e+01
3.798812866210937500e+01
3.827116775512695312e+01
3.855016326904296875e+01
3.882496643066406250e+01
3.909545135498046875e+01
3.936146926879882812e+01
3.962287902832031250e+01
3.987955093383789062e+01
4.013133621215820312e+01
4.037809753417968750e+01
4.061969375610351562e+01
4.085600662231445312e+01
4.108698654174804688e+01
4.131259536743164062e+01
4.153280639648437500e+01
4.174758148193359375e+01
4.195689773559570312e+01
4.216070938110351562e+01
4.235899353027343750e+01
4.255171585083007812e+01
4.273883819580078125e+01
4.292033386230468750e+01
4.309616851806640625e+01
4.326630783081054688e+01
4.343072128295898438e+01
4.358937835693359375e+01
4.374224090576171875e+01
4.388928222656250000e+01
4.403046417236328125e+01
4.416576004028320312e+01
4.429512786865234375e+01
4.441854476928710938e+01
4.453598022460937500e+01
4.464738845825195312e+01
4.475274658203125000e+01
4.485202407836914062e+01
4.494517898559570312e+01
4.503218078613281250e+01
4.511300659179687500e+01
4.518761444091796875e+01
4.525597381591796875e+01
4.531805419921875000e+01
4.537382125854492188e+01
4.542324447631835938e+01
4.546628570556640625e+01
4.550291824340820312e+01
4.553310775756835938e+01
4.555681991577148438e+01
4.557402420043945312e+01
4.558468627929687500e+01
4.558877563476562500e+01
4.558625793457031250e+01
4.557709884643554688e+01
4.556127166748046875e+01
4.553873825073242188e+01
4.550947189331054688e+01
4.547343444824218750e+01
4.543059539794921875e+01
4.538092041015625000e+01
4.532437896728515625e+01
4.526093292236328125e+01
4.519057846069335938e+01
4.511338043212890625e+01
4.502943038940429688e+01
4.493880844116210938e+01
4.484161758422851562e+01
4.473793029785156250e+01
4.462784576416015625e+01
4.451145172119140625e+01
4.438882827758789062e+01
4.426007843017578125e+01
4.412528228759765625e+01
4.398452758789062500e+01
4.383790588378906250e+01
4.368550491333007812e+01
4.352741622924804688e+01
4.336372375488281250e+01
4.319451904296875000e+01
4.301989364624023438e+01
4.283992767333984375e+01
4.265472030639648438e+01
4.246435165405273438e+01
4.226891326904296875e+01
4.206850051879882812e+01
4.186318969726562500e+01
4.165307998657226562e+01
4.143825149536132812e+01
4.121880340576171875e+01
4.099481582641601562e+01
4.076638412475585938e+01
4.053358840942382812e+01
4.029652023315429688e+01
4.005527877807617188e+01
3.980994033813476562e+01
3.956059646606445312e+01
3.930733871459960938e+01
3.905025100708007812e+01
3.878942871093750000e+01
3.852495574951171875e+01
3.825692367553710938e+01
3.798541641235351562e+01
3.771052932739257812e+01
3.743235015869140625e+01
3.715096282958984375e+01
3.686645507812500000e+01
3.657892227172851562e+01
3.628845214843750000e+01
3.599512863159179688e+01
3.569904708862304688e+01
3.540028762817382812e+01
3.509894561767578125e+01
3.479511260986328125e+01
3.448891448974609375e+01
3.418048095703125000e+01
3.386993789672851562e+01
3.355742263793945312e+01
3.324305343627929688e+01
3.292696762084960938e+01
3.260929107666015625e+01
3.229015350341796875e+01
3.196968460083007812e+01
3.164801788330078125e+01
3.132527923583984375e+01
3.100159835815429688e+01
3.067710113525390625e+01
3.035192489624023438e+01
3.002619171142578125e+01
2.970003509521484375e+01
2.937358665466308594e+01
2.904696846008300781e+01
2.872031593322753906e+01
2.839375877380371094e+01
2.806742095947265625e+01
2.774143981933593750e+01
2.741593742370605469e+01
2.709104537963867188e+01
2.676689720153808594e+01
2.644361686706542969e+01
2.612133789062500000e+01
2.580018806457519531e+01
2.548029708862304688e+01
2.516179275512695312e+01
2.484480667114257812e+01
2.452946853637695312e+01
2.421590423583984375e+01
2.390424919128417969e+01
2.359462738037109375e+01
2.328717231750488281e+01
2.298200988769531250e+01
2.267927169799804688e+01
2.237908744812011719e+01
2.208158302307128906e+01
2.178689384460449219e+01
2.149514579772949219e+01
2.120646858215332031e+01
2.092099189758300781e+01
2.063884544372558594e+01
2.036015701293945312e+01
2.008505821228027344e+01
1.981367874145507812e+01
1.954614830017089844e+01
1.928257751464843750e+01
1.902302932739257812e+01
1.876753997802734375e+01
1.851615715026855469e+01
1.826891899108886719e+01
1.802586936950683594e+01
1.778705024719238281e+01
1.755250549316406250e+01
1.732227516174316406e+01
1.709640312194824219e+01
1.687492942810058594e+01
1.665789985656738281e+01
1.644535255432128906e+01
1.623733139038085938e+01
1.603388023376464844e+01
1.583504009246826172e+01
1.564085197448730469e+01
1.545136070251464844e+01
1.526660633087158203e+01
1.508663177490234375e+01
1.491147994995117188e+01
1.474119281768798828e+01
1.457581043243408203e+01
1.441537857055664062e+01
1.425993824005126953e+01
1.410953044891357422e+01
1.396419811248779297e+01
1.382398414611816406e+01
1.368892955780029297e+01
1.355907726287841797e+01
1.343447113037109375e+01
1.331515026092529297e+01
1.320115947723388672e+01
1.309253883361816406e+01
1.298933219909667969e+01
1.289158153533935547e+01
1.279932975769042969e+01
1.271261692047119141e+01
1.263148784637451172e+01
1.255598258972167969e+01
1.248614406585693359e+01
1.242201519012451172e+01
1.236363792419433594e+01
1.231105518341064453e+01
1.226430702209472656e+01
1.222343826293945312e+01
1.218848896026611328e+01
1.215950298309326172e+01
1.213652229309082031e+01
1.211958789825439453e+01
1.210872459411621094e+01
1.210387802124023438e+01
1.210497856140136719e+01
1.211195278167724609e+01
1.212472915649414062e+01
1.214323520660400391e+01
1.216740131378173828e+01
1.219715404510498047e+01
1.223242187500000000e+01
1.227313327789306641e+01
1.231921672821044922e+01
1.237059879302978516e+01
1.242720985412597656e+01
1.248897743225097656e+01
1.255582904815673828e+01
1.262769317626953125e+01
1.270449829101562500e+01
1.278617286682128906e+01
1.287264442443847656e+01
1.296384239196777344e+01
1.305969333648681641e+01
1.316012763977050781e+01
1.326507091522216797e+01
1.337445354461669922e+01
1.348820209503173828e+01
1.360624504089355469e+01
1.372851181030273438e+01
1.385493183135986328e+01
1.398542976379394531e+01
1.411993503570556641e+01
1.425837707519531250e+01
1.440068244934082031e+01
1.454677963256835938e+01
1.469659996032714844e+01
1.485006713867187500e+01
1.500711250305175781e+01
1.516766357421875000e+01
1.533164787292480469e+01
1.549899387359619141e+01
1.566962909698486328e+01
1.584348392486572266e+01
1.602048492431640625e+01
1.620055961608886719e+01
1.638363647460937500e+01
1.656964683532714844e+01
1.675851440429687500e+01
1.695017051696777344e+01
1.714454269409179688e+01
1.734155845642089844e+01
1.754114723205566406e+01
1.774322891235351562e+01
1.794770240783691406e+01
1.815446281433105469e+01
1.836339950561523438e+01
1.857440185546875000e+01
1.878736877441406250e+01
1.900218582153320312e+01
1.921874809265136719e+01
1.943694686889648438e+01
1.965667533874511719e+01
1.987782478332519531e+01
2.010028648376464844e+01
2.032395362854003906e+01
2.054871559143066406e+01
2.077446746826171875e+01
2.100110054016113281e+01
2.122850799560546875e+01
2.145657730102539062e+01
2.168520736694335938e+01
2.191428565979003906e+01
2.214370346069335938e+01
2.237335586547851562e+01
2.260313415527343750e+01
2.283292770385742188e+01
2.306263351440429688e+01
2.329213714599609375e+01
2.352133750915527344e+01
2.375012207031250000e+01
2.397838401794433594e+01
2.420601463317871094e+01
2.443290710449218750e+01
2.465895462036132812e+01
2.488404655456542969e+01
2.510807609558105469e+01
2.533093643188476562e+01
2.555251693725585938e+01
2.577271270751953125e+01
2.599141502380371094e+01
2.620851325988769531e+01
2.642390251159667969e+01
2.663747406005859375e+01
2.684911918640136719e+01
2.705873107910156250e+01
2.726620101928710938e+01
2.747141647338867188e+01
2.767427825927734375e+01
2.787467765808105469e+01
2.807249832153320312e+01
2.826763725280761719e+01
2.845998764038085938e+01
2.864945220947265625e+01
2.883597373962402344e+01
2.901951789855957031e+01
2.920003318786621094e+01
2.937748146057128906e+01
2.955182266235351562e+01
2.972300910949707031e+01
2.989100456237792969e+01
3.005575942993164062e+01
3.021723747253417969e+01
3.037539291381835938e+01
3.053018379211425781e+01
3.068156814575195312e+01
3.082950401306152344e+01
3.097394943237304688e+01
3.111486053466796875e+01
3.125219345092773438e+01
3.138591003417968750e+01
3.151596641540527344e+01
3.164232063293457031e+01
3.176492500305175781e+01
3.188374519348144531e+01
3.199873542785644531e+01
3.210985183715820312e+01
3.221704864501953125e+01
3.232029342651367188e+01
3.241953659057617188e+01
3.251473617553710938e+01
3.260585021972656250e+01
3.269284057617187500e+01
3.277565765380859375e+01
3.285426330566406250e+01
3.292861557006835938e+01
3.299867248535156250e+01
3.306438827514648438e+01
3.312572097778320312e+01
3.318263244628906250e+01
3.323507690429687500e+01
3.328300857543945312e+01
3.332639312744140625e+01
3.336518478393554688e+01
3.339933776855468750e+01
3.342881393432617188e+01
3.345356750488281250e+01
3.347355651855468750e+01
3.348874664306640625e+01
3.349908065795898438e+01
3.350453186035156250e+01
3.350504302978515625e+01
3.350058364868164062e+01
3.349111938476562500e+01
3.347669219970703125e+01
3.345735168457031250e+01
3.343315124511718750e+01
3.340414047241210938e+01
3.337037658691406250e+01
3.333190536499023438e+01
3.328878402709960938e+01
3.324106597900390625e+01
3.318880081176757812e+01
3.313204193115234375e+01
3.307084274291992188e+01
3.300525283813476562e+01
3.293532562255859375e+01
3.286111450195312500e+01
3.278267288208007812e+01
3.270004653930664062e+01
3.261330032348632812e+01
3.252247238159179688e+01
3.242762374877929688e+01
3.232880783081054688e+01
3.222607040405273438e+01
3.211947250366210938e+01
3.200905609130859375e+01
3.189488220214843750e+01
3.177699851989746094e+01
3.165546035766601562e+01
3.153031539916992188e+01
3.140162086486816406e+01
3.126942825317382812e+01
3.113378715515136719e+01
3.099475479125976562e+01
3.085237884521484375e+01
3.070671463012695312e+01
3.055781173706054688e+01
3.040572547912597656e+01
3.025050544738769531e+01
3.009220886230468750e+01
2.993088150024414062e+01
2.976657867431640625e+01
2.959935379028320312e+01
2.942926216125488281e+01
2.925634574890136719e+01
2.908066940307617188e+01
2.890227890014648438e+01
2.872122573852539062e+01
2.853756332397460938e+01
2.835134696960449219e+01
2.816262435913085938e+01
2.797145271301269531e+01
2.777788543701171875e+01
2.758200836181640625e+01
2.738390731811523438e+01
2.718367195129394531e+01
2.698138809204101562e+01
2.677714538574218750e+01
2.657102966308593750e+01
2.636313056945800781e+01
2.615353584289550781e+01
2.594233131408691406e+01
2.572960662841796875e+01
2.551544761657714844e+01
2.529994773864746094e+01
2.508318901062011719e+01
2.486525917053222656e+01
2.464625167846679688e+01
2.442624855041503906e+01
2.420534133911132812e+01
2.398361396789550781e+01
2.376115989685058594e+01
2.353806114196777344e+01
2.331441116333007812e+01
2.309029197692871094e+01
2.286579513549804688e+01
2.264100837707519531e+01
2.241602134704589844e+01
2.219091606140136719e+01
2.196578407287597656e+01
2.174071502685546875e+01
2.151579475402832031e+01
2.129110908508300781e+01
2.106674957275390625e+01
2.084280014038085938e+01
2.061935234069824219e+01
2.039649391174316406e+01
2.017431068420410156e+01
1.995289039611816406e+01
1.973232078552246094e+01
1.951269340515136719e+01
1.929409217834472656e+01
1.907660484313964844e+01
1.886032295227050781e+01
1.864533042907714844e+01
1.843171691894531250e+01
1.821956825256347656e+01
1.800897598266601562e+01
1.780002593994140625e+01
1.759280776977539062e+01
1.738740539550781250e+01
1.718390846252441406e+01
1.698240089416503906e+01
1.678292465209960938e+01
1.658552551269531250e+01
1.639024162292480469e+01
1.619711494445800781e+01
1.600618743896484375e+01
1.581749916076660156e+01
1.563109207153320312e+01
1.544700336456298828e+01
1.526527881622314453e+01
1.508595466613769531e+01
1.490907573699951172e+01
1.473468112945556641e+01
1.456281185150146484e+01
1.439350891113281250e+01
1.422681331634521484e+01
1.406276512145996094e+01
1.390140628814697266e+01
1.374277877807617188e+01
1.358691978454589844e+01
1.343387413024902344e+01
1.328368091583251953e+01
1.313638114929199219e+01
1.299201488494873047e+01
1.285062408447265625e+01
1.271224975585937500e+01
1.257693290710449219e+01
1.244471359252929688e+01
1.231563282012939453e+01
1.218973255157470703e+01
1.206705284118652344e+01
1.194763469696044922e+01
1.183151817321777344e+01
1.171874618530273438e+01
1.160935783386230469e+01
1.150339508056640625e+01
1.140089797973632812e+01
1.130190753936767578e+01
1.120646476745605469e+01
1.111461162567138672e+01
1.102638721466064453e+01
1.094183444976806641e+01
1.086099243164062500e+01
1.078390216827392578e+01
1.071060562133789062e+01
1.064114379882812500e+01
1.057555580139160156e+01
1.051388549804687500e+01
1.045617008209228516e+01
1.040245246887207031e+01
1.035276126861572266e+01
1.030707359313964844e+01
1.026535320281982422e+01
1.022756481170654297e+01
1.019367313385009766e+01
1.016364288330078125e+01
1.013743686676025391e+01
1.011502170562744141e+01
1.009636116027832031e+01
1.008141994476318359e+01
1.007016086578369141e+01
1.006255054473876953e+01
1.005855178833007812e+01
1.005813121795654297e+01
1.006125164031982422e+01
1.006787776947021484e+01
1.007797336578369141e+01
1.009150505065917969e+01
1.010843563079833984e+01
1.012873077392578125e+01
1.015235328674316406e+01
1.017926883697509766e+01
1.020944118499755859e+01
1.024283599853515625e+01
1.027941703796386719e+01
1.031914997100830078e+01
1.036199569702148438e+01
1.040792274475097656e+01
1.045689392089843750e+01
1.050887298583984375e+01
1.056382560729980469e+01
1.062171554565429688e+01
1.068250846862792969e+01
1.074616813659667969e+01
1.081265735626220703e+01
1.088194370269775391e+01
1.095398902893066406e+01
1.102875995635986328e+01
1.110621929168701172e+01
1.118633270263671875e+01
1.126906394958496094e+01
1.135437774658203125e+01
1.144223785400390625e+01
1.153260993957519531e+01
1.162545776367187500e+01
1.172074699401855469e+01
1.181844043731689453e+01
1.191850280761718750e+01
1.202089977264404297e+01
1.212559509277343750e+01
1.223254776000976562e+01
1.234169387817382812e+01
1.245296382904052734e+01
1.256628799438476562e+01
1.268159675598144531e+01
1.279882144927978516e+01
1.291789245605468750e+01
1.303874015808105469e+01
1.316129398345947266e+01
1.328548622131347656e+01
1.341124629974365234e+01
1.353850555419921875e+01
1.366719341278076172e+01
1.379724025726318359e+01
1.392857933044433594e+01
1.406113815307617188e+01
1.419484710693359375e+01
1.432963943481445312e+01
1.446544361114501953e+01
1.460219001770019531e+01
1.473980998992919922e+01
1.487823390960693359e+01
1.501739120483398438e+01
1.515721607208251953e+01
1.529763507843017578e+01
1.543857955932617188e+01
1.557997989654541016e+01
1.572176837921142578e+01
1.586387443542480469e+01
1.600622940063476562e+01
1.614875984191894531e+01
1.629140281677246094e+01
1.643408393859863281e+01
1.657673454284667969e+01
1.671928787231445312e+01
1.686166954040527344e+01
1.700381469726562500e+01
1.714565277099609375e+01
1.728711128234863281e+01
1.742812538146972656e+01
1.756862258911132812e+01
1.770853424072265625e+01
1.784778976440429688e+01
1.798632049560546875e+01
1.812405967712402344e+01
1.826093292236328125e+01
1.839687347412109375e+01
1.853181266784667969e+01
1.866567993164062500e+01
1.879840469360351562e+01
1.892992401123046875e+01
1.906019210815429688e+01
1.918917655944824219e+01
1.931683349609375000e+01
1.944312667846679688e+01
1.956801795959472656e+01
1.969147109985351562e+01
1.981344413757324219e+01
1.993389892578125000e+01
2.005280303955078125e+01
2.017011070251464844e+01
2.028578948974609375e+01
2.039979743957519531e+01
2.051210021972656250e+01
2.062265586853027344e+01
2.073142814636230469e+01
2.083837890625000000e+01
2.094346809387207031e+01
2.104665946960449219e+01
2.114791488647460938e+01
2.124719619750976562e+01
2.134446334838867188e+01
2.143968009948730469e+01
2.153280639648437500e+01
2.162380599975585938e+01
2.171263885498046875e+01
2.179926872253417969e+01
2.188365745544433594e+01
2.196576309204101562e+01
2.204555320739746094e+01
2.212298393249511719e+01
2.219802284240722656e+01
2.227062797546386719e+01
2.234076118469238281e+01
2.240838432312011719e+01
2.247346115112304688e+01
2.253595161437988281e+01
2.259581565856933594e+01
2.265302085876464844e+01
2.270752525329589844e+01
2.275929069519042969e+01
2.280827903747558594e+01
2.285445404052734375e+01
2.289777374267578125e+01
2.293820190429687500e+01
2.297570228576660156e+01
2.301023483276367188e+01
2.304176139831542969e+01
2.307024192810058594e+01
2.309564208984375000e+01
2.311793136596679688e+01
2.313711929321289062e+01
2.315323066711425781e+01
2.316628265380859375e+01
2.317629623413085938e+01
2.318329238891601562e+01
2.318729209899902344e+01
2.318831443786621094e+01
2.318638229370117188e+01
2.318151664733886719e+01
2.317373466491699219e+01
2.316306114196777344e+01
2.314951324462890625e+01
2.313311195373535156e+01
2.311388015747070312e+01
2.309183883666992188e+01
2.306700706481933594e+01
2.303940391540527344e+01
2.300905036926269531e+01
2.297597122192382812e+01
2.294018173217773438e+01
2.290170669555664062e+01
2.286056327819824219e+01
2.281677436828613281e+01
2.277036094665527344e+01
2.272134208679199219e+01
2.266973686218261719e+01
2.261557197570800781e+01
2.255886077880859375e+01
2.249963188171386719e+01
2.243789672851562500e+01
2.237368202209472656e+01
2.230700683593750000e+01
2.223789215087890625e+01
2.216635704040527344e+01
2.209242439270019531e+01
2.201611328125000000e+01
2.193744659423828125e+01
2.185644340515136719e+01
2.177312278747558594e+01
2.168750572204589844e+01
2.159961509704589844e+01
2.150946998596191406e+01
2.141709136962890625e+01
2.132250022888183594e+01
2.122571563720703125e+01
2.112676048278808594e+01
2.102565383911132812e+01
2.092241859436035156e+01
2.081707000732421875e+01
2.070964050292968750e+01
2.060017204284667969e+01
2.048872184753417969e+01
2.037533569335937500e+01
2.026007080078125000e+01
2.014297676086425781e+01
2.002410888671875000e+01
1.990351676940917969e+01
1.978125190734863281e+01
1.965737152099609375e+01
1.953191947937011719e+01
1.940495491027832031e+01
1.927652740478515625e+01
1.914669036865234375e+01
1.901549720764160156e+01
1.888299560546875000e+01
1.874924278259277344e+01
1.861428451538085938e+01
1.847818183898925781e+01
1.834097862243652344e+01
1.820273399353027344e+01
1.806349372863769531e+01
1.792331695556640625e+01
1.778224945068359375e+01
1.764034652709960938e+01
1.749766159057617188e+01
1.735424423217773438e+01
1.721014785766601562e+01
1.706542587280273438e+01
1.692012786865234375e+01
1.677430725097656250e+01
1.662801742553710938e+01
1.648130989074707031e+01
1.633423614501953125e+01
1.618684959411621094e+01
1.603920173645019531e+01
1.589134502410888672e+01
1.574333095550537109e+01
1.559521198272705078e+01
1.544704246520996094e+01
1.529887104034423828e+01
1.515075302124023438e+01
1.500273799896240234e+01
1.485488033294677734e+01
1.470723152160644531e+01
1.455984497070312500e+01
1.441277122497558594e+01
1.426606082916259766e+01
1.411977005004882812e+01
1.397395038604736328e+01
1.382864761352539062e+01
1.368390369415283203e+01
1.353974723815917969e+01
1.339621925354003906e+01
1.325335025787353516e+01
1.311117553710937500e+01
1.296972846984863281e+01
1.282904529571533203e+01
1.268915939331054688e+01
1.255010509490966797e+01
1.241191673278808594e+01
1.227462863922119141e+01
1.213827514648437500e+01
1.200289154052734375e+01
1.186851119995117188e+01
1.173516845703125000e+01
1.160289859771728516e+01
1.147173595428466797e+01
1.134171390533447266e+01
1.121286678314208984e+01
1.108523082733154297e+01
1.095883846282958984e+01
1.083372497558593750e+01
1.070992469787597656e+01
1.058747196197509766e+01
1.046640110015869141e+01
1.034674644470214844e+01
1.022854137420654297e+01
1.011182308197021484e+01
9.996623039245605469e+00
9.882976531982421875e+00
9.770919799804687500e+00
9.660484313964843750e+00
9.551706314086914062e+00
9.444619178771972656e+00
9.339258193969726562e+00
9.235656738281250000e+00
9.133850097656250000e+00
9.033872604370117188e+00
8.935758590698242188e+00
8.839541435241699219e+00
8.745257377624511719e+00
8.652938842773437500e+00
8.562621116638183594e+00
8.474338531494140625e+00
8.388126373291015625e+00
8.304018020629882812e+00
8.222046852111816406e+00
8.142250061035156250e+00
8.064658164978027344e+00
7.989302635192871094e+00
7.916178703308105469e+00
7.845278739929199219e+00
7.776592731475830078e+00
7.710113048553466797e+00
7.645828247070312500e+00
7.583732128143310547e+00
7.523813724517822266e+00
7.466064929962158203e+00
7.410476684570312500e+00
7.357038974761962891e+00
7.305744647979736328e+00
7.256582736968994141e+00
7.209545612335205078e+00
7.164623260498046875e+00
7.121806621551513672e+00
7.081087589263916016e+00
7.042457580566406250e+00
7.005905151367187500e+00
6.971423625946044922e+00
6.939003944396972656e+00
6.908635616302490234e+00
6.880310058593750000e+00
6.854019165039062500e+00
6.829752922058105469e+00
6.807503223419189453e+00
6.787259578704833984e+00
6.769013881683349609e+00
6.752758026123046875e+00
6.738481521606445312e+00
6.726175785064697266e+00
6.715832233428955078e+00
6.707441329956054688e+00
6.700994491577148438e+00
6.696482181549072266e+00
6.693895816802978516e+00
6.693225860595703125e+00
6.694464206695556641e+00
6.697600841522216797e+00
6.702627182006835938e+00
6.709534645080566406e+00
6.718313217163085938e+00
6.728954792022705078e+00
6.741449832916259766e+00
6.755789279937744141e+00
6.771964550018310547e+00
6.789966583251953125e+00
6.809785842895507812e+00
6.831413269042968750e+00
6.854840755462646484e+00
6.880053997039794922e+00
6.907021045684814453e+00
6.935705661773681641e+00
6.966070652008056641e+00
6.998080730438232422e+00
7.031698703765869141e+00
7.066888332366943359e+00
7.103611946105957031e+00
7.141834259033203125e+00
7.181519031524658203e+00
7.222629070281982422e+00
7.265127658843994141e+00
7.308978557586669922e+00
7.354145050048828125e+00
7.400591850280761719e+00
7.448280811309814453e+00
7.497176170349121094e+00
7.547241210937500000e+00
7.598439216613769531e+00
7.650733947753906250e+00
7.704090595245361328e+00
7.758469104766845703e+00
7.813835620880126953e+00
7.870152473449707031e+00
7.927384376525878906e+00
7.985493183135986328e+00
8.044444084167480469e+00
8.104199409484863281e+00
8.164722442626953125e+00
8.225976943969726562e+00
8.287927627563476562e+00
8.350536346435546875e+00
8.413767814636230469e+00
8.477583885192871094e+00
8.541950225830078125e+00
8.606828689575195312e+00
8.672183036804199219e+00
8.737977027893066406e+00
8.804174423217773438e+00
8.870738029479980469e+00
8.937631607055664062e+00
9.004818916320800781e+00
9.072263717651367188e+00
9.139928817749023438e+00
9.207777976989746094e+00
9.275774002075195312e+00
9.343882560729980469e+00
9.412064552307128906e+00
9.480284690856933594e+00
9.548506736755371094e+00
9.616694450378417969e+00
9.684819221496582031e+00
9.752853393554687500e+00
9.820767402648925781e+00
9.888534545898437500e+00
9.956125259399414062e+00
1.002351379394531250e+01
1.009066963195800781e+01
1.015756511688232422e+01
1.022417354583740234e+01
1.029046440124511719e+01
1.035641193389892578e+01
1.042198753356933594e+01
1.048716259002685547e+01
1.055190849304199219e+01
1.061619758605957031e+01
1.068000221252441406e+01
1.074329376220703125e+01
1.080604457855224609e+01
1.086822605133056641e+01
1.092981052398681641e+01
1.099076938629150391e+01
1.105107498168945312e+01
1.111069869995117188e+01
1.116961193084716797e+01
1.122778892517089844e+01
1.128519916534423828e+01
1.134181594848632812e+01
1.139760971069335938e+01
1.145255279541015625e+01
1.150661945343017578e+01
1.155977821350097656e+01
1.161200237274169922e+01
1.166326427459716797e+01
1.171353530883789062e+01
1.176278686523437500e+01
1.181099224090576172e+01
1.185812091827392578e+01
1.190414810180664062e+01
1.194904327392578125e+01
1.199277782440185547e+01
1.203532600402832031e+01
1.207665824890136719e+01
1.211674690246582031e+01
1.215556335449218750e+01
1.219307899475097656e+01
1.222926807403564453e+01
1.226409912109375000e+01
1.229754734039306641e+01
1.232958221435546875e+01
1.236018180847167969e+01
1.238934135437011719e+01
1.241706562042236328e+01
1.244335556030273438e+01
1.246821117401123047e+01
1.249163627624511719e+01
1.251363277435302734e+01
1.253420162200927734e+01
1.255334568023681641e+01
1.257106590270996094e+01
1.258736515045166016e+01
1.260224533081054688e+01
1.261570835113525391e+01
1.262775516510009766e+01
1.263838863372802734e+01
1.264761066436767578e+01
1.265542316436767578e+01
1.266182708740234375e+01
1.266682529449462891e+01
1.267041969299316406e+01
1.267261314392089844e+01
1.267340469360351562e+01
1.267280006408691406e+01
1.267079734802246094e+01
1.266740131378173828e+01
1.266261386871337891e+01
1.265643501281738281e+01
1.264886760711669922e+01
1.263991355895996094e+01
1.262957572937011719e+01
1.261785411834716797e+01
1.260475254058837891e+01
1.259027194976806641e+01
1.257441425323486328e+01
1.255718231201171875e+01
1.253857707977294922e+01
1.251860046386718750e+01
1.249725437164306641e+01
1.247454166412353516e+01
1.245046424865722656e+01
1.242502307891845703e+01
1.239821910858154297e+01
1.237005710601806641e+01
1.234053707122802734e+01
1.230966186523437500e+01
1.227743244171142578e+01
1.224385166168212891e+01
1.220892143249511719e+01
1.217264270782470703e+01
1.213501739501953125e+01
1.209605216979980469e+01
1.205576801300048828e+01
1.201418781280517578e+01
1.197133731842041016e+01
1.192723941802978516e+01
1.188191986083984375e+01
1.183540248870849609e+01
1.178771114349365234e+01
1.173887062072753906e+01
1.168890571594238281e+01
1.163783931732177734e+01
1.158569717407226562e+01
1.153250312805175781e+01
1.147828197479248047e+01
1.142305755615234375e+01
1.136685466766357422e+01
1.130969715118408203e+01
1.125160980224609375e+01
1.119261646270751953e+01
1.113274192810058594e+01
1.107201004028320312e+01
1.101044559478759766e+01
1.094807338714599609e+01
1.088491630554199219e+01
1.082100009918212891e+01
1.075634956359863281e+01
1.069098758697509766e+01
1.062493896484375000e+01
1.055822753906250000e+01
1.049087905883789062e+01
1.042291736602783203e+01
1.035436630249023438e+01
1.028524971008300781e+01
1.021559238433837891e+01
1.014542007446289062e+01
1.007475662231445312e+01
1.000362491607666016e+01
9.932049751281738281e+00
9.860056877136230469e+00
9.787669181823730469e+00
9.714911460876464844e+00
9.641809463500976562e+00
9.568384170532226562e+00
9.494663238525390625e+00
9.420669555664062500e+00
9.346427917480468750e+00
9.271962165832519531e+00
9.197296142578125000e+00
9.122455596923828125e+00
9.047464370727539062e+00
8.972346305847167969e+00
8.897124290466308594e+00
8.821818351745605469e+00
8.746453285217285156e+00
8.671050071716308594e+00
8.595629692077636719e+00
8.520215034484863281e+00
8.444827079772949219e+00
8.369489669799804688e+00
8.294223785400390625e+00
8.219051361083984375e+00
8.143995285034179688e+00
8.069075584411621094e+00
7.994315624237060547e+00
7.919736862182617188e+00
7.845361709594726562e+00
7.771212577819824219e+00
7.697311401367187500e+00
7.623678684234619141e+00
7.550338268280029297e+00
7.477311134338378906e+00
7.404619216918945312e+00
7.332285404205322266e+00
7.260330677032470703e+00
7.188777446746826172e+00
7.117647647857666016e+00
7.046964645385742188e+00
6.976747989654541016e+00
6.907021045684814453e+00
6.837804794311523438e+00
6.769123077392578125e+00
6.700996875762939453e+00
6.633447647094726562e+00
6.566498279571533203e+00
6.500170230865478516e+00
6.434485912322998047e+00
6.369466781616210938e+00
6.305135250091552734e+00
6.241513729095458984e+00
6.178622722625732422e+00
6.116486072540283203e+00
6.055124282836914062e+00
5.994560241699218750e+00
5.934815883636474609e+00
5.875912666320800781e+00
5.817873001098632812e+00
5.760719299316406250e+00
5.704472541809082031e+00
5.649155139923095703e+00
5.594789505004882812e+00
5.541393756866455078e+00
5.488973617553710938e+00
5.437530040740966797e+00
5.387065410614013672e+00
5.337581157684326172e+00
5.289079189300537109e+00
5.241561412811279297e+00
5.195029258728027344e+00
5.149484634399414062e+00
5.104928970336914062e+00
5.061364650726318359e+00
5.018792629241943359e+00
4.977215766906738281e+00
4.936634540557861328e+00
4.897051811218261719e+00
4.858469009399414062e+00
4.820887088775634766e+00
4.784309387207031250e+00
4.748735904693603516e+00
4.714169502258300781e+00
4.680612087249755859e+00
4.648064613342285156e+00
4.616528987884521484e+00
4.586007118225097656e+00
4.556501388549804688e+00
4.528012752532958984e+00
4.500543117523193359e+00
4.474093914031982422e+00
4.448668003082275391e+00
4.424266338348388672e+00
4.400890827178955078e+00
4.378542900085449219e+00
4.357224464416503906e+00
4.336937904357910156e+00
4.317684173583984375e+00
4.299465179443359375e+00
4.282282829284667969e+00
4.266139030456542969e+00
4.251035213470458984e+00
4.236973285675048828e+00
4.223955154418945312e+00
4.211982250213623047e+00
4.201056957244873047e+00
4.191179752349853516e+00
4.182353496551513672e+00
4.174580097198486328e+00
4.167860507965087891e+00
4.162197113037109375e+00
4.157591342926025391e+00
4.154044628143310547e+00
4.151556968688964844e+00
4.150114536285400391e+00
4.149701118469238281e+00
4.150301933288574219e+00
4.151900768280029297e+00
4.154481887817382812e+00
4.158029556274414062e+00
4.162528038024902344e+00
4.167961597442626953e+00
4.174314022064208984e+00
4.181570529937744141e+00
4.189714431762695312e+00
4.198729991912841797e+00
4.208601474761962891e+00
4.219313621520996094e+00
4.230850219726562500e+00
4.243195533752441406e+00
4.256334304809570312e+00
4.270249366760253906e+00
4.284926414489746094e+00
4.300349235534667969e+00
4.316502094268798828e+00
4.333368778228759766e+00
4.350933551788330078e+00
4.369181156158447266e+00
4.388095855712890625e+00
4.407660961151123047e+00
4.427861690521240234e+00
4.448681831359863281e+00
4.470105648040771484e+00
4.492117404937744141e+00
4.514700889587402344e+00
4.537841320037841797e+00
4.561522006988525391e+00
4.585727214813232422e+00
4.610442161560058594e+00
4.635649681091308594e+00
4.661334991455078125e+00
4.687481880187988281e+00
4.714074611663818359e+00
4.741097927093505859e+00
4.768534660339355469e+00
4.796370983123779297e+00
4.824589729309082031e+00
4.853175640106201172e+00
4.882112503051757812e+00
4.911385059356689453e+00
4.940977096557617188e+00
4.970873355865478516e+00
5.001057624816894531e+00
5.031514167785644531e+00
5.062226295471191406e+00
5.093177795410156250e+00
5.124350547790527344e+00
5.155729770660400391e+00
5.187296867370605469e+00
5.219037055969238281e+00
5.250931739807128906e+00
5.282965183258056641e+00
5.315120697021484375e+00
5.347381114959716797e+00
5.379730224609375000e+00
5.412150859832763672e+00
5.444626331329345703e+00
5.477140426635742188e+00
5.509675979614257812e+00
5.542216300964355469e+00
5.574744701385498047e+00
5.607244491577148438e+00
5.639698982238769531e+00
5.672091484069824219e+00
5.704404830932617188e+00
5.736622810363769531e+00
5.768728256225585938e+00
5.800705432891845703e+00
5.832536220550537109e+00
5.864205360412597656e+00
5.895694732666015625e+00
5.926988601684570312e+00
5.958069801330566406e+00
5.988922119140625000e+00
6.019527912139892578e+00
6.049870967864990234e+00
6.079934597015380859e+00
6.109702110290527344e+00
6.139156341552734375e+00
6.168281555175781250e+00
6.197060108184814453e+00
6.225475788116455078e+00
6.253511428833007812e+00
6.281150817871093750e+00
6.308376789093017578e+00
6.335172653198242188e+00
6.361521720886230469e+00
6.387407779693603516e+00
6.412813663482666016e+00
6.437722682952880859e+00
6.462118148803710938e+00
6.485982894897460938e+00
6.509301185607910156e+00
6.532057762145996094e+00
6.554246425628662109e+00
6.575863838195800781e+00
6.596905708312988281e+00
6.617368221282958984e+00
6.637248039245605469e+00
6.656540393829345703e+00
6.675242424011230469e+00
6.693349361419677734e+00
6.710857391357421875e+00
6.727763652801513672e+00
6.744062900543212891e+00
6.759751796722412109e+00
6.774827003479003906e+00
6.789284229278564453e+00
6.803119182586669922e+00
6.816328525543212891e+00
6.828908443450927734e+00
6.840854167938232422e+00
6.852162837982177734e+00
6.862830638885498047e+00
6.872852802276611328e+00
6.882225990295410156e+00
6.890946865081787109e+00
6.899010181427001953e+00
6.906412601470947266e+00
6.913151264190673828e+00
6.919221401214599609e+00
6.924618721008300781e+00
6.929339885711669922e+00
6.933381080627441406e+00
6.936739444732666016e+00
6.939408302307128906e+00
6.941386222839355469e+00
6.942668914794921875e+00
6.943251609802246094e+00
6.943131446838378906e+00
6.942304134368896484e+00
6.940765380859375000e+00
6.938511848449707031e+00
6.935539722442626953e+00
6.931843757629394531e+00
6.927422523498535156e+00
6.922269821166992188e+00
6.916383743286132812e+00
6.909759521484375000e+00
6.902392387390136719e+00
6.894279956817626953e+00
6.885416507720947266e+00
6.875800609588623047e+00
6.865429401397705078e+00
6.854309082031250000e+00
6.842450141906738281e+00
6.829862594604492188e+00
6.816554069519042969e+00
6.802535057067871094e+00
6.787815570831298828e+00
6.772404193878173828e+00
6.756309986114501953e+00
6.739543437957763672e+00
6.722113132476806641e+00
6.704028129577636719e+00
6.685298919677734375e+00
6.665934085845947266e+00
6.645943641662597656e+00
6.625336170196533203e+00
6.604121685028076172e+00
6.582309722900390625e+00
6.559909343719482422e+00
6.536930084228515625e+00
6.513381004333496094e+00
6.489271640777587891e+00
6.464612483978271484e+00
6.439411163330078125e+00
6.413678169250488281e+00
6.387423038482666016e+00
6.360653877258300781e+00
6.333381652832031250e+00
6.305614948272705078e+00
6.277363300323486328e+00
6.248636722564697266e+00
6.219443321228027344e+00
6.189794063568115234e+00
6.159697055816650391e+00
6.129161834716796875e+00
6.098198413848876953e+00
6.066815853118896484e+00
6.035024166107177734e+00
6.002831459045410156e+00
5.970248222351074219e+00
5.937283515930175781e+00
5.903946876525878906e+00
5.870247364044189453e+00
5.836194992065429688e+00
5.801798343658447266e+00
5.767067432403564453e+00
5.732011318206787109e+00
5.696640014648437500e+00
5.660962104797363281e+00
5.624987602233886719e+00
5.588726043701171875e+00
5.552188873291015625e+00
5.515388488769531250e+00
5.478337764739990234e+00
5.441047668457031250e+00
5.403531074523925781e+00
5.365799427032470703e+00
5.327865600585937500e+00
5.289741039276123047e+00
5.251438617706298828e+00
5.212969779968261719e+00
5.174347400665283203e+00
5.135582923889160156e+00
5.096688270568847656e+00
5.057676315307617188e+00
5.018558979034423828e+00
4.979348182678222656e+00
4.940056324005126953e+00
4.900695323944091797e+00
4.861277103424072266e+00
4.821814537048339844e+00
4.782319068908691406e+00
4.742802619934082031e+00
4.703278064727783203e+00
4.663757324218750000e+00
4.624252319335937500e+00
4.584775447845458984e+00
4.545338153839111328e+00
4.505953788757324219e+00
4.466633319854736328e+00
4.427388668060302734e+00
4.388233661651611328e+00
4.349178791046142578e+00
4.310236930847167969e+00
4.271420001983642578e+00
4.232740402221679688e+00
4.194210052490234375e+00
4.155840873718261719e+00
4.117645263671875000e+00
4.079635143280029297e+00
4.041822910308837891e+00
4.004220485687255859e+00
3.966840744018554688e+00
3.929694414138793945e+00
3.892794609069824219e+00
3.856153011322021484e+00
3.819782018661499023e+00
3.783694028854370117e+00
3.747900485992431641e+00
3.712414264678955078e+00
3.677245378494262695e+00
3.642400503158569336e+00
3.607883930206298828e+00
3.573700904846191406e+00
3.539855718612670898e+00
3.506353139877319336e+00
3.473197698593139648e+00
3.440394639968872070e+00
3.407948255538940430e+00
3.375863552093505859e+00
3.344145059585571289e+00
3.312797307968139648e+00
3.281825542449951172e+00
3.251234054565429688e+00
3.221027612686157227e+00
3.191211223602294922e+00
3.161789417266845703e+00
3.132766723632812500e+00
3.104147911071777344e+00
3.075937986373901367e+00
3.048141479492187500e+00
3.020763158798217773e+00
2.993807792663574219e+00
2.967279911041259766e+00
2.941184520721435547e+00
2.915525913238525391e+00
2.890309095382690430e+00
2.865538835525512695e+00
2.841219663619995117e+00
2.817356586456298828e+00
2.793954133987426758e+00
2.771016836166381836e+00
2.748549938201904297e+00
2.726557493209838867e+00
2.705044746398925781e+00
2.684016227722167969e+00
2.663476467132568359e+00
2.643430471420288086e+00
2.623883008956909180e+00
2.604838609695434570e+00
2.586301803588867188e+00
2.568277835845947266e+00
2.550770998001098633e+00
2.533786296844482422e+00
2.517328023910522461e+00
2.501401185989379883e+00
2.486010789871215820e+00
2.471160888671875000e+00
2.456856727600097656e+00
2.443102598190307617e+00
2.429902315139770508e+00
2.417250871658325195e+00
2.405142545700073242e+00
2.393572330474853516e+00
2.382533311843872070e+00
2.372020244598388672e+00
2.362027406692504883e+00
2.352548837661743164e+00
2.343578338623046875e+00
2.335110664367675781e+00
2.327139616012573242e+00
2.319659471511840820e+00
2.312664270401000977e+00
2.306148290634155273e+00
2.300106048583984375e+00
2.294531106948852539e+00
2.289417982101440430e+00
2.284760713577270508e+00
2.280553579330444336e+00
2.276790857315063477e+00
2.273466587066650391e+00
2.270574808120727539e+00
2.268109798431396484e+00
2.266065597534179688e+00
2.264436721801757812e+00
2.263216972351074219e+00
2.262400865554809570e+00
2.261982202529907227e+00
2.261955499649047852e+00
2.262314796447753906e+00
2.263054370880126953e+00
2.264168024063110352e+00
2.265650272369384766e+00
2.267494916915893555e+00
2.269696712493896484e+00
2.272249221801757812e+00
2.275147199630737305e+00
2.278384447097778320e+00
2.281955242156982422e+00
2.285853385925292969e+00
2.290073871612548828e+00
2.294610023498535156e+00
2.299456596374511719e+00
2.304607391357421875e+00
2.310056924819946289e+00
2.315798997879028320e+00
2.321827888488769531e+00
2.328138113021850586e+00
2.334723234176635742e+00
2.341578006744384766e+00
2.348696470260620117e+00
2.356072902679443359e+00
2.363702535629272461e+00
2.371580123901367188e+00
2.379699945449829102e+00
2.388057231903076172e+00
2.396646022796630859e+00
2.405461788177490234e+00
2.414499044418334961e+00
2.423752307891845703e+00
2.433216333389282227e+00
2.442886114120483398e+00
2.452756166458129883e+00
2.462821245193481445e+00
2.473075866699218750e+00
2.483515262603759766e+00
2.494133710861206055e+00
2.504926204681396484e+00
2.515887498855590820e+00
2.527012109756469727e+00
2.538294792175292969e+00
2.549730539321899414e+00
2.561313629150390625e+00
2.573039293289184570e+00
2.584901571273803711e+00
2.596895933151245117e+00
2.609016895294189453e+00
2.621258974075317383e+00
2.633617162704467773e+00
2.646086215972900391e+00
2.658660173416137695e+00
2.671334505081176758e+00
2.684103727340698242e+00
2.696962594985961914e+00
2.709905862808227539e+00
2.722928285598754883e+00
2.736024379730224609e+00
2.749188899993896484e+00
2.762416839599609375e+00
2.775702714920043945e+00
2.789041280746459961e+00
2.802427291870117188e+00
2.815855503082275391e+00
2.829320669174194336e+00
2.842817306518554688e+00
2.856340408325195312e+00
2.869884490966796875e+00
2.883444547653198242e+00
2.897015094757080078e+00
2.910590648651123047e+00
