# te
3.310580253601074219e+00
4.064396858215332031e+00
4.111378192901611328e+00
3.753386974334716797e+00
3.218185901641845703e+00
2.648378133773803711e+00
2.128356456756591797e+00
1.698498368263244629e+00
1.377466082572937012e+00
1.168846607208251953e+00
1.065632104873657227e+00
1.040069699287414551e+00
1.062372326850891113e+00
1.114673256874084473e+00
1.182804465293884277e+00
1.255467534065246582e+00
1.323254466056823730e+00
1.381449341773986816e+00
1.428508281707763672e+00
1.470886468887329102e+00
1.515542149543762207e+00
1.563448190689086914e+00
1.614423513412475586e+00
1.669654011726379395e+00
1.729606509208679199e+00
1.790502190589904785e+00
1.847891449928283691e+00
1.898888707160949707e+00
1.941163420677185059e+00
1.973043203353881836e+00
1.992920756340026855e+00
1.998790144920349121e+00
1.990024566650390625e+00
1.971912860870361328e+00
1.949282646179199219e+00
1.919198870658874512e+00
1.877915143966674805e+00
1.826201915740966797e+00
1.765958666801452637e+00
1.698415398597717285e+00
1.622122645378112793e+00
1.534960985183715820e+00
1.434811115264892578e+00
1.319553494453430176e+00
1.187664270401000977e+00
1.040001153945922852e+00
8.780176639556884766e-01
7.031667232513427734e-01
5.169016718864440918e-01
3.202675282955169678e-01
1.126766130328178406e-01
-1.068670228123664856e-01
-3.393592834472656250e-01
-5.857960581779479980e-01
-8.469859361648559570e-01
-1.122987389564514160e+00
-1.413671851158142090e+00
-1.718910455703735352e+00
-2.038574695587158203e+00
-2.372520923614501953e+00
-2.720548868179321289e+00
-3.082442760467529297e+00
-3.457987546920776367e+00
-3.846967697143554688e+00
-4.249136924743652344e+00
-4.664121150970458984e+00
-5.091516494750976562e+00
-5.530917167663574219e+00
-5.981918334960937500e+00
-6.444243431091308594e+00
-6.918128013610839844e+00
-7.403936862945556641e+00
-7.902034282684326172e+00
-8.412782669067382812e+00
-8.936370849609375000e+00
-9.472286224365234375e+00
-1.001983737945556641e+01
-1.057833480834960938e+01
-1.114708805084228516e+01
-1.172544193267822266e+01
-1.231286621093750000e+01
-1.290886878967285156e+01
-1.351295566558837891e+01
-1.412463188171386719e+01
-1.474344158172607422e+01
-1.536909866333007812e+01
-1.600135231018066406e+01
-1.663995170593261719e+01
-1.728464889526367188e+01
-1.793514633178710938e+01
-1.859096717834472656e+01
-1.925158691406250000e+01
-1.991648101806640625e+01
-2.058512496948242188e+01
-2.125699424743652344e+01
-2.193156623840332031e+01
-2.260831451416015625e+01
-2.328671455383300781e+01
-2.396624183654785156e+01
-2.464637374877929688e+01
-2.532658576965332031e+01
-2.600635147094726562e+01
-2.668514823913574219e+01
-2.736244964599609375e+01
-2.803773689270019531e+01
-2.871047782897949219e+01
-2.938015365600585938e+01
-3.004623603820800781e+01
-3.070820426940917969e+01
-3.136552047729492188e+01
-3.201760864257812500e+01
-3.266387557983398438e+01
-3.330373764038085938e+01
-3.393660354614257812e+01
-3.456188201904296875e+01
-3.517898559570312500e+01
-3.578732681274414062e+01
-3.638631057739257812e+01
-3.697535324096679688e+01
-3.755386734008789062e+01
-3.812125778198242188e+01
-3.867693328857421875e+01
-3.922031784057617188e+01
-3.975081253051757812e+01
-4.026782226562500000e+01
-4.077077484130859375e+01
-4.125906753540039062e+01
-4.173211288452148438e+01
-4.218932723999023438e+01
-4.263013839721679688e+01
-4.305407714843750000e+01
-4.346068191528320312e+01
-4.384949874877929688e+01
-4.422008514404296875e+01
-4.457197570800781250e+01
-4.490472412109375000e+01
-4.521787261962890625e+01
-4.551096725463867188e+01
-4.578355789184570312e+01
-4.603518676757812500e+01
-4.626540756225585938e+01
-4.647375869750976562e+01
-4.665979003906250000e+01
-4.682304763793945312e+01
-4.696307754516601562e+01
-4.707942962646484375e+01
-4.717164230346679688e+01
-4.723927307128906250e+01
-4.728185653686523438e+01
-4.729899978637695312e+01
-4.729050445556640625e+01
-4.725622940063476562e+01
-4.719604110717773438e+01
-4.710979080200195312e+01
-4.699733734130859375e+01
-4.685853958129882812e+01
-4.669326019287109375e+01
-4.650135040283203125e+01
-4.628268051147460938e+01
-4.603710174560546875e+01
-4.576447296142578125e+01
-4.546465301513671875e+01
-4.513750076293945312e+01
-4.478287506103515625e+01
-4.440063858032226562e+01
-4.399064254760742188e+01
-4.355274963378906250e+01
-4.308682250976562500e+01
-4.259271240234375000e+01
-4.207028961181640625e+01
-4.151939773559570312e+01
-4.093990325927734375e+01
-4.033166503906250000e+01
-3.969454193115234375e+01
-3.902844619750976562e+01
-3.833349990844726562e+01
-3.760987854003906250e+01
-3.685775375366210938e+01
-3.607730865478515625e+01
-3.526871871948242188e+01
-3.443215179443359375e+01
-3.356779479980468750e+01
-3.267581558227539062e+01
-3.175639533996582031e+01
-3.080970764160156250e+01
-2.983592796325683594e+01
-2.883522987365722656e+01
-2.780779647827148438e+01
-2.675379562377929688e+01
-2.567340660095214844e+01
-2.456680679321289062e+01
-2.343417167663574219e+01
-2.227567481994628906e+01
-2.109149551391601562e+01
-1.988180541992187500e+01
-1.864678573608398438e+01
-1.738660812377929688e+01
-1.610144996643066406e+01
-1.479148769378662109e+01
-1.345698642730712891e+01
-1.209856605529785156e+01
-1.071693897247314453e+01
-9.312814712524414062e+00
-7.886903762817382812e+00
-6.439916610717773438e+00
-4.972564697265625000e+00
-3.485558032989501953e+00
-1.979606866836547852e+00
-4.554223716259002686e-01
1.086285233497619629e+00
2.644805192947387695e+00
4.219427108764648438e+00
5.809440135955810547e+00
7.414134502410888672e+00
9.032798767089843750e+00
1.066472244262695312e+01
1.230919551849365234e+01
1.396550655364990234e+01
1.563294696807861328e+01
1.731080436706542969e+01
1.899836730957031250e+01
2.069492721557617188e+01
2.239977264404296875e+01
2.411219215393066406e+01
2.583147811889648438e+01
2.755691909790039062e+01
2.928779983520507812e+01
3.102341461181640625e+01
3.276305389404296875e+01
3.450600051879882812e+01
3.625155639648437500e+01
3.799899673461914062e+01
3.974761581420898438e+01
4.149671173095703125e+01
4.324555969238281250e+01
4.499345779418945312e+01
4.673969650268554688e+01
4.848355865478515625e+01
5.022433853149414062e+01
5.196132278442382812e+01
5.369380569458007812e+01
5.542107391357421875e+01
5.714241409301757812e+01
5.885711669921875000e+01
6.056447219848632812e+01
6.226377868652343750e+01
6.395431137084960938e+01
6.563536834716796875e+01
6.730622863769531250e+01
6.896620941162109375e+01
7.061466979980468750e+01
7.225097656250000000e+01
7.387449645996093750e+01
7.548462677001953125e+01
7.708072662353515625e+01
7.866217041015625000e+01
8.022833251953125000e+01
8.177859497070312500e+01
8.331232452392578125e+01
8.482889556884765625e+01
8.632769012451171875e+01
8.780807495117187500e+01
8.926942443847656250e+01
9.071112060546875000e+01
9.213253021240234375e+01
9.353302764892578125e+01
9.491199493408203125e+01
9.626879119873046875e+01
9.760281372070312500e+01
9.891341400146484375e+01
1.001999816894531250e+02
1.014618835449218750e+02
1.026984863281250000e+02
1.039091873168945312e+02
1.050933380126953125e+02
1.062503280639648438e+02
1.073795318603515625e+02
1.084803009033203125e+02
1.095520401000976562e+02
1.105941009521484375e+02
1.116058807373046875e+02
1.125867233276367188e+02
1.135360336303710938e+02
1.144531631469726562e+02
1.153375015258789062e+02
1.161884155273437500e+02
1.170052795410156250e+02
1.177874679565429688e+02
1.185343551635742188e+02
1.192453155517578125e+02
1.199197311401367188e+02
1.205569610595703125e+02
1.211564025878906250e+02
1.217174072265625000e+02
1.222393569946289062e+02
1.227216339111328125e+02
1.231635971069335938e+02
1.235646286010742188e+02
1.239241104125976562e+02
1.242415466308593750e+02
1.245170211791992188e+02
1.247507629394531250e+02
1.249429779052734375e+02
1.250939025878906250e+02
1.252037582397460938e+02
1.252727508544921875e+02
1.253011245727539062e+02
1.252890853881835938e+02
1.252368621826171875e+02
1.251446685791015625e+02
1.250127334594726562e+02
1.248412857055664062e+02
1.246305313110351562e+02
1.243806915283203125e+02
1.240919952392578125e+02
1.237646713256835938e+02
1.233989334106445312e+02
1.229949951171875000e+02
1.225530929565429688e+02
1.220734481811523438e+02
1.215562820434570312e+02
1.210017929077148438e+02
1.204102249145507812e+02
1.197818069458007812e+02
1.191167449951171875e+02
1.184152603149414062e+02
1.176775894165039062e+02
1.169039306640625000e+02
1.160945205688476562e+02
1.152495880126953125e+02
1.143693466186523438e+02
1.134540100097656250e+02
1.125038146972656250e+02
1.115189590454101562e+02
1.104997024536132812e+02
1.094462280273437500e+02
1.083587799072265625e+02
1.072375793457031250e+02
1.060828399658203125e+02
1.048947830200195312e+02
1.036736373901367188e+02
1.024196166992187500e+02
1.011329498291015625e+02
9.981385803222656250e+01
9.846255493164062500e+01
9.707927703857421875e+01
9.566423034667968750e+01
9.421764373779296875e+01
9.273973846435546875e+01
9.123084259033203125e+01
8.969171142578125000e+01
8.812320709228515625e+01
8.652619171142578125e+01
8.490151977539062500e+01
8.325006866455078125e+01
8.157267761230468750e+01
7.987021636962890625e+01
7.814356231689453125e+01
7.639356231689453125e+01
7.462107849121093750e+01
7.282696533203125000e+01
7.101210021972656250e+01
6.917733764648437500e+01
6.732353210449218750e+01
6.545155334472656250e+01
6.356226730346679688e+01
6.165652465820312500e+01
5.973519515991210938e+01
5.779912948608398438e+01
5.584920120239257812e+01
5.388626480102539062e+01
5.191118240356445312e+01
4.992481613159179688e+01
4.792802810668945312e+01
4.592168045043945312e+01
4.390663146972656250e+01
4.188374710083007812e+01
3.985388565063476562e+01
3.781790924072265625e+01
3.577667999267578125e+01
3.373106002807617188e+01
3.168190765380859375e+01
2.963008880615234375e+01
2.757646179199218750e+01
2.552188682556152344e+01
2.346722793579101562e+01
2.141334724426269531e+01
1.936110305786132812e+01
1.731135940551757812e+01
1.526497936248779297e+01
1.322282028198242188e+01
1.118574428558349609e+01
9.154615402221679688e+00
7.130292892456054688e+00
5.113639354705810547e+00
3.105515718460083008e+00
1.106783509254455566e+00
-8.816955685615539551e-01
-2.859060287475585938e+00
-4.824496269226074219e+00
-6.777377128601074219e+00
-8.717124938964843750e+00
-1.064315986633300781e+01
-1.255490303039550781e+01
-1.445177555084228516e+01
-1.633320045471191406e+01
-1.819859504699707031e+01
-2.004738426208496094e+01
-2.187898635864257812e+01
-2.369282531738281250e+01
-2.548832130432128906e+01
-2.726489257812500000e+01
-2.902196121215820312e+01
-3.075895118713378906e+01
-3.247528076171875000e+01
-3.417037582397460938e+01
-3.584365081787109375e+01
-3.749452972412109375e+01
-3.912243652343750000e+01
-4.072678375244140625e+01
-4.230700302124023438e+01
-4.386251068115234375e+01
-4.539272689819335938e+01
-4.689707183837890625e+01
-4.837497329711914062e+01
-4.982584381103515625e+01
-5.124911117553710938e+01
-5.264419174194335938e+01
-5.401050949096679688e+01
-5.534748458862304688e+01
-5.665454101562500000e+01
-5.793108749389648438e+01
-5.917656326293945312e+01
-6.039038085937500000e+01
-6.157195663452148438e+01
-6.272072219848632812e+01
-6.383608627319335938e+01
-6.491748046875000000e+01
-6.596431732177734375e+01
-6.697602844238281250e+01
-6.795203399658203125e+01
-6.889173889160156250e+01
-6.979457855224609375e+01
-7.065997314453125000e+01
-7.148734283447265625e+01
-7.227610015869140625e+01
-7.302568054199218750e+01
-7.373549652099609375e+01
-7.440497589111328125e+01
-7.503367614746093750e+01
-7.562177276611328125e+01
-7.616956329345703125e+01
-7.667736816406250000e+01
-7.714548492431640625e+01
-7.757424926757812500e+01
-7.796394348144531250e+01
-7.831489562988281250e+01
-7.862741088867187500e+01
-7.890180206298828125e+01
-7.913837432861328125e+01
-7.933744049072265625e+01
-7.949931335449218750e+01
-7.962430572509765625e+01
-7.971271514892578125e+01
-7.976486968994140625e+01
-7.978106689453125000e+01
-7.976161956787109375e+01
-7.970684814453125000e+01
-7.961705017089843750e+01
-7.949253845214843750e+01
-7.933362579345703125e+01
-7.914062500000000000e+01
-7.891384124755859375e+01
-7.865359497070312500e+01
-7.836018371582031250e+01
-7.803392791748046875e+01
-7.767513275146484375e+01
-7.728411102294921875e+01
-7.686116790771484375e+01
-7.640662384033203125e+01
-7.592077636718750000e+01
-7.540394592285156250e+01
-7.485644531250000000e+01
-7.427857971191406250e+01
-7.367065429687500000e+01
-7.303298950195312500e+01
-7.236589050292968750e+01
-7.166966247558593750e+01
-7.094462585449218750e+01
-7.019109344482421875e+01
-6.940936279296875000e+01
-6.859975433349609375e+01
-6.776257324218750000e+01
-6.689813232421875000e+01
-6.600674438476562500e+01
-6.508870697021484375e+01
-6.414435577392578125e+01
-6.317398071289062500e+01
-6.217789077758789062e+01
-6.115650177001953125e+01
-6.011055374145507812e+01
-5.904087829589843750e+01
-5.794832992553710938e+01
-5.683373641967773438e+01
-5.569794464111328125e+01
-5.454179000854492188e+01
-5.336611175537109375e+01
-5.217174911499023438e+01
-5.095954513549804688e+01
-4.973033142089843750e+01
-4.848495101928710938e+01
-4.722424697875976562e+01
-4.594905471801757812e+01
-4.466020965576171875e+01
-4.335855484008789062e+01
-4.204493331909179688e+01
-4.072017669677734375e+01
-3.938513183593750000e+01
-3.804063415527343750e+01
-3.668751525878906250e+01
-3.532662582397460938e+01
-3.395880126953125000e+01
-3.258488464355468750e+01
-3.120570564270019531e+01
-2.982210922241210938e+01
-2.843493461608886719e+01
-2.704501914978027344e+01
-2.565320396423339844e+01
-2.426032638549804688e+01
-2.286722755432128906e+01
-2.147474670410156250e+01
-2.008371925354003906e+01
-1.869498825073242188e+01
-1.730939292907714844e+01
-1.592776966094970703e+01
-1.455095958709716797e+01
-1.317980289459228516e+01
-1.181513595581054688e+01
-1.045779991149902344e+01
-9.108632087707519531e+00
-7.768475055694580078e+00
-6.438164234161376953e+00
-5.118540763854980469e+00
-3.810443401336669922e+00
-2.514711618423461914e+00
-1.232184290885925293e+00
3.629951179027557373e-02
1.289900422096252441e+00
2.527779340744018555e+00
3.749161005020141602e+00
4.953526496887207031e+00
6.140421390533447266e+00
7.309390068054199219e+00
8.459978103637695312e+00
9.591730117797851562e+00
1.070419216156005859e+01
1.179690837860107422e+01
1.286942481994628906e+01
1.392128467559814453e+01
1.495203495025634766e+01
1.596121978759765625e+01
1.694838523864746094e+01
1.791307640075683594e+01
1.885483551025390625e+01
1.977321243286132812e+01
2.066774940490722656e+01
2.153799057006835938e+01
2.238348388671875000e+01
2.320377159118652344e+01
2.399839973449707031e+01
2.476691627502441406e+01
2.550886154174804688e+01
2.622378349304199219e+01
2.691122627258300781e+01
2.757073593139648438e+01
2.820185852050781250e+01
2.880413436889648438e+01
2.937711524963378906e+01
2.992034149169921875e+01
3.043335723876953125e+01
3.091571235656738281e+01
3.136694908142089844e+01
3.178661155700683594e+01
3.217424774169921875e+01
3.252939987182617188e+01
3.285161590576171875e+01
3.314044189453125000e+01
3.339541625976562500e+01
3.361608886718750000e+01
3.380200576782226562e+01
3.395270919799804688e+01
3.406774902343750000e+01
3.414666366577148438e+01
3.418899917602539062e+01
3.419430541992187500e+01
3.416212844848632812e+01
3.409200286865234375e+01
3.398348999023437500e+01
3.383612060546875000e+01
3.364958572387695312e+01
3.342415237426757812e+01
3.316021347045898438e+01
3.285818099975585938e+01
3.251845550537109375e+01
3.214143371582031250e+01
3.172752380371093750e+01
3.127712821960449219e+01
3.079065132141113281e+01
3.026849174499511719e+01
2.971105766296386719e+01
2.911874580383300781e+01
2.849196434020996094e+01
2.783111190795898438e+01
2.713659477233886719e+01
2.640881347656250000e+01
2.564817428588867188e+01
2.485507583618164062e+01
2.402992248535156250e+01
2.317311859130859375e+01
2.228506660461425781e+01
2.136616897583007812e+01
2.041682815551757812e+01
1.943744659423828125e+01
1.842842674255371094e+01
1.739017486572265625e+01
1.632308959960937500e+01
1.522757720947265625e+01
1.410403919219970703e+01
1.295287704467773438e+01
1.177449512481689453e+01
1.056929683685302734e+01
9.337683677673339844e+00
8.080060005187988281e+00
6.796826839447021484e+00
5.488389015197753906e+00
4.155148029327392578e+00
2.797507286071777344e+00
1.415869474411010742e+00
1.063750963658094406e-02
-1.417785644531250000e+00
-2.868997097015380859e+00
-4.342594146728515625e+00
-5.838173866271972656e+00
-7.355332851409912109e+00
-8.893668174743652344e+00
-1.045277881622314453e+01
-1.203225994110107422e+01
-1.363171005249023438e+01
-1.525072479248046875e+01
-1.688883018493652344e+01
-1.854527091979980469e+01
-2.021921348571777344e+01
-2.190983200073242188e+01
-2.361629676818847656e+01
-2.533777618408203125e+01
-2.707344245910644531e+01
-2.882246780395507812e+01
-3.058402252197265625e+01
-3.235727310180664062e+01
-3.414139556884765625e+01
-3.593556213378906250e+01
-3.773893356323242188e+01
-3.955069351196289062e+01
-4.137000656127929688e+01
-4.319604110717773438e+01
-4.502796936035156250e+01
-4.686496353149414062e+01
-4.870619583129882812e+01
-5.055083084106445312e+01
-5.239804840087890625e+01
-5.424701690673828125e+01
-5.609689712524414062e+01
-5.794687271118164062e+01
-5.979610443115234375e+01
-6.164377212524414062e+01
-6.348904037475585938e+01
-6.533107757568359375e+01
-6.716905975341796875e+01
-6.900215911865234375e+01
-7.082955169677734375e+01
-7.265039062500000000e+01
-7.446385955810546875e+01
-7.626911926269531250e+01
-7.806535339355468750e+01
-7.985173034667968750e+01
-8.162741088867187500e+01
-8.339157867431640625e+01
-8.514339447021484375e+01
-8.688202667236328125e+01
-8.860665130615234375e+01
-9.031645202636718750e+01
-9.201057434082031250e+01
-9.368820953369140625e+01
-9.534851837158203125e+01
-9.699067687988281250e+01
-9.861385345458984375e+01
-1.002172164916992188e+02
-1.017999343872070312e+02
-1.033611831665039062e+02
-1.049001998901367188e+02
-1.064165115356445312e+02
-1.079096984863281250e+02
-1.093793563842773438e+02
-1.108250579833984375e+02
-1.122464065551757812e+02
-1.136429824829101562e+02
-1.150143814086914062e+02
-1.163601760864257812e+02
-1.176799697875976562e+02
-1.189733428955078125e+02
-1.202398834228515625e+02
-1.214791946411132812e+02
-1.226908493041992188e+02
-1.238744354248046875e+02
-1.250295562744140625e+02
-1.261557769775390625e+02
-1.272527084350585938e+02
-1.283199005126953125e+02
-1.293570098876953125e+02
-1.303635559082031250e+02
-1.313391571044921875e+02
-1.322834014892578125e+02
-1.331958770751953125e+02
-1.340761718750000000e+02
-1.349238586425781250e+02
-1.357385559082031250e+02
-1.365198211669921875e+02
-1.372672576904296875e+02
-1.379804687500000000e+02
-1.386590118408203125e+02
-1.393024902343750000e+02
-1.399105072021484375e+02
-1.404826202392578125e+02
-1.410184173583984375e+02
-1.415175170898437500e+02
-1.419795074462890625e+02
-1.424039459228515625e+02
-1.427904357910156250e+02
-1.431385650634765625e+02
-1.434479217529296875e+02
-1.437181091308593750e+02
-1.439486846923828125e+02
-1.441392669677734375e+02
-1.442894134521484375e+02
-1.443987426757812500e+02
-1.444668121337890625e+02
-1.444932403564453125e+02
-1.444776153564453125e+02
-1.444194793701171875e+02
-1.443186187744140625e+02
-1.441752471923828125e+02
-1.439898071289062500e+02
-1.437626647949218750e+02
-1.434942321777343750e+02
-1.431849212646484375e+02
-1.428351287841796875e+02
-1.424452362060546875e+02
-1.420156707763671875e+02
-1.415468139648437500e+02
-1.410390777587890625e+02
-1.404928436279296875e+02
-1.399085388183593750e+02
-1.392865600585937500e+02
-1.386272735595703125e+02
-1.379311370849609375e+02
-1.371984863281250000e+02
-1.364297790527343750e+02
-1.356253814697265625e+02
-1.347857055664062500e+02
-1.339111633300781250e+02
-1.330021362304687500e+02
-1.320590209960937500e+02
-1.310822448730468750e+02
-1.300721740722656250e+02
-1.290292510986328125e+02
-1.279538421630859375e+02
-1.268463592529296875e+02
-1.257071914672851562e+02
-1.245367584228515625e+02
-1.233354568481445312e+02
-1.221036758422851562e+02
-1.208418273925781250e+02
-1.195503005981445312e+02
-1.182295150756835938e+02
-1.168798446655273438e+02
-1.155017166137695312e+02
-1.140955123901367188e+02
-1.126616439819335938e+02
-1.112005157470703125e+02
-1.097125015258789062e+02
-1.081980438232421875e+02
-1.066575012207031250e+02
-1.050913009643554688e+02
-1.034998397827148438e+02
-1.018835067749023438e+02
-1.002427062988281250e+02
-9.857785034179687500e+01
-9.688932800292968750e+01
-9.517754364013671875e+01
-9.344297027587890625e+01
-9.168634033203125000e+01
-8.990845489501953125e+01
-8.811013031005859375e+01
-8.629217529296875000e+01
-8.445539093017578125e+01
-8.260058593750000000e+01
-8.072856140136718750e+01
-7.884012603759765625e+01
-7.693609619140625000e+01
-7.501726531982421875e+01
-7.308444976806640625e+01
-7.113845062255859375e+01
-6.918007659912109375e+01
-6.721013641357421875e+01
-6.522942352294921875e+01
-6.323876953125000000e+01
-6.123895645141601562e+01
-5.923080825805664062e+01
-5.721511840820312500e+01
-5.519270324707031250e+01
-5.316437149047851562e+01
-5.113091659545898438e+01
-4.909315490722656250e+01
-4.705189132690429688e+01
-4.500793075561523438e+01
-4.296208190917968750e+01
-4.091515350341796875e+01
-3.886795043945312500e+01
-3.682127380371093750e+01
-3.477593612670898438e+01
-3.273273849487304688e+01
-3.069249916076660156e+01
-2.865601348876953125e+01
-2.662409400939941406e+01
-2.459754180908203125e+01
-2.257716941833496094e+01
-2.056378173828125000e+01
-1.855818367004394531e+01
-1.656118392944335938e+01
-1.457358646392822266e+01
-1.259620094299316406e+01
-1.062983322143554688e+01
-8.675288200378417969e+00
-6.733374595642089844e+00
-4.804898262023925781e+00
-2.890665292739868164e+00
-9.914831519126892090e-01
8.918419480323791504e-01
2.758503198623657227e+00
4.607757568359375000e+00
6.439112663269042969e+00
8.252140998840332031e+00
1.004641437530517578e+01
1.182150363922119141e+01
1.357698154449462891e+01
1.531241893768310547e+01
1.702738952636718750e+01
1.872146224975585938e+01
2.039420890808105469e+01
2.204520416259765625e+01
2.367401885986328125e+01
2.528022193908691406e+01
2.686338806152343750e+01
2.842308807373046875e+01
2.995889472961425781e+01
3.147037506103515625e+01
3.295710754394531250e+01
3.441865921020507812e+01
3.585460281372070312e+01
3.726451492309570312e+01
3.864796066284179688e+01
4.000450897216796875e+01
4.133374404907226562e+01
4.263522338867187500e+01
4.390853118896484375e+01
4.515323257446289062e+01
4.636889648437500000e+01
4.755510330200195312e+01
4.871141815185546875e+01
4.983741378784179688e+01
5.093266296386718750e+01
5.199673843383789062e+01
5.302920913696289062e+01
5.402964782714843750e+01
5.499762725830078125e+01
5.593272018432617188e+01
5.683449172973632812e+01
5.770252609252929688e+01
5.853638076782226562e+01
5.933563613891601562e+01
6.009986114501953125e+01
6.082863235473632812e+01
6.152151489257812500e+01
6.217807769775390625e+01
6.279790496826171875e+01
6.338056182861328125e+01
6.392562103271484375e+01
6.443264770507812500e+01
6.490121459960937500e+01
6.533103179931640625e+01
6.572225189208984375e+01
6.607518005371093750e+01
6.639010620117187500e+01
6.666732025146484375e+01
6.690714263916015625e+01
6.710983276367187500e+01
6.727571868896484375e+01
6.740505981445312500e+01
6.749818420410156250e+01
6.755537414550781250e+01
6.757691192626953125e+01
6.756311035156250000e+01
6.751425933837890625e+01
6.743064880371093750e+01
6.731257629394531250e+01
6.716033935546875000e+01
6.697422027587890625e+01
6.675453948974609375e+01
6.650156402587890625e+01
6.621560668945312500e+01
6.589694976806640625e+01
6.554590606689453125e+01
6.516275024414062500e+01
6.474778747558593750e+01
6.430130767822265625e+01
6.382361602783203125e+01
6.331499862670898438e+01
6.277574539184570312e+01
6.220616149902343750e+01
6.160654067993164062e+01
6.097717666625976562e+01
6.031835556030273438e+01
5.963038635253906250e+01
5.891354751586914062e+01
5.816815185546875000e+01
5.739447784423828125e+01
5.659283065795898438e+01
5.576350784301757812e+01
5.490679168701171875e+01
5.402298355102539062e+01
5.311238098144531250e+01
5.217527770996093750e+01
5.121196365356445312e+01
5.022274017333984375e+01
4.920789718627929688e+01
4.816773223876953125e+01
4.710253906250000000e+01
4.601261138916015625e+01
4.489825057983398438e+01
4.375979995727539062e+01
4.259787368774414062e+01
4.141313171386718750e+01
4.020623397827148438e+01
3.897785186767578125e+01
3.772863769531250000e+01
3.645926284790039062e+01
3.517039489746093750e+01
3.386268615722656250e+01
3.253680801391601562e+01
3.119342041015625000e+01
2.983318901062011719e+01
2.845677757263183594e+01
2.706484794616699219e+01
2.565806579589843750e+01
2.423709487915039062e+01
2.280259704589843750e+01
2.135523414611816406e+01
1.989567375183105469e+01
1.842457771301269531e+01
1.694260978698730469e+01
1.545043277740478516e+01
1.394871139526367188e+01
1.243810844421386719e+01
1.091928768157958984e+01
9.392912864685058594e+00
7.859647274017333984e+00
6.320154666900634766e+00
4.775098800659179688e+00
3.225142955780029297e+00
1.670950770378112793e+00
1.131859943270683289e-01
-1.447487950325012207e+00
-3.010407686233520508e+00
-4.574909210205078125e+00
-6.140329360961914062e+00
-7.706003665924072266e+00
-9.271269798278808594e+00
-1.083546352386474609e+01
-1.239792156219482422e+01
-1.395798015594482422e+01
-1.551497554779052734e+01
-1.706824302673339844e+01
-1.861712074279785156e+01
-2.016094589233398438e+01
-2.169905281066894531e+01
-2.323077964782714844e+01
-2.475546264648437500e+01
-2.627243423461914062e+01
-2.778103637695312500e+01
-2.928064537048339844e+01
-3.077081871032714844e+01
-3.225114822387695312e+01
-3.372123718261718750e+01
-3.518067550659179688e+01
-3.662906646728515625e+01
-3.806600189208984375e+01
-3.949108123779296875e+01
-4.090390396118164062e+01
-4.230406570434570312e+01
-4.369115829467773438e+01
-4.506478500366210938e+01
-4.642454147338867188e+01
-4.777002334594726562e+01
-4.910083007812500000e+01
-5.041655349731445312e+01
-5.171679687500000000e+01
-5.300115966796875000e+01
-5.426922607421875000e+01
-5.552060317993164062e+01
-5.675489044189453125e+01
-5.797167587280273438e+01
-5.917055892944335938e+01
-6.035114669799804688e+01
-6.151302337646484375e+01
-6.265579223632812500e+01
-6.377904510498046875e+01
-6.488238525390625000e+01
-6.596540832519531250e+01
-6.702770996093750000e+01
-6.806888580322265625e+01
-6.908853912353515625e+01
-7.008625793457031250e+01
-7.106164550781250000e+01
-7.201429748535156250e+01
-7.294380950927734375e+01
-7.384977722167968750e+01
-7.473181152343750000e+01
-7.558948516845703125e+01
-7.642241668701171875e+01
-7.723018646240234375e+01
-7.801240539550781250e+01
-7.876866912841796875e+01
-7.949856567382812500e+01
-8.020169830322265625e+01
-8.087765502929687500e+01
-8.152604675292968750e+01
-8.214646911621093750e+01
-8.273851013183593750e+01
-8.330177307128906250e+01
-8.383594512939453125e+01
-8.434111022949218750e+01
-8.481746673583984375e+01
-8.526517486572265625e+01
-8.568442535400390625e+01
-8.607539367675781250e+01
-8.643825531005859375e+01
-8.677320861816406250e+01
-8.708041381835937500e+01
-8.736006927490234375e+01
-8.761235046386718750e+01
-8.783742523193359375e+01
-8.803549194335937500e+01
-8.820671844482421875e+01
-8.835129547119140625e+01
-8.846939086914062500e+01
-8.856120300292968750e+01
-8.862689208984375000e+01
-8.866665649414062500e+01
-8.868066406250000000e+01
-8.866911315917968750e+01
-8.863215637207031250e+01
-8.856999969482421875e+01
-8.848280334472656250e+01
-8.837077331542968750e+01
-8.823406219482421875e+01
-8.807286834716796875e+01
-8.788736724853515625e+01
-8.767773437500000000e+01
-8.744416809082031250e+01
-8.718682861328125000e+01
-8.690590667724609375e+01
-8.660158538818359375e+01
-8.627403259277343750e+01
-8.592344665527343750e+01
-8.554998779296875000e+01
-8.515386199951171875e+01
-8.473522186279296875e+01
-8.429426574707031250e+01
-8.383116912841796875e+01
-8.334611511230468750e+01
-8.283928680419921875e+01
-8.231085205078125000e+01
-8.176100921630859375e+01
-8.118992614746093750e+01
-8.059778594970703125e+01
-7.998477172851562500e+01
-7.935106658935546875e+01
-7.869684600830078125e+01
-7.802228546142578125e+01
-7.732762908935546875e+01
-7.661333465576171875e+01
-7.587991333007812500e+01
-7.512786102294921875e+01
-7.435770416259765625e+01
-7.356995391845703125e+01
-7.276511383056640625e+01
-7.194370269775390625e+01
-7.110622406005859375e+01
-7.025318908691406250e+01
-6.938511657714843750e+01
-6.850251007080078125e+01
-6.760588073730468750e+01
-6.669575500488281250e+01
-6.577262115478515625e+01
-6.483700561523437500e+01
-6.388940429687500000e+01
-6.293034744262695312e+01
-6.196033096313476562e+01
-6.097987747192382812e+01
-5.998948669433593750e+01
-5.898968124389648438e+01
-5.798096084594726562e+01
-5.696384429931640625e+01
-5.593884277343750000e+01
-5.490646362304687500e+01
-5.386721801757812500e+01
-5.282161712646484375e+01
-5.177017593383789062e+01
-5.071340179443359375e+01
-4.965180587768554688e+01
-4.858590316772460938e+01
-4.751619720458984375e+01
-4.644320297241210938e+01
-4.536743545532226562e+01
-4.428940200805664062e+01
-4.320961380004882812e+01
-4.212858200073242188e+01
-4.104681777954101562e+01
-3.996482849121093750e+01
-3.888313293457031250e+01
-3.780223846435546875e+01
-3.672265625000000000e+01
-3.564488983154296875e+01
-3.456946563720703125e+01
-3.349688339233398438e+01
-3.242765808105468750e+01
-3.136229705810546875e+01
-3.030131530761718750e+01
-2.924522399902343750e+01
-2.819450378417968750e+01
-2.714950561523437500e+01
-2.611056518554687500e+01
-2.507800483703613281e+01
-2.405215263366699219e+01
-2.303333282470703125e+01
-2.202187538146972656e+01
-2.101810455322265625e+01
-2.002234840393066406e+01
-1.903493690490722656e+01
-1.805619049072265625e+01
-1.708644104003906250e+01
-1.612601280212402344e+01
-1.517523288726806641e+01
-1.423442840576171875e+01
-1.330392646789550781e+01
-1.238405418395996094e+01
-1.147513675689697266e+01
-1.057750320434570312e+01
-9.691478729248046875e+00
-8.817390441894531250e+00
-7.955565452575683594e+00
-7.106330394744873047e+00
-6.270011901855468750e+00
-5.446937561035156250e+00
-4.637433052062988281e+00
-3.841825962066650391e+00
-3.060442686080932617e+00
-2.293610334396362305e+00
-1.541655302047729492e+00
-8.049048185348510742e-01
-8.368547260761260986e-02
6.216759085655212402e-01
1.310852527618408203e+00
1.983517408370971680e+00
2.639344215393066406e+00
3.278005361557006836e+00
3.899174690246582031e+00
4.502525329589843750e+00
5.087730407714843750e+00
5.654462814331054688e+00
6.202396392822265625e+00
6.731204032897949219e+00
7.240558624267578125e+00
7.730133056640625000e+00
8.199602127075195312e+00
8.648637771606445312e+00
9.076912879943847656e+00
9.484101295471191406e+00
9.869875907897949219e+00
1.023398494720458984e+01
1.057647609710693359e+01
1.089747047424316406e+01
1.119709205627441406e+01
1.147546195983886719e+01
1.173270225524902344e+01
1.196893501281738281e+01
1.218428325653076172e+01
1.237886905670166016e+01
1.255281448364257812e+01
1.270624160766601562e+01
1.283927249908447266e+01
1.295202922821044922e+01
1.304463577270507812e+01
1.311721134185791016e+01
1.316987991333007812e+01
1.320276355743408203e+01
1.321598529815673828e+01
1.320966625213623047e+01
1.318392848968505859e+01
1.313889598846435547e+01
1.307468891143798828e+01
1.299142932891845703e+01
1.288924121856689453e+01
1.276824665069580078e+01
1.262856483459472656e+01
1.247032260894775391e+01
1.229363822937011719e+01
1.209863758087158203e+01
1.188543891906738281e+01
1.165416812896728516e+01
1.140494346618652344e+01
1.113789081573486328e+01
1.085313129425048828e+01
1.055078601837158203e+01
1.023097801208496094e+01
9.893830299377441406e+00
9.539463043212890625e+00
9.168001174926757812e+00
8.779564857482910156e+00
8.374276161193847656e+00
7.952258586883544922e+00
7.513633728027343750e+00
7.058523654937744141e+00
6.587051391601562500e+00
6.099338054656982422e+00
5.595506668090820312e+00
5.075679302215576172e+00
4.539977550506591797e+00
3.988524436950683594e+00
3.421486616134643555e+00
2.839211463928222656e+00
2.242091178894042969e+00
1.630517244338989258e+00
1.004882097244262695e+00
3.655775189399719238e-01
-2.870043218135833740e-01
-9.524714946746826172e-01
-1.630431771278381348e+00
-2.320493221282958984e+00
-3.022264242172241211e+00
-3.735351800918579102e+00
-4.459364891052246094e+00
-5.193911075592041016e+00
-5.938598632812500000e+00
-6.693034648895263672e+00
-7.456828594207763672e+00
-8.229586601257324219e+00
-9.010917663574218750e+00
-9.800430297851562500e+00
-1.059773159027099609e+01
-1.140242958068847656e+01
-1.221413230895996094e+01
-1.303244876861572266e+01
-1.385698413848876953e+01
-1.468735027313232422e+01
-1.552315330505371094e+01
-1.636400032043457031e+01
-1.720949935913085938e+01
-1.805925941467285156e+01
-1.891288948059082031e+01
-1.976999473571777344e+01
-2.063018417358398438e+01
-2.149306678771972656e+01
-2.235825157165527344e+01
-2.322534370422363281e+01
-2.409395217895507812e+01
-2.496368408203125000e+01
-2.583415031433105469e+01
-2.670495605468750000e+01
-2.757571029663085938e+01
-2.844602012634277344e+01
-2.931549644470214844e+01
-3.018374443054199219e+01
-3.105036926269531250e+01
-3.191498565673828125e+01
-3.277719879150390625e+01
-3.363661575317382812e+01
-3.449284362792968750e+01
-3.534548950195312500e+01
-3.619418716430664062e+01
-3.703864288330078125e+01
-3.787858581542968750e+01
-3.871374511718750000e+01
-3.954384613037109375e+01
-4.036862945556640625e+01
-4.118781661987304688e+01
-4.200114059448242188e+01
-4.280832672119140625e+01
-4.360911178588867188e+01
-4.440321731567382812e+01
-4.519037628173828125e+01
-4.597031784057617188e+01
-4.674277114868164062e+01
-4.750746917724609375e+01
-4.826414489746093750e+01
-4.901251602172851562e+01
-4.975231933593750000e+01
-5.048328018188476562e+01
-5.120513534545898438e+01
-5.191761016845703125e+01
-5.262043380737304688e+01
-5.331333541870117188e+01
-5.399604797363281250e+01
-5.466830444335937500e+01
-5.532981872558593750e+01
-5.598033142089843750e+01
-5.661957931518554688e+01
-5.724727630615234375e+01
-5.786316680908203125e+01
-5.846696853637695312e+01
-5.905841445922851562e+01
-5.963723754882812500e+01
-6.020316696166992188e+01
-6.075592803955078125e+01
-6.129525375366210938e+01
-6.182087326049804688e+01
-6.233251190185546875e+01
-6.282990646362304688e+01
-6.331278991699218750e+01
-6.378087615966796875e+01
-6.423390960693359375e+01
-6.467161560058593750e+01
-6.509371185302734375e+01
-6.549994659423828125e+01
-6.589003753662109375e+01
-6.626372528076171875e+01
-6.662071990966796875e+01
-6.696076965332031250e+01
-6.728360748291015625e+01
-6.758899688720703125e+01
-6.787696838378906250e+01
-6.814759063720703125e+01
-6.840093994140625000e+01
-6.863708496093750000e+01
-6.885609436035156250e+01
-6.905804443359375000e+01
-6.924300384521484375e+01
-6.941104125976562500e+01
-6.956224060058593750e+01
-6.969666290283203125e+01
-6.981438446044921875e+01
-6.991547393798828125e+01
-7.000000762939453125e+01
-7.006805419921875000e+01
-7.011968231201171875e+01
-7.015496826171875000e+01
-7.017398834228515625e+01
-7.017681121826171875e+01
-7.016349792480468750e+01
-7.013413238525390625e+01
-7.008879089355468750e+01
-7.002752685546875000e+01
-6.995043182373046875e+01
-6.985755920410156250e+01
-6.974900054931640625e+01
-6.962480926513671875e+01
-6.948506927490234375e+01
-6.932984161376953125e+01
-6.915921020507812500e+01
-6.897325134277343750e+01
-6.877201843261718750e+01
-6.855558013916015625e+01
-6.832403564453125000e+01
-6.807743835449218750e+01
-6.781586456298828125e+01
-6.753938293457031250e+01
-6.724806213378906250e+01
-6.694199371337890625e+01
-6.662121582031250000e+01
-6.628582763671875000e+01
-6.593589019775390625e+01
-6.557148742675781250e+01
-6.519267272949218750e+01
-6.479953002929687500e+01
-6.439212799072265625e+01
-6.397053527832031250e+01
-6.353482818603515625e+01
-6.308507537841796875e+01
-6.262135314941406250e+01
-6.214376449584960938e+01
-6.165258026123046875e+01
-6.114809036254882812e+01
-6.063060379028320312e+01
-6.010041427612304688e+01
-5.955782318115234375e+01
-5.900313186645507812e+01
-5.843664169311523438e+01
-5.785864639282226562e+01
-5.726945495605468750e+01
-5.666935729980468750e+01
-5.605865859985351562e+01
-5.543765640258789062e+01
-5.480665969848632812e+01
-5.416595840454101562e+01
-5.351585006713867188e+01
-5.285663986206054688e+01
-5.218863296508789062e+01
-5.151211929321289062e+01
-5.082740402221679688e+01
-5.013478469848632812e+01
-4.943456268310546875e+01
-4.872703933715820312e+01
-4.801251220703125000e+01
-4.729128265380859375e+01
-4.656365203857421875e+01
-4.582991409301757812e+01
-4.509037017822265625e+01
-4.434532546997070312e+01
-4.359507751464843750e+01
-4.283992767333984375e+01
-4.208017349243164062e+01
-4.131611251831054688e+01
-4.054804611206054688e+01
-3.977627563476562500e+01
-3.900110626220703125e+01
-3.822282791137695312e+01
-3.744174575805664062e+01
-3.665815734863281250e+01
-3.587236404418945312e+01
-3.508466720581054688e+01
-3.429536437988281250e+01
-3.350475692749023438e+01
-3.271314239501953125e+01
-3.192082595825195312e+01
-3.112809944152832031e+01
-3.033526992797851562e+01
-2.954263114929199219e+01
-2.875049209594726562e+01
-2.795914077758789062e+01
-2.716887474060058594e+01
-2.637993812561035156e+01
-2.559255981445312500e+01
-2.480697631835937500e+01
-2.402342033386230469e+01
-2.324213027954101562e+01
-2.246332931518554688e+01
-2.168726158142089844e+01
-2.091415596008300781e+01
-2.014424514770507812e+01
-1.937776565551757812e+01
-1.861494827270507812e+01
-1.785602760314941406e+01
-1.710123825073242188e+01
-1.635081291198730469e+01
-1.560498428344726562e+01
-1.486398792266845703e+01
-1.412805747985839844e+01
-1.339742374420166016e+01
-1.267232322692871094e+01
-1.195298862457275391e+01
-1.123965263366699219e+01
-1.053254985809326172e+01
-9.831912994384765625e+00
-9.137976646423339844e+00
-8.450974464416503906e+00
-7.771139144897460938e+00
-7.098704814910888672e+00
-6.433905124664306641e+00
-5.776973247528076172e+00
-5.128143310546875000e+00
-4.487648963928222656e+00
-3.855723142623901367e+00
-3.232599973678588867e+00
-2.618512868881225586e+00
-2.013695478439331055e+00
-1.418381452560424805e+00
-8.328042626380920410e-01
-2.571976184844970703e-01
3.082049190998077393e-01
8.631697297096252441e-01
1.407463312149047852e+00
1.940851926803588867e+00
2.463101863861083984e+00
2.973980188369750977e+00
3.473252534866333008e+00
3.960685253143310547e+00
4.436045646667480469e+00
4.899099349975585938e+00
5.349612236022949219e+00
5.787395000457763672e+00
6.212423324584960938e+00
6.624717712402343750e+00
7.024298191070556641e+00
7.411185741424560547e+00
7.785398960113525391e+00
8.146958351135253906e+00
8.495883941650390625e+00
8.832195281982421875e+00
9.155912399291992188e+00
9.467056274414062500e+00
9.765645980834960938e+00
1.005170059204101562e+01
1.032524204254150391e+01
1.058628940582275391e+01
1.083486175537109375e+01
1.107098197937011719e+01
1.129466629028320312e+01
1.150593662261962891e+01
1.170481395721435547e+01
1.189131546020507812e+01
1.206546306610107422e+01
1.222727584838867188e+01
1.237677574157714844e+01
1.251398086547851562e+01
1.263891124725341797e+01
1.275158596038818359e+01
1.285202789306640625e+01
1.294025516510009766e+01
1.301628780364990234e+01
1.308014488220214844e+01
1.313184833526611328e+01
1.317141628265380859e+01
1.319887065887451172e+01
1.321423053741455078e+01
1.321751403808593750e+01
1.320874500274658203e+01
1.318793964385986328e+01
1.315511989593505859e+01
1.311030578613281250e+01
1.305351638793945312e+01
1.298477172851562500e+01
1.290409183502197266e+01
1.281149864196777344e+01
1.270700931549072266e+01
1.259064483642578125e+01
1.246242618560791016e+01
1.232237243652343750e+01
1.217050361633300781e+01
1.200683879852294922e+01
1.183143043518066406e+01
1.164445686340332031e+01
1.144612503051757812e+01
1.123664379119873047e+01
1.101622295379638672e+01
1.078507041931152344e+01
1.054339599609375000e+01
1.029140663146972656e+01
1.002931213378906250e+01
9.757322311401367188e+00
9.475644111633300781e+00
9.184487342834472656e+00
8.884059906005859375e+00
8.574571609497070312e+00
8.256230354309082031e+00
7.929245471954345703e+00
7.593824863433837891e+00
7.250178337097167969e+00
6.898514270782470703e+00
6.539040565490722656e+00
6.171967506408691406e+00
5.797502994537353516e+00
5.415855407714843750e+00
5.027234554290771484e+00
4.631847858428955078e+00
4.229905128479003906e+00
3.821614503860473633e+00
3.407185316085815430e+00
2.986825704574584961e+00
2.560744762420654297e+00
2.129151105880737305e+00
1.692253470420837402e+00
1.250260949134826660e+00
8.033818006515502930e-01
3.518249988555908203e-01
-1.042006984353065491e-01
-5.644865632057189941e-01
-1.028823733329772949e+00
-1.497003793716430664e+00
-1.968817591667175293e+00
-2.444056749343872070e+00
-2.922512292861938477e+00
-3.403975248336791992e+00
-3.888237237930297852e+00
-4.375089645385742188e+00
-4.864323139190673828e+00
-5.355729579925537109e+00
-5.849100112915039062e+00
-6.344225406646728516e+00
-6.840897083282470703e+00
-7.338910579681396484e+00
-7.838075160980224609e+00
-8.338207244873046875e+00
-8.839117050170898438e+00
-9.340621948242187500e+00
-9.842535018920898438e+00
-1.034467029571533203e+01
-1.084684181213378906e+01
-1.134886264801025391e+01
-1.185054969787597656e+01
-1.235171413421630859e+01
-1.285216999053955078e+01
-1.335173416137695312e+01
-1.385021877288818359e+01
-1.434743690490722656e+01
-1.484320449829101562e+01
-1.533733558654785156e+01
-1.582964229583740234e+01
-1.631994056701660156e+01
-1.680804634094238281e+01
-1.729376792907714844e+01
-1.777692604064941406e+01
-1.825732994079589844e+01
-1.873479461669921875e+01
-1.920913505554199219e+01
-1.968016433715820312e+01
-2.014769935607910156e+01
-2.061155128479003906e+01
-2.107153511047363281e+01
-2.152746582031250000e+01
-2.197915458679199219e+01
-2.242641639709472656e+01
-2.286907005310058594e+01
-2.330692291259765625e+01
-2.373979377746582031e+01
-2.416749382019042969e+01
-2.458983993530273438e+01
-2.500664329528808594e+01
-2.541771888732910156e+01
-2.582288169860839844e+01
-2.622194480895996094e+01
-2.661472320556640625e+01
-2.700103187561035156e+01
-2.738068199157714844e+01
-2.775348854064941406e+01
-2.811926841735839844e+01
-2.847783279418945312e+01
-2.882899284362792969e+01
-2.917257118225097656e+01
-2.950837326049804688e+01
-2.983625030517578125e+01
-3.015615081787109375e+01
-3.046807289123535156e+01
-3.077199363708496094e+01
-3.106790733337402344e+01
-3.135580062866210938e+01
-3.163565826416015625e+01
-3.190746688842773438e+01
-3.217121887207031250e+01
-3.242689514160156250e+01
-3.267449188232421875e+01
-3.291398620605468750e+01
-3.314537048339843750e+01
-3.336863327026367188e+01
-3.358376312255859375e+01
-3.379074096679687500e+01
-3.398955917358398438e+01
-3.418020248413085938e+01
-3.436265945434570312e+01
-3.453691864013671875e+01
-3.470296096801757812e+01
-3.486078643798828125e+01
-3.501037216186523438e+01
-3.515170669555664062e+01
-3.528478240966796875e+01
-3.540958023071289062e+01
-3.552609252929687500e+01
-3.563430023193359375e+01
-3.573419952392578125e+01
-3.582577133178710938e+01
-3.590900802612304688e+01
-3.598389434814453125e+01
-3.605041503906250000e+01
-3.610855484008789062e+01
-3.615830993652343750e+01
-3.619966506958007812e+01
-3.623260498046875000e+01
-3.625711441040039062e+01
-3.627318954467773438e+01
-3.628081130981445312e+01
-3.627996826171875000e+01
-3.627064895629882812e+01
-3.625283432006835938e+01
-3.622652053833007812e+01
-3.619169235229492188e+01
-3.614833450317382812e+01
-3.609643554687500000e+01
-3.603598785400390625e+01
-3.596696853637695312e+01
-3.588937377929687500e+01
-3.580321121215820312e+01
-3.570859146118164062e+01
-3.560565185546875000e+01
-3.549452590942382812e+01
-3.537534713745117188e+01
-3.524825668334960938e+01
-3.511338424682617188e+01
-3.497086334228515625e+01
-3.482083511352539062e+01
-3.466343307495117188e+01
-3.449878692626953125e+01
-3.432703399658203125e+01
-3.414831542968750000e+01
-3.396276092529296875e+01
-3.377050399780273438e+01
-3.357168579101562500e+01
-3.336643600463867188e+01
-3.315489578247070312e+01
-3.293719100952148438e+01
-3.271346282958984375e+01
-3.248384857177734375e+01
-3.224847793579101562e+01
-3.200748825073242188e+01
-3.176101303100585938e+01
-3.150919342041015625e+01
-3.125215721130371094e+01
-3.099004364013671875e+01
-3.072298622131347656e+01
-3.045112037658691406e+01
-3.017458152770996094e+01
-2.989350128173828125e+01
-2.960802268981933594e+01
-2.931827354431152344e+01
-2.902439308166503906e+01
-2.872651672363281250e+01
-2.842477416992187500e+01
-2.811930656433105469e+01
-2.781024551391601562e+01
-2.749772834777832031e+01
-2.718188667297363281e+01
-2.686286163330078125e+01
-2.654078292846679688e+01
-2.621578598022460938e+01
-2.588801002502441406e+01
-2.555758476257324219e+01
-2.522464942932128906e+01
-2.488933944702148438e+01
-2.455178642272949219e+01
-2.421212577819824219e+01
-2.387049674987792969e+01
-2.352703094482421875e+01
-2.318186569213867188e+01
-2.283514022827148438e+01
-2.248699188232421875e+01
-2.213755607604980469e+01
-2.178697204589843750e+01
-2.143537712097167969e+01
-2.108290672302246094e+01
-2.072970008850097656e+01
-2.037589263916015625e+01
-2.002162551879882812e+01
-1.966703224182128906e+01
-1.931225395202636719e+01
-1.895742416381835938e+01
-1.860268211364746094e+01
-1.824816513061523438e+01
-1.789400863647460938e+01
-1.754035568237304688e+01
-1.718733787536621094e+01
-1.683509445190429688e+01
-1.648376464843750000e+01
-1.613348197937011719e+01
-1.578438758850097656e+01
-1.543661689758300781e+01
-1.509030723571777344e+01
-1.474559688568115234e+01
-1.440262222290039062e+01
-1.406152248382568359e+01
-1.372243404388427734e+01
-1.338549327850341797e+01
-1.305083847045898438e+01
-1.271860790252685547e+01
-1.238893699645996094e+01
-1.206196403503417969e+01
-1.173782730102539062e+01
-1.141666316986083984e+01
-1.109860992431640625e+01
-1.078380393981933594e+01
-1.047238254547119141e+01
-1.016448402404785156e+01
-9.860246658325195312e+00
-9.559803962707519531e+00
-9.263298034667968750e+00
-8.970863342285156250e+00
-8.682639122009277344e+00
-8.398759841918945312e+00
-8.119365692138671875e+00
-7.844594001770019531e+00
-7.574580192565917969e+00
-7.309463500976562500e+00
-7.049361228942871094e+00
-6.794314861297607422e+00
-6.544346809387207031e+00
-6.299478054046630859e+00
-6.059731483459472656e+00
-5.825129032135009766e+00
-5.595693111419677734e+00
-5.371445178985595703e+00
-5.152407646179199219e+00
-4.938601970672607422e+00
-4.730050563812255859e+00
-4.526775836944580078e+00
-4.328799724578857422e+00
-4.136144161224365234e+00
-3.948830842971801758e+00
-3.766882181167602539e+00
-3.590320348739624023e+00
-3.419167041778564453e+00
-3.253444910049438477e+00
-3.093175172805786133e+00
-2.938380479812622070e+00
-2.789082765579223633e+00
-2.645303726196289062e+00
-2.507066011428833008e+00
-2.374391317367553711e+00
-2.247301816940307617e+00
-2.125819206237792969e+00
-2.009966373443603516e+00
-1.899764418601989746e+00
-1.795235872268676758e+00
-1.696402788162231445e+00
-1.603287100791931152e+00
-1.515910983085632324e+00
-1.434296369552612305e+00
-1.358465433120727539e+00
-1.288440108299255371e+00
-1.224242568016052246e+00
-1.165894627571105957e+00
-1.113418579101562500e+00
-1.066836476325988770e+00
-1.026170253753662109e+00
-9.914419651031494141e-01
-9.626737236976623535e-01
-9.398876428604125977e-01
-9.231055974960327148e-01
-9.123497605323791504e-01
-9.076421260833740234e-01
-9.090048670768737793e-01
-9.164599180221557617e-01
-9.300293326377868652e-01
-9.497168660163879395e-01
-9.754529595375061035e-01
-1.007149457931518555e+00
-1.044718623161315918e+00
-1.088072419166564941e+00
-1.137122750282287598e+00
-1.191781878471374512e+00
-1.251961708068847656e+00
-1.317574381828308105e+00
-1.388531804084777832e+00
-1.464746117591857910e+00
-1.546129345893859863e+00
-1.632593512535095215e+00
-1.724050760269165039e+00
-1.820412874221801758e+00
-1.921592116355895996e+00
-2.027500629425048828e+00
-2.138050079345703125e+00
-2.253152847290039062e+00
-2.372720718383789062e+00
-2.496666193008422852e+00
-2.624900817871093750e+00
-2.757336854934692383e+00
-2.893886089324951172e+00
-3.034461021423339844e+00
-3.178973197937011719e+00
-3.327335357666015625e+00
-3.479458570480346680e+00
-3.635255575180053711e+00
-3.794638395309448242e+00
-3.957519054412841797e+00
-4.123809337615966797e+00
-4.293421268463134766e+00
-4.466267108917236328e+00
-4.642258644104003906e+00
-4.821308135986328125e+00
-5.003327846527099609e+00
-5.188229084014892578e+00
-5.375924587249755859e+00
-5.566326618194580078e+00
-5.759346008300781250e+00
-5.954896450042724609e+00
-6.152888774871826172e+00
-6.353234767913818359e+00
-6.555847644805908203e+00
-6.760638236999511719e+00
-6.967520236968994141e+00
-7.176403522491455078e+00
-7.387202262878417969e+00
-7.599827289581298828e+00
-7.814188480377197266e+00
-8.030186653137207031e+00
-8.247721672058105469e+00
-8.466691970825195312e+00
-8.686997413635253906e+00
-8.908535957336425781e+00
-9.131206512451171875e+00
-9.354907989501953125e+00
-9.579540252685546875e+00
-9.805001258850097656e+00
-1.003119087219238281e+01
-1.025800704956054688e+01
-1.048535060882568359e+01
-1.071311759948730469e+01
-1.094120979309082031e+01
-1.116952419281005859e+01
-1.139796066284179688e+01
-1.162641811370849609e+01
-1.185479545593261719e+01
-1.208299160003662109e+01
-1.231090641021728516e+01
-1.253843593597412109e+01
-1.276548290252685547e+01
-1.299194335937500000e+01
-1.321771812438964844e+01
-1.344270515441894531e+01
-1.366680335998535156e+01
-1.388991260528564453e+01
-1.411193275451660156e+01
-1.433275890350341797e+01
-1.455229377746582031e+01
-1.477043437957763672e+01
-1.498708057403564453e+01
-1.520213127136230469e+01
-1.541548538208007812e+01
-1.562704086303710938e+01
-1.583669662475585938e+01
-1.604435539245605469e+01
-1.624991226196289062e+01
-1.645326614379882812e+01
-1.665431785583496094e+01
-1.685296440124511719e+01
-1.704910659790039062e+01
-1.724264144897460938e+01
-1.743346977233886719e+01
-1.762149047851562500e+01
-1.780660247802734375e+01
-1.798870468139648438e+01
-1.816769218444824219e+01
-1.834347152709960938e+01
-1.851594734191894531e+01
-1.868508529663085938e+01
-1.885085678100585938e+01
-1.901323509216308594e+01
-1.917219352722167969e+01
-1.932770919799804688e+01
-1.947975349426269531e+01
-1.962829971313476562e+01
-1.977332305908203125e+01
-1.991479492187500000e+01
-2.005269050598144531e+01
-2.018698310852050781e+01
-2.031764984130859375e+01
-2.044465827941894531e+01
-2.056798553466796875e+01
-2.068760490417480469e+01
-2.080348968505859375e+01
-2.091561508178710938e+01
-2.102395248413085938e+01
-2.112847709655761719e+01
-2.122916412353515625e+01
-2.132598304748535156e+01
-2.141891098022460938e+01
-2.150792121887207031e+01
-2.159298515319824219e+01
-2.167407798767089844e+01
-2.175117492675781250e+01
-2.182424926757812500e+01
-2.189327239990234375e+01
-2.195821952819824219e+01
-2.201906394958496094e+01
-2.207577896118164062e+01
-2.212834167480468750e+01
-2.217671966552734375e+01
-2.222089195251464844e+01
-2.226082801818847656e+01
-2.229650688171386719e+01
-2.232789802551269531e+01
-2.235497665405273438e+01
-2.237771606445312500e+01
-2.239608955383300781e+01
-2.241007232666015625e+01
-2.241963577270507812e+01
-2.242475509643554688e+01
-2.242540359497070312e+01
-2.242155456542968750e+01
-2.241318321228027344e+01
-2.240026092529296875e+01
-2.238276481628417969e+01
-2.236066627502441406e+01
-2.233395195007324219e+01
-2.230266571044921875e+01
-2.226686286926269531e+01
-2.222660064697265625e+01
-2.218193244934082031e+01
-2.213291549682617188e+01
-2.207960700988769531e+01
-2.202206039428710938e+01
-2.196033477783203125e+01
-2.189448356628417969e+01
-2.182456588745117188e+01
-2.175063323974609375e+01
-2.167274475097656250e+01
-2.159095573425292969e+01
-2.150532341003417969e+01
-2.141590118408203125e+01
-2.132274627685546875e+01
-2.122591590881347656e+01
-2.112546348571777344e+01
-2.102144813537597656e+01
-2.091392326354980469e+01
-2.080294418334960938e+01
-2.068857002258300781e+01
-2.057085609436035156e+01
-2.044985580444335938e+01
-2.032562828063964844e+01
-2.019822692871093750e+01
-2.006770896911621094e+01
-1.993413162231445312e+01
-1.979754829406738281e+01
-1.965801620483398438e+01
-1.951559066772460938e+01
-1.937033081054687500e+01
-1.922229003906250000e+01
-1.907152175903320312e+01
-1.891808700561523438e+01
-1.876203918457031250e+01
-1.860343360900878906e+01
-1.844233131408691406e+01
-1.827877807617187500e+01
-1.811284065246582031e+01
-1.794456863403320312e+01
-1.777402114868164062e+01
-1.760124969482421875e+01
-1.742631530761718750e+01
-1.724927330017089844e+01
-1.707017707824707031e+01
-1.688908576965332031e+01
-1.670605087280273438e+01
-1.652113533020019531e+01
-1.633439064025878906e+01
-1.614589309692382812e+01
-1.595571708679199219e+01
-1.576393795013427734e+01
-1.557062911987304688e+01
-1.537586784362792969e+01
-1.517972850799560547e+01
-1.498228645324707031e+01
-1.478361701965332031e+01
-1.458379268646240234e+01
-1.438289356231689453e+01
-1.418099117279052734e+01
-1.397816085815429688e+01
-1.377447795867919922e+01
-1.357001876831054688e+01
-1.336485862731933594e+01
-1.315907001495361328e+01
-1.295273017883300781e+01
-1.274591445922851562e+01
-1.253869628906250000e+01
-1.233115291595458984e+01
-1.212335681915283203e+01
-1.191538619995117188e+01
-1.170731353759765625e+01
-1.149921607971191406e+01
-1.129116725921630859e+01
-1.108324337005615234e+01
-1.087551879882812500e+01
-1.066806888580322266e+01
-1.046096897125244141e+01
-1.025429344177246094e+01
-1.004811954498291016e+01
-9.842518806457519531e+00
-9.637569427490234375e+00
-9.433345794677734375e+00
-9.229922294616699219e+00
-9.027374267578125000e+00
-8.825778007507324219e+00
-8.625207901000976562e+00
-8.425737380981445312e+00
-8.227443695068359375e+00
-8.030402183532714844e+00
-7.834686756134033203e+00
-7.640372276306152344e+00
-7.447535514831542969e+00
-7.256249904632568359e+00
-7.066591739654541016e+00
-6.878634929656982422e+00
-6.692456245422363281e+00
-6.508129596710205078e+00
-6.325722694396972656e+00
-6.145272254943847656e+00
-5.966805458068847656e+00
-5.790352821350097656e+00
-5.615941524505615234e+00
-5.443600654602050781e+00
-5.273358345031738281e+00
-5.105243682861328125e+00
-4.939284801483154297e+00
-4.775510311126708984e+00
-4.613949775695800781e+00
-4.454629898071289062e+00
-4.297581195831298828e+00
-4.142830371856689453e+00
-3.990407228469848633e+00
-3.840340375900268555e+00
-3.692657709121704102e+00
-3.547388076782226562e+00
-3.404559612274169922e+00
-3.264201879501342773e+00
-3.126342773437500000e+00
-2.991010665893554688e+00
-2.858234405517578125e+00
-2.728042840957641602e+00
-2.600463867187500000e+00
-2.475526809692382812e+00
-2.353259563446044922e+00
-2.233690977096557617e+00
-2.116849660873413086e+00
-2.002763986587524414e+00
-1.891462683677673340e+00
-1.782974243164062500e+00
-1.677327275276184082e+00
-1.574550271034240723e+00
-1.474671840667724609e+00
-1.377720475196838379e+00
-1.283724784851074219e+00
-1.192713379859924316e+00
-1.104714751243591309e+00
-1.019757509231567383e+00
-9.378700852394104004e-01
-8.590812087059020996e-01
-7.834194302558898926e-01
-7.109131813049316406e-01
-6.415910720825195312e-01
-5.754817724227905273e-01
-5.126136541366577148e-01
-4.530153870582580566e-01
-3.967155814170837402e-01
-3.437426984310150146e-01
-2.941154241561889648e-01
-2.478127032518386841e-01
-2.048035562038421631e-01
-1.650570183992385864e-01
-1.285421103239059448e-01
-9.522787481546401978e-02
-6.508333235979080200e-02
-3.807750344276428223e-02
-1.417942997068166733e-02
6.641864776611328125e-03
2.441735379397869110e-02
3.917800635099411011e-02
5.095479637384414673e-02
5.977869406342506409e-02
6.568066775798797607e-02
6.869169324636459351e-02
6.884274631738662720e-02
6.616479158401489258e-02
6.068879738450050354e-02
5.244573950767517090e-02
4.146659374237060547e-02
2.778232656419277191e-02
1.142391003668308258e-02
-7.577683310955762863e-03
-2.919148094952106476e-02
-5.338651686906814575e-02
-8.013181388378143311e-02
-1.093963980674743652e-01
-1.411493122577667236e-01
-1.753595620393753052e-01
-2.119961977005004883e-01
-2.510282397270202637e-01
-2.924247086048126221e-01
-3.361546099185943604e-01
-3.821870684623718262e-01
-4.304910004138946533e-01
-4.810354709625244141e-01
-5.337895154953002930e-01
-5.887222290039062500e-01
-6.458025574684143066e-01
-7.049994468688964844e-01
-7.662821412086486816e-01
-8.296195268630981445e-01
-8.949806690216064453e-01
-9.623345136642456055e-01
-1.031650185585021973e+00
-1.102896690368652344e+00
-1.176043152809143066e+00
-1.251058459281921387e+00
-1.327911615371704102e+00
-1.406568288803100586e+00
-1.486979961395263672e+00
-1.569094777107238770e+00
-1.652860879898071289e+00
-1.738226056098937988e+00
-1.825138807296752930e+00
-1.913547039031982422e+00
-2.003398895263671875e+00
-2.094642162322998047e+00
-2.187225341796875000e+00
-2.281096220016479492e+00
-2.376203060150146484e+00
-2.472494125366210938e+00
-2.569917201995849609e+00
-2.668420314788818359e+00
-2.767951726913452148e+00
-2.868459701538085938e+00
-2.969891786575317383e+00
-3.072196722030639648e+00
-3.175322055816650391e+00
-3.279216051101684570e+00
-3.383826971054077148e+00
-3.489103078842163086e+00
-3.594991683959960938e+00
-3.701441526412963867e+00
-3.808400630950927734e+00
-3.915817022323608398e+00
-4.023638725280761719e+00
-4.131813526153564453e+00
-4.240290164947509766e+00
-4.349016666412353516e+00
-4.457940101623535156e+00
-4.567009925842285156e+00
-4.676173210144042969e+00
-4.785378932952880859e+00
-4.894574165344238281e+00
-5.003707408905029297e+00
-5.112727642059326172e+00
-5.221581459045410156e+00
-5.330218315124511719e+00
-5.438585281372070312e+00
-5.546630382537841797e+00
-5.654303073883056641e+00
-5.761549949645996094e+00
-5.868319988250732422e+00
-5.974560737609863281e+00
-6.080220222473144531e+00
-6.185246944427490234e+00
-6.289588928222656250e+00
-6.393194198608398438e+00
-6.496015548706054688e+00
-6.598021030426025391e+00
-6.699185848236083984e+00
-6.799483299255371094e+00
-6.898885726928710938e+00
-6.997368335723876953e+00
-7.094904899597167969e+00
-7.191468238830566406e+00
-7.287031650543212891e+00
-7.381569862365722656e+00
-7.475056171417236328e+00
-7.567463874816894531e+00
-7.658767700195312500e+00
-7.748939514160156250e+00
-7.837954521179199219e+00
-7.925785541534423828e+00
-8.012407302856445312e+00
-8.097792625427246094e+00
-8.181914329528808594e+00
-8.264747619628906250e+00
-8.346264839172363281e+00
-8.426442146301269531e+00
-8.505249977111816406e+00
-8.582664489746093750e+00
-8.658658027648925781e+00
-8.733203887939453125e+00
-8.806277275085449219e+00
-8.877849578857421875e+00
-8.947896957397460938e+00
-9.016392707824707031e+00
-9.083309173583984375e+00
-9.148619651794433594e+00
-9.212300300598144531e+00
-9.274322509765625000e+00
-9.334660530090332031e+00
-9.393288612365722656e+00
-9.450180053710937500e+00
-9.505308151245117188e+00
-9.558646202087402344e+00
-9.610170364379882812e+00
-9.659851074218750000e+00
-9.707663536071777344e+00
-9.753582000732421875e+00
-9.797579765319824219e+00
-9.839630126953125000e+00
-9.879705429077148438e+00
-9.917781829833984375e+00
-9.953830718994140625e+00
-9.987828254699707031e+00
-1.001974582672119141e+01
-1.004956531524658203e+01
-1.007729530334472656e+01
-1.010295009613037109e+01
-1.012654399871826172e+01
-1.014809513092041016e+01
-1.016761684417724609e+01
-1.018512439727783203e+01
-1.020063400268554688e+01
-1.021415996551513672e+01
-1.022571659088134766e+01
-1.023532199859619141e+01
-1.024299049377441406e+01
-1.024873542785644531e+01
-1.025257396697998047e+01
-1.025452041625976562e+01
-1.025458908081054688e+01
-1.025279808044433594e+01
-1.024916076660156250e+01
-1.024369335174560547e+01
-1.023640918731689453e+01
-1.022732639312744141e+01
-1.021645736694335938e+01
-1.020381832122802734e+01
-1.018942546844482422e+01
-1.017329406738281250e+01
-1.015543842315673828e+01
-1.013587379455566406e+01
-1.011461639404296875e+01
-1.009167957305908203e+01
-1.006708049774169922e+01
-1.004083442687988281e+01
-1.001295471191406250e+01
-9.983458518981933594e+00
-9.952360153198242188e+00
-9.919675827026367188e+00
-9.885419845581054688e+00
-9.849608421325683594e+00
-9.812254905700683594e+00
-9.773376464843750000e+00
-9.732987403869628906e+00
-9.691103935241699219e+00
-9.647739410400390625e+00
-9.602911949157714844e+00
-9.556633949279785156e+00
-9.508922576904296875e+00
-9.459792137145996094e+00
-9.409257888793945312e+00
-9.357336044311523438e+00
-9.304040908813476562e+00
-9.249388694763183594e+00
-9.193394660949707031e+00
-9.136092185974121094e+00
-9.077510833740234375e+00
-9.017681121826171875e+00
-8.956638336181640625e+00
-8.894412040710449219e+00
-8.831034660339355469e+00
-8.766538619995117188e+00
-8.700955390930175781e+00
-8.634316444396972656e+00
-8.566654205322265625e+00
-8.498001098632812500e+00
-8.428387641906738281e+00
-8.357847213745117188e+00
-8.286411285400390625e+00
-8.214111328125000000e+00
-8.140978813171386719e+00
-8.067047119140625000e+00
-7.992347717285156250e+00
-7.916912555694580078e+00
-7.840772628784179688e+00
-7.763960361480712891e+00
-7.686508178710937500e+00
-7.608447074890136719e+00
-7.529810428619384766e+00
-7.450628757476806641e+00
-7.370934009552001953e+00
-7.290759086608886719e+00
-7.210134506225585938e+00
-7.129094123840332031e+00
-7.047667980194091797e+00
-6.965888977050781250e+00
-6.883789062500000000e+00
-6.801399230957031250e+00
-6.718752861022949219e+00
-6.635880947113037109e+00
-6.552815437316894531e+00
-6.469588279724121094e+00
-6.386231422424316406e+00
-6.302777290344238281e+00
-6.219256877899169922e+00
-6.135702610015869141e+00
-6.052146434783935547e+00
-5.968620300292968750e+00
-5.885156154632568359e+00
-5.801785469055175781e+00
-5.718540668487548828e+00
-5.635453224182128906e+00
-5.552556037902832031e+00
-5.469879150390625000e+00
-5.387455940246582031e+00
-5.305312633514404297e+00
-5.223477840423583984e+00
-5.141977787017822266e+00
-5.060841083526611328e+00
-4.980093479156494141e+00
-4.899763107299804688e+00
-4.819877147674560547e+00
-4.740463256835937500e+00
-4.661548614501953125e+00
-4.583159923553466797e+00
-4.505325317382812500e+00
-4.428071022033691406e+00
-4.351425647735595703e+00
-4.275415420532226562e+00
-4.200068473815917969e+00
-4.125411510467529297e+00
-4.051471710205078125e+00
-3.978276968002319336e+00
-3.905854225158691406e+00
-3.834231138229370117e+00
-3.763434410095214844e+00
-3.693491935729980469e+00
-3.624430418014526367e+00
-3.556277513504028320e+00
-3.489060640335083008e+00
-3.422807216644287109e+00
-3.357543945312500000e+00
-3.293298482894897461e+00
-3.230098009109497070e+00
-3.167970180511474609e+00
-3.106941699981689453e+00
-3.047040462493896484e+00
-2.988293409347534180e+00
-2.930728197097778320e+00
-2.874371528625488281e+00
-2.819251298904418945e+00
-2.765394210815429688e+00
-2.712828159332275391e+00
-2.661580324172973633e+00
-2.611677646636962891e+00
-2.563147783279418945e+00
-2.516017913818359375e+00
-2.470315456390380859e+00
-2.426067352294921875e+00
-2.383301496505737305e+00
-2.342044591903686523e+00
-2.302324056625366211e+00
-2.264167547225952148e+00
-2.227602005004882812e+00
-2.192644834518432617e+00
-2.159274101257324219e+00
-2.127456665039062500e+00
-2.097160577774047852e+00
-2.068353652954101562e+00
-2.041002988815307617e+00
-2.015076875686645508e+00
-1.990542173385620117e+00
-1.967367172241210938e+00
-1.945519328117370605e+00
-1.924966096878051758e+00
-1.905675172805786133e+00
-1.887614369392395020e+00
-1.870751023292541504e+00
-1.855052947998046875e+00
-1.840487837791442871e+00
-1.827023267745971680e+00
-1.814626812934875488e+00
-1.803266167640686035e+00
-1.792908906936645508e+00
-1.783522486686706543e+00
-1.775074958801269531e+00
-1.767533779144287109e+00
-1.760866403579711914e+00
-1.755040645599365234e+00
-1.750024080276489258e+00
-1.745784401893615723e+00
-1.742289185523986816e+00
-1.739506125450134277e+00
-1.737402677536010742e+00
-1.735946655273437500e+00
-1.735105514526367188e+00
-1.734847068786621094e+00
-1.735138893127441406e+00
-1.735948681831359863e+00
-1.737243771553039551e+00
-1.738992094993591309e+00
-1.741161465644836426e+00
-1.743718862533569336e+00
-1.746632575988769531e+00
-1.749869823455810547e+00
-1.753398537635803223e+00
-1.757186055183410645e+00
-1.761200070381164551e+00
-1.765408635139465332e+00
-1.769778847694396973e+00
-1.774278283119201660e+00
-1.778875112533569336e+00
-1.783536672592163086e+00
-1.788230538368225098e+00
