# tt
1.132375488281250000e+03
1.063731201171875000e+03
9.980764160156250000e+02
9.475758666992187500e+02
9.113822021484375000e+02
8.868124389648437500e+02
8.708258056640625000e+02
8.614301147460937500e+02
8.571631469726562500e+02
8.564274291992187500e+02
8.593363037109375000e+02
8.645643310546875000e+02
8.707165527343750000e+02
8.781674194335937500e+02
8.875263061523437500e+02
8.985743408203125000e+02
9.108667602539062500e+02
9.238841552734375000e+02
9.372031860351562500e+02
9.508630371093750000e+02
9.649849853515625000e+02
9.795587158203125000e+02
9.945351562500000000e+02
1.009841796875000000e+03
1.025422485351562500e+03
1.041309936523437500e+03
1.057534790039062500e+03
1.074028808593750000e+03
1.090729003906250000e+03
1.107692016601562500e+03
1.124982177734375000e+03
1.142575317382812500e+03
1.160407714843750000e+03
1.178347412109375000e+03
1.196311035156250000e+03
1.214479980468750000e+03
1.233037963867187500e+03
1.251914062500000000e+03
1.270973754882812500e+03
1.290111206054687500e+03
1.309336425781250000e+03
1.328688232421875000e+03
1.348205566406250000e+03
1.367927246093750000e+03
1.387883178710937500e+03
1.408067260742187500e+03
1.428464355468750000e+03
1.449059326171875000e+03
1.469837036132812500e+03
1.490786499023437500e+03
1.511912353515625000e+03
1.533223632812500000e+03
1.554728881835937500e+03
1.576437377929687500e+03
1.598355957031250000e+03
1.620486938476562500e+03
1.642830322265625000e+03
1.665386596679687500e+03
1.688156127929687500e+03
1.711139648437500000e+03
1.734340087890625000e+03
1.757761108398437500e+03
1.781405883789062500e+03
1.805277954101562500e+03
1.829380004882812500e+03
1.853711059570312500e+03
1.878269165039062500e+03
1.903052490234375000e+03
1.928059448242187500e+03
1.953290649414062500e+03
1.978760009765625000e+03
2.004483276367187500e+03
2.030477050781250000e+03
2.056757324218750000e+03
2.083334960937500000e+03
2.110199951171875000e+03
2.137336669921875000e+03
2.164729248046875000e+03
2.192362304687500000e+03
2.220223876953125000e+03
2.248317626953125000e+03
2.276650634765625000e+03
2.305229980468750000e+03
2.334062744140625000e+03
2.363154052734375000e+03
2.392498291015625000e+03
2.422087646484375000e+03
2.451914550781250000e+03
2.481970947265625000e+03
2.512250000000000000e+03
2.542749023437500000e+03
2.573465332031250000e+03
2.604397216796875000e+03
2.635542480468750000e+03
2.666898681640625000e+03
2.698464355468750000e+03
2.730236816406250000e+03
2.762214355468750000e+03
2.794394531250000000e+03
2.826775146484375000e+03
2.859354492187500000e+03
2.892130126953125000e+03
2.925100341796875000e+03
2.958262695312500000e+03
2.991614746093750000e+03
3.025155029296875000e+03
3.058881103515625000e+03
3.092791015625000000e+03
3.126882568359375000e+03
3.161152099609375000e+03
3.195591796875000000e+03
3.230191894531250000e+03
3.264942871093750000e+03
3.299834960937500000e+03
3.334859375000000000e+03
3.370005615234375000e+03
3.405264892578125000e+03
3.440627197265625000e+03
3.476083496093750000e+03
3.511623535156250000e+03
3.547238281250000000e+03
3.582918212890625000e+03
3.618653808593750000e+03
3.654435302734375000e+03
3.690253173828125000e+03
3.726098144531250000e+03
3.761960449218750000e+03
3.797830566406250000e+03
3.833698974609375000e+03
3.869556640625000000e+03
3.905393310546875000e+03
3.941200927734375000e+03
3.976969482421875000e+03
4.012689941406250000e+03
4.048352783203125000e+03
4.083949462890625000e+03
4.119470703125000000e+03
4.154906738281250000e+03
4.190248535156250000e+03
4.225487304687500000e+03
4.260613281250000000e+03
4.295617675781250000e+03
4.330490722656250000e+03
4.365224121093750000e+03
4.399808105468750000e+03
4.434232910156250000e+03
4.468490234375000000e+03
4.502570800781250000e+03
4.536464355468750000e+03
4.570162597656250000e+03
4.603656250000000000e+03
4.636936035156250000e+03
4.669991210937500000e+03
4.702813964843750000e+03
4.735394531250000000e+03
4.767723144531250000e+03
4.799790039062500000e+03
4.831587402343750000e+03
4.863104003906250000e+03
4.894332031250000000e+03
4.925260742187500000e+03
4.955881347656250000e+03
4.986185058593750000e+03
5.016162109375000000e+03
5.045802246093750000e+03
5.075097656250000000e+03
5.104037597656250000e+03
5.132613281250000000e+03
5.160814941406250000e+03
5.188633789062500000e+03
5.216060058593750000e+03
5.243084472656250000e+03
5.269697753906250000e+03
5.295890136718750000e+03
5.321653320312500000e+03
5.346978027343750000e+03
5.371855468750000000e+03
5.396278320312500000e+03
5.420238281250000000e+03
5.443726074218750000e+03
5.466734863281250000e+03
5.489254394531250000e+03
5.511277832031250000e+03
5.532796875000000000e+03
5.553802246093750000e+03
5.574286132812500000e+03
5.594240234375000000e+03
5.613656738281250000e+03
5.632526367187500000e+03
5.650841308593750000e+03
5.668593750000000000e+03
5.685774414062500000e+03
5.702375488281250000e+03
5.718388671875000000e+03
5.733805664062500000e+03
5.748617675781250000e+03
5.762816894531250000e+03
5.776395019531250000e+03
5.789343750000000000e+03
5.801655761718750000e+03
5.813331054687500000e+03
5.824370117187500000e+03
5.834773437500000000e+03
5.844541503906250000e+03
5.853676269531250000e+03
5.862177246093750000e+03
5.870045898437500000e+03
5.877282714843750000e+03
5.883888671875000000e+03
5.889864257812500000e+03
5.895210449218750000e+03
5.899928222656250000e+03
5.904017578125000000e+03
5.907479980468750000e+03
5.910315917968750000e+03
5.912525878906250000e+03
5.914111328125000000e+03
5.915072265625000000e+03
5.915410156250000000e+03
5.915125000000000000e+03
5.914218750000000000e+03
5.912690429687500000e+03
5.910542480468750000e+03
5.907774902343750000e+03
5.904388671875000000e+03
5.900383789062500000e+03
5.895762207031250000e+03
5.890523437500000000e+03
5.884669433593750000e+03
5.878200195312500000e+03
5.871116699218750000e+03
5.863419921875000000e+03
5.855110351562500000e+03
5.846188476562500000e+03
5.836655761718750000e+03
5.826512695312500000e+03
5.815759765625000000e+03
5.804397460937500000e+03
5.792427734375000000e+03
5.779850585937500000e+03
5.766666015625000000e+03
5.752876464843750000e+03
5.738481445312500000e+03
5.723481933593750000e+03
5.707878906250000000e+03
5.691673339843750000e+03
5.674865722656250000e+03
5.657456542968750000e+03
5.639446777343750000e+03
5.620838867187500000e+03
5.601642089843750000e+03
5.581866699218750000e+03
5.561523437500000000e+03
5.540623046875000000e+03
5.519176757812500000e+03
5.497194335937500000e+03
5.474687011718750000e+03
5.451665039062500000e+03
5.428140136718750000e+03
5.404121582031250000e+03
5.379621093750000000e+03
5.354648437500000000e+03
5.329214843750000000e+03
5.303331054687500000e+03
5.277007812500000000e+03
5.250255371093750000e+03
5.223084960937500000e+03
5.195506835937500000e+03
5.167531738281250000e+03
5.139169921875000000e+03
5.110433105468750000e+03
5.081331054687500000e+03
5.051875000000000000e+03
5.022075195312500000e+03
4.991942871093750000e+03
4.961487792968750000e+03
4.930721679687500000e+03
4.899654296875000000e+03
4.868297363281250000e+03
4.836660156250000000e+03
4.804754882812500000e+03
4.772590820312500000e+03
4.740179687500000000e+03
4.707531738281250000e+03
4.674657714843750000e+03
4.641567871093750000e+03
4.608273925781250000e+03
4.574785156250000000e+03
4.541113281250000000e+03
4.507269042968750000e+03
4.473262207031250000e+03
4.439104492187500000e+03
4.404805664062500000e+03
4.370376953125000000e+03
4.335828613281250000e+03
4.301171875000000000e+03
4.266416992187500000e+03
4.231574707031250000e+03
4.196656250000000000e+03
4.161671386718750000e+03
4.126630371093750000e+03
4.091542236328125000e+03
4.056416992187500000e+03
4.021264648437500000e+03
3.986094238281250000e+03
3.950915283203125000e+03
3.915738281250000000e+03
3.880572265625000000e+03
3.845427001953125000e+03
3.810311767578125000e+03
3.775236083984375000e+03
3.740210449218750000e+03
3.705244140625000000e+03
3.670346191406250000e+03
3.635526855468750000e+03
3.600795654296875000e+03
3.566161865234375000e+03
3.531635498046875000e+03
3.497226074218750000e+03
3.462942871093750000e+03
3.428796386718750000e+03
3.394795410156250000e+03
3.360949951171875000e+03
3.327269531250000000e+03
3.293763671875000000e+03
3.260442382812500000e+03
3.227314697265625000e+03
3.194390869140625000e+03
3.161679931640625000e+03
3.129191894531250000e+03
3.096936279296875000e+03
3.064922851562500000e+03
3.033161132812500000e+03
3.001660400390625000e+03
2.970430908203125000e+03
2.939481689453125000e+03
2.908822998046875000e+03
2.878464111328125000e+03
2.848414306640625000e+03
2.818683837890625000e+03
2.789281982421875000e+03
2.760218505859375000e+03
2.731502929687500000e+03
2.703144775390625000e+03
2.675154052734375000e+03
2.647540039062500000e+03
2.620312744140625000e+03
2.593481201171875000e+03
2.567055175781250000e+03
2.541043457031250000e+03
2.515447998046875000e+03
2.490269531250000000e+03
2.465509277343750000e+03
2.441168212890625000e+03
2.417247314453125000e+03
2.393747314453125000e+03
2.370669433593750000e+03
2.348014404296875000e+03
2.325783447265625000e+03
2.303977050781250000e+03
2.282596679687500000e+03
2.261643066406250000e+03
2.241117187500000000e+03
2.221020019531250000e+03
2.201352294921875000e+03
2.182115478515625000e+03
2.163309814453125000e+03
2.144936767578125000e+03
2.126997070312500000e+03
2.109492187500000000e+03
2.092422363281250000e+03
2.075788818359375000e+03
2.059592285156250000e+03
2.043834350585937500e+03
2.028515380859375000e+03
2.013636596679687500e+03
1.999198852539062500e+03
1.985203247070312500e+03
1.971650390625000000e+03
1.958541503906250000e+03
1.945877685546875000e+03
1.933659667968750000e+03
1.921888305664062500e+03
1.910564697265625000e+03
1.899689697265625000e+03
1.889264526367187500e+03
1.879289916992187500e+03
1.869766723632812500e+03
1.860696289062500000e+03
1.852079223632812500e+03
1.843916503906250000e+03
1.836209106445312500e+03
1.828958007812500000e+03
1.822164428710937500e+03
1.815828979492187500e+03
1.809952514648437500e+03
1.804536254882812500e+03
1.799581176757812500e+03
1.795088134765625000e+03
1.791056762695312500e+03
1.787481689453125000e+03
1.784356201171875000e+03
1.781673217773437500e+03
1.779426269531250000e+03
1.777608520507812500e+03
1.776213378906250000e+03
1.775233886718750000e+03
1.774663452148437500e+03
1.774495117187500000e+03
1.774722167968750000e+03
1.775338134765625000e+03
1.776335937500000000e+03
1.777708984375000000e+03
1.779450439453125000e+03
1.781553588867187500e+03
1.784011718750000000e+03
1.786817993164062500e+03
1.789965698242187500e+03
1.793447998046875000e+03
1.797258422851562500e+03
1.801389892578125000e+03
1.805835937500000000e+03
1.810589477539062500e+03
1.815643920898437500e+03
1.820992553710937500e+03
1.826628662109375000e+03
1.832545288085937500e+03
1.838735961914062500e+03
1.845193603515625000e+03
1.851911743164062500e+03
1.858883544921875000e+03
1.866102172851562500e+03
1.873561035156250000e+03
1.881253295898437500e+03
1.889171997070312500e+03
1.897310546875000000e+03
1.905662475585937500e+03
1.914220581054687500e+03
1.922978271484375000e+03
1.931928955078125000e+03
1.941065551757812500e+03
1.950381713867187500e+03
1.959870483398437500e+03
1.969524780273437500e+03
1.979338378906250000e+03
1.989304443359375000e+03
1.999416015625000000e+03
2.009666259765625000e+03
2.020048706054687500e+03
2.030556274414062500e+03
2.041182495117187500e+03
2.051920410156250000e+03
2.062762939453125000e+03
2.073703369140625000e+03
2.084734863281250000e+03
2.095850585937500000e+03
2.107043457031250000e+03
2.118306884765625000e+03
2.129634033203125000e+03
2.141017822265625000e+03
2.152451416015625000e+03
2.163927978515625000e+03
2.175440917968750000e+03
2.186983154296875000e+03
2.198547851562500000e+03
2.210127929687500000e+03
2.221717041015625000e+03
2.233307861328125000e+03
2.244893798828125000e+03
2.256468017578125000e+03
2.268023437500000000e+03
2.279553222656250000e+03
2.291050781250000000e+03
2.302509033203125000e+03
2.313921142578125000e+03
2.325280029296875000e+03
2.336579589843750000e+03
2.347812255859375000e+03
2.358971191406250000e+03
2.370049804687500000e+03
2.381041259765625000e+03
2.391938476562500000e+03
2.402734863281250000e+03
2.413423339843750000e+03
2.423997070312500000e+03
2.434449462890625000e+03
2.444773193359375000e+03
2.454961669921875000e+03
2.465008300781250000e+03
2.474905517578125000e+03
2.484647460937500000e+03
2.494226318359375000e+03
2.503635498046875000e+03
2.512868408203125000e+03
2.521918457031250000e+03
2.530777832031250000e+03
2.539440429687500000e+03
2.547899414062500000e+03
2.556147216796875000e+03
2.564178955078125000e+03
2.571992675781250000e+03
2.579587402343750000e+03
2.586963134765625000e+03
2.594119384765625000e+03
2.601055175781250000e+03
2.607770751953125000e+03
2.614264892578125000e+03
2.620537353515625000e+03
2.626587402343750000e+03
2.632414550781250000e+03
2.638018798828125000e+03
2.643398925781250000e+03
2.648554931640625000e+03
2.653486083984375000e+03
2.658191650390625000e+03
2.662671386718750000e+03
2.666924804687500000e+03
2.670950927734375000e+03
2.674750000000000000e+03
2.678320800781250000e+03
2.681663330078125000e+03
2.684776611328125000e+03
2.687660400390625000e+03
2.690314208984375000e+03
2.692737304687500000e+03
2.694929443359375000e+03
2.696889892578125000e+03
2.698617675781250000e+03
2.700113281250000000e+03
2.701375488281250000e+03
2.702404296875000000e+03
2.703198486328125000e+03
2.703757812500000000e+03
2.704082031250000000e+03
2.704170654296875000e+03
2.704022460937500000e+03
2.703637695312500000e+03
2.703015625000000000e+03
2.702155273437500000e+03
2.701056640625000000e+03
2.699719238281250000e+03
2.698142089843750000e+03
2.696325195312500000e+03
2.694267578125000000e+03
2.691969238281250000e+03
2.689428955078125000e+03
2.686646728515625000e+03
2.683621826171875000e+03
2.680354003906250000e+03
2.676843017578125000e+03
2.673093261718750000e+03
2.669109375000000000e+03
2.664895751953125000e+03
2.660457275390625000e+03
2.655798339843750000e+03
2.650923828125000000e+03
2.645838623046875000e+03
2.640547119140625000e+03
2.635053955078125000e+03
2.629364013671875000e+03
2.623481933593750000e+03
2.617412353515625000e+03
2.611159667968750000e+03
2.604729003906250000e+03
2.598125000000000000e+03
2.591352294921875000e+03
2.584415283203125000e+03
2.577318847656250000e+03
2.570067871093750000e+03
2.562666503906250000e+03
2.555120117187500000e+03
2.547432861328125000e+03
2.539609375000000000e+03
2.531654785156250000e+03
2.523573242187500000e+03
2.515370117187500000e+03
2.507049560546875000e+03
2.498616210937500000e+03
2.490074951171875000e+03
2.481430419921875000e+03
2.472687255859375000e+03
2.463850341796875000e+03
2.454924072265625000e+03
2.445913085937500000e+03
2.436822509765625000e+03
2.427656494140625000e+03
2.418420166015625000e+03
2.409117919921875000e+03
2.399754394531250000e+03
2.390334716796875000e+03
2.380863037109375000e+03
2.371344238281250000e+03
2.361782714843750000e+03
2.352183837890625000e+03
2.342551757812500000e+03
2.332891113281250000e+03
2.323206787109375000e+03
2.313503662109375000e+03
2.303785888671875000e+03
2.294058593750000000e+03
2.284325683593750000e+03
2.274592041015625000e+03
2.264861572265625000e+03
2.255138916015625000e+03
2.245428466796875000e+03
2.235734375000000000e+03
2.226061035156250000e+03
2.216412841796875000e+03
2.206794189453125000e+03
2.197209228515625000e+03
2.187662597656250000e+03
2.178158447265625000e+03
2.168701171875000000e+03
2.159295166015625000e+03
2.149944824218750000e+03
2.140654296875000000e+03
2.131428222656250000e+03
2.122270751953125000e+03
2.113186279296875000e+03
2.104179199218750000e+03
2.095253906250000000e+03
2.086414794921875000e+03
2.077665771484375000e+03
2.069011718750000000e+03
2.060457031250000000e+03
2.052005615234375000e+03
2.043661865234375000e+03
2.035430541992187500e+03
2.027315795898437500e+03
2.019321777343750000e+03
2.011453247070312500e+03
2.003714111328125000e+03
1.996108886718750000e+03
1.988642089843750000e+03
1.981317993164062500e+03
1.974140991210937500e+03
1.967115112304687500e+03
1.960245239257812500e+03
1.953535156250000000e+03
1.946989624023437500e+03
1.940613037109375000e+03
1.934409301757812500e+03
1.928383178710937500e+03
1.922538940429687500e+03
1.916880981445312500e+03
1.911413452148437500e+03
1.906140747070312500e+03
1.901067504882812500e+03
1.896197631835937500e+03
1.891535034179687500e+03
1.887080200195312500e+03
1.882831909179687500e+03
1.878790527343750000e+03
1.874955322265625000e+03
1.871325805664062500e+03
1.867901611328125000e+03
1.864682128906250000e+03
1.861666870117187500e+03
1.858855712890625000e+03
1.856248046875000000e+03
1.853843261718750000e+03
1.851641113281250000e+03
1.849640991210937500e+03
1.847842529296875000e+03
1.846245483398437500e+03
1.844848876953125000e+03
1.843652832031250000e+03
1.842656494140625000e+03
1.841859619140625000e+03
1.841261718750000000e+03
1.840862426757812500e+03
1.840660888671875000e+03
1.840657226562500000e+03
1.840850708007812500e+03
1.841240966796875000e+03
1.841827270507812500e+03
1.842609375000000000e+03
1.843586914062500000e+03
1.844759399414062500e+03
1.846126220703125000e+03
1.847687133789062500e+03
1.849441772460937500e+03
1.851389282226562500e+03
1.853529541015625000e+03
1.855862060546875000e+03
1.858386230468750000e+03
1.861101806640625000e+03
1.864008056640625000e+03
1.867104858398437500e+03
1.870391479492187500e+03
1.873867919921875000e+03
1.877533081054687500e+03
1.881386840820312500e+03
1.885429077148437500e+03
1.889658691406250000e+03
1.894075927734375000e+03
1.898679687500000000e+03
1.903469726562500000e+03
1.908445800781250000e+03
1.913606689453125000e+03
1.918948730468750000e+03
1.924467651367187500e+03
1.930159057617187500e+03
1.936018798828125000e+03
1.942042236328125000e+03
1.948225341796875000e+03
1.954563720703125000e+03
1.961053100585937500e+03
1.967688964843750000e+03
1.974467285156250000e+03
1.981383789062500000e+03
1.988433837890625000e+03
1.995613281250000000e+03
2.002917968750000000e+03
2.010343383789062500e+03
2.017885253906250000e+03
2.025539428710937500e+03
2.033301391601562500e+03
2.041166870117187500e+03
2.049131591796875000e+03
2.057191406250000000e+03
2.065341552734375000e+03
2.073578369140625000e+03
2.081896728515625000e+03
2.090293212890625000e+03
2.098762695312500000e+03
2.107301513671875000e+03
2.115905029296875000e+03
2.124568847656250000e+03
2.133289062500000000e+03
2.142061035156250000e+03
2.150880371093750000e+03
2.159742919921875000e+03
2.168644531250000000e+03
2.177580566406250000e+03
2.186546875000000000e+03
2.195539306640625000e+03
2.204553222656250000e+03
2.213584472656250000e+03
2.222628662109375000e+03
2.231681884765625000e+03
2.240739257812500000e+03
2.249796630859375000e+03
2.258850097656250000e+03
2.267895019531250000e+03
2.276926757812500000e+03
2.285941894531250000e+03
2.294935058593750000e+03
2.303902587890625000e+03
2.312840332031250000e+03
2.321744140625000000e+03
2.330610595703125000e+03
2.339435546875000000e+03
2.348216064453125000e+03
2.356947509765625000e+03
2.365626953125000000e+03
2.374250488281250000e+03
2.382814208984375000e+03
2.391314453125000000e+03
2.399747558593750000e+03
2.408110107421875000e+03
2.416397949218750000e+03
2.424607666015625000e+03
2.432735595703125000e+03
2.440777587890625000e+03
2.448730712890625000e+03
2.456590332031250000e+03
2.464353515625000000e+03
2.472016357421875000e+03
2.479574951171875000e+03
2.487025634765625000e+03
2.494364990234375000e+03
2.501589111328125000e+03
2.508694091796875000e+03
2.515676757812500000e+03
2.522532958984375000e+03
2.529259033203125000e+03
2.535851562500000000e+03
2.542306396484375000e+03
2.548620361328125000e+03
2.554789306640625000e+03
2.560809570312500000e+03
2.566677734375000000e+03
2.572390380859375000e+03
2.577942871093750000e+03
2.583332031250000000e+03
2.588554199218750000e+03
2.593605712890625000e+03
2.598482666015625000e+03
2.603181640625000000e+03
2.607698486328125000e+03
2.612030029296875000e+03
2.616172363281250000e+03
2.620121337890625000e+03
2.623873779296875000e+03
2.627426269531250000e+03
2.630774414062500000e+03
2.633914550781250000e+03
2.636843261718750000e+03
2.639557617187500000e+03
2.642057128906250000e+03
2.644341796875000000e+03
2.646412597656250000e+03
2.648269042968750000e+03
2.649911621093750000e+03
2.651340820312500000e+03
2.652556640625000000e+03
2.653559570312500000e+03
2.654349853515625000e+03
2.654927734375000000e+03
2.655293701171875000e+03
2.655447509765625000e+03
2.655389892578125000e+03
2.655121093750000000e+03
2.654641113281250000e+03
2.653950683593750000e+03
2.653049560546875000e+03
2.651938476562500000e+03
2.650617431640625000e+03
2.649086914062500000e+03
2.647346923828125000e+03
2.645397949218750000e+03
2.643239990234375000e+03
2.640873779296875000e+03
2.638299316406250000e+03
2.635516845703125000e+03
2.632526855468750000e+03
2.629329589843750000e+03
2.625925048828125000e+03
2.622313720703125000e+03
2.618495849609375000e+03
2.614471679687500000e+03
2.610241699218750000e+03
2.605805908203125000e+03
2.601164794921875000e+03
2.596318359375000000e+03
2.591267333984375000e+03
2.586011474609375000e+03
2.580551269531250000e+03
2.574887207031250000e+03
2.569019531250000000e+03
2.562948242187500000e+03
2.556673583984375000e+03
2.550196289062500000e+03
2.543516113281250000e+03
2.536633789062500000e+03
2.529549072265625000e+03
2.522262939453125000e+03
2.514775146484375000e+03
2.507086914062500000e+03
2.499200683593750000e+03
2.491120849609375000e+03
2.482850830078125000e+03
2.474394287109375000e+03
2.465754882812500000e+03
2.456936279296875000e+03
2.447942382812500000e+03
2.438776611328125000e+03
2.429442626953125000e+03
2.419944335937500000e+03
2.410285156250000000e+03
2.400469238281250000e+03
2.390499511718750000e+03
2.380380615234375000e+03
2.370115234375000000e+03
2.359708007812500000e+03
2.349161621093750000e+03
2.338480712890625000e+03
2.327668212890625000e+03
2.316728271484375000e+03
2.305664550781250000e+03
2.294480224609375000e+03
2.283179687500000000e+03
2.271766113281250000e+03
2.260243408203125000e+03
2.248615234375000000e+03
2.236885009765625000e+03
2.225056640625000000e+03
2.213134277343750000e+03
2.201120605468750000e+03
2.189020263671875000e+03
2.176836181640625000e+03
2.164572509765625000e+03
2.152232910156250000e+03
2.139820556640625000e+03
2.127340087890625000e+03
2.114794189453125000e+03
2.102187011718750000e+03
2.089522216796875000e+03
2.076803466796875000e+03
2.064034423828125000e+03
2.051218994140625000e+03
2.038360351562500000e+03
2.025462646484375000e+03
2.012529418945312500e+03
1.999564331054687500e+03
1.986570922851562500e+03
1.973553100585937500e+03
1.960514404296875000e+03
1.947458618164062500e+03
1.934388916015625000e+03
1.921308715820312500e+03
1.908221069335937500e+03
1.895129638671875000e+03
1.882037475585937500e+03
1.868948120117187500e+03
1.855864501953125000e+03
1.842790039062500000e+03
1.829728393554687500e+03
1.816682373046875000e+03
1.803655395507812500e+03
1.790651000976562500e+03
1.777672241210937500e+03
1.764722534179687500e+03
1.751805053710937500e+03
1.738923217773437500e+03
1.726080200195312500e+03
1.713279418945312500e+03
1.700524169921875000e+03
1.687817626953125000e+03
1.675163208007812500e+03
1.662563964843750000e+03
1.650023681640625000e+03
1.637545166015625000e+03
1.625132080078125000e+03
1.612787353515625000e+03
1.600514526367187500e+03
1.588316894531250000e+03
1.576197631835937500e+03
1.564160278320312500e+03
1.552207763671875000e+03
1.540343627929687500e+03
1.528571166992187500e+03
1.516893554687500000e+03
1.505314208984375000e+03
1.493836303710937500e+03
1.482463256835937500e+03
1.471198364257812500e+03
1.460044799804687500e+03
1.449005859375000000e+03
1.438085083007812500e+03
1.427285522460937500e+03
1.416610595703125000e+03
1.406063354492187500e+03
1.395647460937500000e+03
1.385365966796875000e+03
1.375222290039062500e+03
1.365219726562500000e+03
1.355361328125000000e+03
1.345650146484375000e+03
1.336086914062500000e+03
1.326671997070312500e+03
1.317405395507812500e+03
1.308287719726562500e+03
1.299318847656250000e+03
1.290499511718750000e+03
1.281829711914062500e+03
1.273309692382812500e+03
1.264939819335937500e+03
1.256720336914062500e+03
1.248651611328125000e+03
1.240733764648437500e+03
1.232967285156250000e+03
1.225352172851562500e+03
1.217888916015625000e+03
1.210577758789062500e+03
1.203418945312500000e+03
1.196412719726562500e+03
1.189559326171875000e+03
1.182859130859375000e+03
1.176312500000000000e+03
1.169919433593750000e+03
1.163680541992187500e+03
1.157595825195312500e+03
1.151665527343750000e+03
1.145890258789062500e+03
1.140269897460937500e+03
1.134805053710937500e+03
1.129495849609375000e+03
1.124342529296875000e+03
1.119345458984375000e+03
1.114504760742187500e+03
1.109820922851562500e+03
1.105294189453125000e+03
1.100924560546875000e+03
1.096712646484375000e+03
1.092658691406250000e+03
1.088762695312500000e+03
1.085025146484375000e+03
1.081446289062500000e+03
1.078026489257812500e+03
1.074765747070312500e+03
1.071664672851562500e+03
1.068723266601562500e+03
1.065942016601562500e+03
1.063321044921875000e+03
1.060860717773437500e+03
1.058561279296875000e+03
1.056422973632812500e+03
1.054445800781250000e+03
1.052627685546875000e+03
1.050966308593750000e+03
1.049459594726562500e+03
1.048104980468750000e+03
1.046900268554687500e+03
1.045843261718750000e+03
1.044931274414062500e+03
1.044162353515625000e+03
1.043534057617187500e+03
1.043044189453125000e+03
1.042690185546875000e+03
1.042469970703125000e+03
1.042381103515625000e+03
1.042421386718750000e+03
1.042588256835937500e+03
1.042879760742187500e+03
1.043293334960937500e+03
1.043826782226562500e+03
1.044477661132812500e+03
1.045243774414062500e+03
1.046122924804687500e+03
1.047112548828125000e+03
1.048210449218750000e+03
1.049414184570312500e+03
1.050721679687500000e+03
1.052130493164062500e+03
1.053638427734375000e+03
1.055242919921875000e+03
1.056941894531250000e+03
1.058732910156250000e+03
1.060613647460937500e+03
1.062582031250000000e+03
1.064635375976562500e+03
1.066771606445312500e+03
1.068988403320312500e+03
1.071283447265625000e+03
1.073654296875000000e+03
1.076098876953125000e+03
1.078614624023437500e+03
1.081199340820312500e+03
1.083850708007812500e+03
1.086566528320312500e+03
1.089344238281250000e+03
1.092181762695312500e+03
1.095076660156250000e+03
1.098026611328125000e+03
1.101029418945312500e+03
1.104082641601562500e+03
1.107184082031250000e+03
1.110331298828125000e+03
1.113521850585937500e+03
1.116753417968750000e+03
1.120023315429687500e+03
1.123329345703125000e+03
1.126668701171875000e+03
1.130039306640625000e+03
1.133438354492187500e+03
1.136863525390625000e+03
1.140312255859375000e+03
1.143782226562500000e+03
1.147270874023437500e+03
1.150775756835937500e+03
1.154294433593750000e+03
1.157824584960937500e+03
1.161363281250000000e+03
1.164908447265625000e+03
1.168457519531250000e+03
1.172008056640625000e+03
1.175557495117187500e+03
1.179103515625000000e+03
1.182643432617187500e+03
1.186174926757812500e+03
1.189695556640625000e+03
1.193202880859375000e+03
1.196694213867187500e+03
1.200167358398437500e+03
1.203619628906250000e+03
1.207048706054687500e+03
1.210452148437500000e+03
1.213827270507812500e+03
1.217171752929687500e+03
1.220483032226562500e+03
1.223758911132812500e+03
1.226996704101562500e+03
1.230193969726562500e+03
1.233348144531250000e+03
1.236457031250000000e+03
1.239517822265625000e+03
1.242528320312500000e+03
1.245485839843750000e+03
1.248388183593750000e+03
1.251232666015625000e+03
1.254016845703125000e+03
1.256738281250000000e+03
1.259394653320312500e+03
1.261983276367187500e+03
1.264501708984375000e+03
1.266947509765625000e+03
1.269318481445312500e+03
1.271612060546875000e+03
1.273827758789062500e+03
1.275964965820312500e+03
1.278023559570312500e+03
1.280002807617187500e+03
1.281902465820312500e+03
1.283722167968750000e+03
1.285461303710937500e+03
1.287119628906250000e+03
1.288696655273437500e+03
1.290192016601562500e+03
1.291605224609375000e+03
1.292935791015625000e+03
1.294183593750000000e+03
1.295347900390625000e+03
1.296428466796875000e+03
1.297424804687500000e+03
1.298336547851562500e+03
1.299163208007812500e+03
1.299904418945312500e+03
1.300559692382812500e+03
1.301128784179687500e+03
1.301611206054687500e+03
1.302006347656250000e+03
1.302314086914062500e+03
1.302533813476562500e+03
1.302665161132812500e+03
1.302707763671875000e+03
1.302661132812500000e+03
1.302524902343750000e+03
1.302298583984375000e+03
1.301981811523437500e+03
1.301574218750000000e+03
1.301075195312500000e+03
1.300484619140625000e+03
1.299802001953125000e+03
1.299026611328125000e+03
1.298158325195312500e+03
1.297196777343750000e+03
1.296141357421875000e+03
1.294991699218750000e+03
1.293747436523437500e+03
1.292408081054687500e+03
1.290973388671875000e+03
1.289442871093750000e+03
1.287815917968750000e+03
1.286092163085937500e+03
1.284271484375000000e+03
1.282353271484375000e+03
1.280337036132812500e+03
1.278222656250000000e+03
1.276011474609375000e+03
1.273704956054687500e+03
1.271304687500000000e+03
1.268812011718750000e+03
1.266228515625000000e+03
1.263555908203125000e+03
1.260795532226562500e+03
1.257948730468750000e+03
1.255017456054687500e+03
1.252002807617187500e+03
1.248906494140625000e+03
1.245729980468750000e+03
1.242474853515625000e+03
1.239142578125000000e+03
1.235734741210937500e+03
1.232252807617187500e+03
1.228698242187500000e+03
1.225072631835937500e+03
1.221377563476562500e+03
1.217614379882812500e+03
1.213784667968750000e+03
1.209890014648437500e+03
1.205931762695312500e+03
1.201911621093750000e+03
1.197831054687500000e+03
1.193691528320312500e+03
1.189494628906250000e+03
1.185241821289062500e+03
1.180934692382812500e+03
1.176574584960937500e+03
1.172163208007812500e+03
1.167702026367187500e+03
1.163192626953125000e+03
1.158636230468750000e+03
1.154034667968750000e+03
1.149389404296875000e+03
1.144701904296875000e+03
1.139973632812500000e+03
1.135206176757812500e+03
1.130400878906250000e+03
1.125559570312500000e+03
1.120683715820312500e+03
1.115774658203125000e+03
1.110833862304687500e+03
1.105863037109375000e+03
1.100863647460937500e+03
1.095837280273437500e+03
1.090785278320312500e+03
1.085709106445312500e+03
1.080610595703125000e+03
1.075491210937500000e+03
1.070352783203125000e+03
1.065197021484375000e+03
1.060025268554687500e+03
1.054839599609375000e+03
1.049641601562500000e+03
1.044432983398437500e+03
1.039215209960937500e+03
1.033990234375000000e+03
1.028759765625000000e+03
1.023525329589843750e+03
1.018288757324218750e+03
1.013051635742187500e+03
1.007815734863281250e+03
1.002582702636718750e+03
9.973542480468750000e+02
9.921320800781250000e+02
9.869178466796875000e+02
9.817132568359375000e+02
9.765200805664062500e+02
9.713398437500000000e+02
9.661744384765625000e+02
9.610253906250000000e+02
9.558944091796875000e+02
9.507833251953125000e+02
9.456937866210937500e+02
9.406273193359375000e+02
9.355858764648437500e+02
9.305709228515625000e+02
9.255842895507812500e+02
9.206275634765625000e+02
9.157026367187500000e+02
9.108109741210937500e+02
9.059543457031250000e+02
9.011344604492187500e+02
8.963530883789062500e+02
8.916116943359375000e+02
8.869122924804687500e+02
8.822562866210937500e+02
8.776455078125000000e+02
8.730816650390625000e+02
8.685663452148437500e+02
8.641013793945312500e+02
8.596884155273437500e+02
8.553290405273437500e+02
8.510250244140625000e+02
8.467781372070312500e+02
8.425899658203125000e+02
8.384622192382812500e+02
8.343964233398437500e+02
8.303930053710937500e+02
8.264523315429687500e+02
8.225746459960937500e+02
8.187603759765625000e+02
8.150096435546875000e+02
8.113227539062500000e+02
8.077001342773437500e+02
8.041419677734375000e+02
8.006486206054687500e+02
7.972203369140625000e+02
7.938574218750000000e+02
7.905601806640625000e+02
7.873288574218750000e+02
7.841638183593750000e+02
7.810653686523437500e+02
7.780336914062500000e+02
7.750691528320312500e+02
7.721721191406250000e+02
7.693427734375000000e+02
7.665814208984375000e+02
7.638884277343750000e+02
7.612639770507812500e+02
7.587084960937500000e+02
7.562221679687500000e+02
7.538053588867187500e+02
7.514583129882812500e+02
7.491813354492187500e+02
7.469747924804687500e+02
7.448388671875000000e+02
7.427739257812500000e+02
7.407802124023437500e+02
7.388580932617187500e+02
7.370078125000000000e+02
7.352296142578125000e+02
7.335239257812500000e+02
7.318908691406250000e+02
7.303309326171875000e+02
7.288442382812500000e+02
7.274312133789062500e+02
7.260921020507812500e+02
7.248271484375000000e+02
7.236366577148437500e+02
7.225209960937500000e+02
7.214804077148437500e+02
7.205151977539062500e+02
7.196256713867187500e+02
7.188120727539062500e+02
7.180747680664062500e+02
7.174140014648437500e+02
7.168298339843750000e+02
7.163214111328125000e+02
7.158875732421875000e+02
7.155272216796875000e+02
7.152392578125000000e+02
7.150225219726562500e+02
7.148758544921875000e+02
7.147982788085937500e+02
7.147885131835937500e+02
7.148455200195312500e+02
7.149681396484375000e+02
7.151553344726562500e+02
7.154058837890625000e+02
7.157186889648437500e+02
7.160926513671875000e+02
7.165266723632812500e+02
7.170195922851562500e+02
7.175702514648437500e+02
7.181776123046875000e+02
7.188405151367187500e+02
7.195578613281250000e+02
7.203284912109375000e+02
7.211513061523437500e+02
7.220251464843750000e+02
7.229489746093750000e+02
7.239216308593750000e+02
7.249419555664062500e+02
7.260088500976562500e+02
7.271212158203125000e+02
7.282778930664062500e+02
7.294777832031250000e+02
7.307197875976562500e+02
7.320027465820312500e+02
7.333255615234375000e+02
7.346870727539062500e+02
7.360861816406250000e+02
7.375217895507812500e+02
7.389927978515625000e+02
7.404980468750000000e+02
7.420363769531250000e+02
7.436066894531250000e+02
7.452079467773437500e+02
7.468389282226562500e+02
7.484985351562500000e+02
7.501856689453125000e+02
7.518992309570312500e+02
7.536380004882812500e+02
7.554009399414062500e+02
7.571868896484375000e+02
7.589948120117187500e+02
7.608234863281250000e+02
7.626715698242187500e+02
7.645379028320312500e+02
7.664210815429687500e+02
7.683198242187500000e+02
7.702327880859375000e+02
7.721586914062500000e+02
7.740963134765625000e+02
7.760442504882812500e+02
7.780010986328125000e+02
7.799658203125000000e+02
7.819368896484375000e+02
7.839130249023437500e+02
7.858930664062500000e+02
7.878754882812500000e+02
7.898591308593750000e+02
7.918427124023437500e+02
7.938248901367187500e+02
7.958042602539062500e+02
7.977796020507812500e+02
7.997495727539062500e+02
8.017128906250000000e+02
8.036683349609375000e+02
8.056144409179687500e+02
8.075499877929687500e+02
8.094736328125000000e+02
8.113840942382812500e+02
8.132800903320312500e+02
8.151602783203125000e+02
8.170233154296875000e+02
8.188680419921875000e+02
8.206929321289062500e+02
8.224968872070312500e+02
8.242785034179687500e+02
8.260363769531250000e+02
8.277694091796875000e+02
8.294761352539062500e+02
8.311553344726562500e+02
8.328056640625000000e+02
8.344257812500000000e+02
8.360144653320312500e+02
8.375703735351562500e+02
8.390921020507812500e+02
8.405784912109375000e+02
8.420281982421875000e+02
8.434398193359375000e+02
8.448121337890625000e+02
8.461438598632812500e+02
8.474336547851562500e+02
8.486801147460937500e+02
8.498823242187500000e+02
8.510396118164062500e+02
8.521516723632812500e+02
8.532182006835937500e+02
8.542388305664062500e+02
8.552133789062500000e+02
8.561413574218750000e+02
8.570224609375000000e+02
8.578564453125000000e+02
8.586428833007812500e+02
8.593815307617187500e+02
8.600720214843750000e+02
8.607139892578125000e+02
8.613071899414062500e+02
8.618512573242187500e+02
8.623458251953125000e+02
8.627906494140625000e+02
8.631853027343750000e+02
8.635295410156250000e+02
8.638229980468750000e+02
8.640653076171875000e+02
8.642562255859375000e+02
8.643953247070312500e+02
8.644824218750000000e+02
8.645170288085937500e+02
8.644989013671875000e+02
8.644277954101562500e+02
8.643032226562500000e+02
8.641248779296875000e+02
8.638925170898437500e+02
8.636057739257812500e+02
8.632642822265625000e+02
8.628677978515625000e+02
8.624158935546875000e+02
8.619083251953125000e+02
8.613447265625000000e+02
8.607248535156250000e+02
8.600481567382812500e+02
8.593145751953125000e+02
8.585235595703125000e+02
8.576749267578125000e+02
8.567683715820312500e+02
8.558034057617187500e+02
8.547797851562500000e+02
8.536972656250000000e+02
8.525554199218750000e+02
8.513539428710937500e+02
8.500924682617187500e+02
8.487707519531250000e+02
8.473883666992187500e+02
8.459452514648437500e+02
8.444419555664062500e+02
8.428792114257812500e+02
8.412578735351562500e+02
8.395786132812500000e+02
8.378421630859375000e+02
8.360494384765625000e+02
8.342010498046875000e+02
8.322977905273437500e+02
8.303404541015625000e+02
8.283297729492187500e+02
8.262665405273437500e+02
8.241514892578125000e+02
8.219854125976562500e+02
8.197689819335937500e+02
8.175030517578125000e+02
8.151884155273437500e+02
8.128257446289062500e+02
8.104158325195312500e+02
8.079594116210937500e+02
8.054572753906250000e+02
8.029102783203125000e+02
8.003189697265625000e+02
7.976842651367187500e+02
7.950068359375000000e+02
7.922875976562500000e+02
7.895271606445312500e+02
7.867262573242187500e+02
7.838858032226562500e+02
7.810064697265625000e+02
7.780889892578125000e+02
7.751342163085937500e+02
7.721428222656250000e+02
7.691156005859375000e+02
7.660533447265625000e+02
7.629567871093750000e+02
7.598265991210937500e+02
7.566637573242187500e+02
7.534688110351562500e+02
7.502426147460937500e+02
7.469859008789062500e+02
7.436995239257812500e+02
7.403841552734375000e+02
7.370405273437500000e+02
7.336694335937500000e+02
7.302717285156250000e+02
7.268480834960937500e+02
7.233992309570312500e+02
7.199259643554687500e+02
7.164290771484375000e+02
7.129093017578125000e+02
7.093676757812500000e+02
7.058051757812500000e+02
7.022227783203125000e+02
6.986215820312500000e+02
6.950024414062500000e+02
6.913665161132812500e+02
6.877146606445312500e+02
6.840480346679687500e+02
6.803676147460937500e+02
6.766743164062500000e+02
6.729691162109375000e+02
6.692532348632812500e+02
6.655274047851562500e+02
6.617929077148437500e+02
6.580504760742187500e+02
6.543013305664062500e+02
6.505463256835937500e+02
6.467865600585937500e+02
6.430230712890625000e+02
6.392567749023437500e+02
6.354887084960937500e+02
6.317198486328125000e+02
6.279512329101562500e+02
6.241838989257812500e+02
6.204187622070312500e+02
6.166569213867187500e+02
6.128993530273437500e+02
6.091470336914062500e+02
6.054010009765625000e+02
6.016622314453125000e+02
5.979317626953125000e+02
5.942106323242187500e+02
5.904997558593750000e+02
5.868001708984375000e+02
5.831129150390625000e+02
5.794389038085937500e+02
5.757792358398437500e+02
5.721349487304687500e+02
5.685069580078125000e+02
5.648963623046875000e+02
5.613040161132812500e+02
5.577310791015625000e+02
5.541784667968750000e+02
5.506472167968750000e+02
5.471383666992187500e+02
5.436528320312500000e+02
5.401917114257812500e+02
5.367559204101562500e+02
5.333465576171875000e+02
5.299644775390625000e+02
5.266101684570312500e+02
5.232839355468750000e+02
5.199862670898437500e+02
5.167174072265625000e+02
5.134778442382812500e+02
5.102678527832031250e+02
5.070878601074218750e+02
5.039382019042968750e+02
5.008192138671875000e+02
4.977313842773437500e+02
4.946750183105468750e+02
4.916504516601562500e+02
4.886580505371093750e+02
4.856982421875000000e+02
4.827713317871093750e+02
4.798777465820312500e+02
4.770178222656250000e+02
4.741919860839843750e+02
4.714005432128906250e+02
4.686438293457031250e+02
4.659223022460937500e+02
4.632362976074218750e+02
4.605862121582031250e+02
4.579723205566406250e+02
4.553950805664062500e+02
4.528548583984375000e+02
4.503519592285156250e+02
4.478868408203125000e+02
4.454598083496093750e+02
4.430712280273437500e+02
4.407215270996093750e+02
4.384110107421875000e+02
4.361401062011718750e+02
4.339091491699218750e+02
4.317184753417968750e+02
4.295685424804687500e+02
4.274596557617187500e+02
4.253922119140625000e+02
4.233665161132812500e+02
4.213830261230468750e+02
4.194421081542968750e+02
4.175440368652343750e+02
4.156892700195312500e+02
4.138781433105468750e+02
4.121110534667968750e+02
4.103883361816406250e+02
4.087103271484375000e+02
4.070775146484375000e+02
4.054901428222656250e+02
4.039485473632812500e+02
4.024523620605468750e+02
4.010011901855468750e+02
3.995946044921875000e+02
3.982322387695312500e+02
3.969135742187500000e+02
3.956382141113281250e+02
3.944057617187500000e+02
3.932158203125000000e+02
3.920679016113281250e+02
3.909616088867187500e+02
3.898965148925781250e+02
3.888721923828125000e+02
3.878882446289062500e+02
3.869441833496093750e+02
3.860396423339843750e+02
3.851741943359375000e+02
3.843474426269531250e+02
3.835588684082031250e+02
3.828081359863281250e+02
3.820947875976562500e+02
3.814183959960937500e+02
3.807785339355468750e+02
3.801748046875000000e+02
3.796067504882812500e+02
3.790739746093750000e+02
3.785760498046875000e+02
3.781125488281250000e+02
3.776830139160156250e+02
3.772870788574218750e+02
3.769242858886718750e+02
3.765942382812500000e+02
3.762964477539062500e+02
3.760305480957031250e+02
3.757961120605468750e+02
3.755927124023437500e+02
3.754199218750000000e+02
3.752772827148437500e+02
3.751644592285156250e+02
3.750809020996093750e+02
3.750263061523437500e+02
3.750001525878906250e+02
3.750021057128906250e+02
3.750316772460937500e+02
3.750884704589843750e+02
3.751720581054687500e+02
3.752819824218750000e+02
3.754178771972656250e+02
3.755793151855468750e+02
3.757658081054687500e+02
3.759769592285156250e+02
3.762120971679687500e+02
3.764704895019531250e+02
3.767515563964843750e+02
3.770545349121093750e+02
3.773787536621093750e+02
3.777235717773437500e+02
3.780882568359375000e+02
3.784721374511718750e+02
3.788745117187500000e+02
3.792947082519531250e+02
3.797320861816406250e+02
3.801858825683593750e+02
3.806554870605468750e+02
3.811401672363281250e+02
3.816392517089843750e+02
3.821520385742187500e+02
3.826778869628906250e+02
3.832160644531250000e+02
3.837659301757812500e+02
3.843267517089843750e+02
3.848978881835937500e+02
3.854786071777343750e+02
3.860682983398437500e+02
3.866661987304687500e+02
3.872716979980468750e+02
3.878840332031250000e+02
3.885025634765625000e+02
3.891266174316406250e+02
3.897554626464843750e+02
3.903884582519531250e+02
3.910249023437500000e+02
3.916641235351562500e+02
3.923054199218750000e+02
3.929481201171875000e+02
3.935915222167968750e+02
3.942349548339843750e+02
3.948777465820312500e+02
3.955191955566406250e+02
3.961585998535156250e+02
3.967953186035156250e+02
3.974286193847656250e+02
3.980578308105468750e+02
3.986823120117187500e+02
3.993013305664062500e+02
3.999142150878906250e+02
4.005202941894531250e+02
4.011188659667968750e+02
4.017092285156250000e+02
4.022907409667968750e+02
4.028627624511718750e+02
4.034249267578125000e+02
4.039768676757812500e+02
4.045183105468750000e+02
4.050489196777343750e+02
4.055683898925781250e+02
4.060764160156250000e+02
4.065726318359375000e+02
4.070567626953125000e+02
4.075285034179687500e+02
4.079874572753906250e+02
4.084334106445312500e+02
4.088659973144531250e+02
4.092848510742187500e+02
4.096897277832031250e+02
4.100802917480468750e+02
4.104561767578125000e+02
4.108171386718750000e+02
4.111628112792968750e+02
4.114928894042968750e+02
4.118070678710937500e+02
4.121050109863281250e+02
4.123864135742187500e+02
4.126509399414062500e+02
4.128982849121093750e+02
4.131281433105468750e+02
4.133401489257812500e+02
4.135340270996093750e+02
4.137094726562500000e+02
4.138661499023437500e+02
4.140037231445312500e+02
4.141218872070312500e+02
4.142203369140625000e+02
4.142987670898437500e+02
4.143567810058593750e+02
4.143941345214843750e+02
4.144105224609375000e+02
4.144055786132812500e+02
4.143789978027343750e+02
4.143304443359375000e+02
4.142596435546875000e+02
4.141662597656250000e+02
4.140499877929687500e+02
4.139104614257812500e+02
4.137474060058593750e+02
4.135605163574218750e+02
4.133494567871093750e+02
4.131138610839843750e+02
4.128534851074218750e+02
4.125679626464843750e+02
4.122570800781250000e+02
4.119210205078125000e+02
4.115599670410156250e+02
4.111741027832031250e+02
4.107637023925781250e+02
4.103290405273437500e+02
4.098702392578125000e+02
4.093875732421875000e+02
4.088812866210937500e+02
4.083516235351562500e+02
4.077987365722656250e+02
4.072229003906250000e+02
4.066243286132812500e+02
4.060032653808593750e+02
4.053599548339843750e+02
4.046945495605468750e+02
4.040073242187500000e+02
4.032985229492187500e+02
4.025683288574218750e+02
4.018170166015625000e+02
4.010447692871093750e+02
4.002518310546875000e+02
3.994384155273437500e+02
3.986047668457031250e+02
3.977511291503906250e+02
3.968776855468750000e+02
3.959846801757812500e+02
3.950723266601562500e+02
3.941408996582031250e+02
3.931905517578125000e+02
3.922215576171875000e+02
3.912341308593750000e+02
3.902285156250000000e+02
3.892049255371093750e+02
3.881635742187500000e+02
3.871047363281250000e+02
3.860285644531250000e+02
3.849353332519531250e+02
3.838252563476562500e+02
3.826985473632812500e+02
3.815554809570312500e+02
3.803962097167968750e+02
3.792210083007812500e+02
3.780301208496093750e+02
3.768236999511718750e+02
3.756020812988281250e+02
3.743653564453125000e+02
3.731138916015625000e+02
3.718478088378906250e+02
3.705673828125000000e+02
3.692728576660156250e+02
3.679646301269531250e+02
3.666431884765625000e+02
3.653089599609375000e+02
3.639623413085937500e+02
3.626038513183593750e+02
3.612338562011718750e+02
3.598528747558593750e+02
3.584612731933593750e+02
3.570595397949218750e+02
3.556481323242187500e+02
3.542274475097656250e+02
3.527979431152343750e+02
3.513601379394531250e+02
3.499143371582031250e+02
3.484610900878906250e+02
3.470008239746093750e+02
3.455339355468750000e+02
3.440609130859375000e+02
3.425821838378906250e+02
3.410982055664062500e+02
3.396093750000000000e+02
3.381162109375000000e+02
3.366190795898437500e+02
3.351184692382812500e+02
3.336148376464843750e+02
3.321085815429687500e+02
3.306001586914062500e+02
3.290900268554687500e+02
3.275786132812500000e+02
3.260663757324218750e+02
3.245537414550781250e+02
3.230411987304687500e+02
3.215291442871093750e+02
3.200180053710937500e+02
3.185082702636718750e+02
3.170003967285156250e+02
3.154947814941406250e+02
3.139918518066406250e+02
3.124921264648437500e+02
3.109959716796875000e+02
3.095038757324218750e+02
3.080162658691406250e+02
3.065335998535156250e+02
3.050563049316406250e+02
3.035848388671875000e+02
3.021195983886718750e+02
3.006611022949218750e+02
2.992097778320312500e+02
2.977659912109375000e+02
2.963302612304687500e+02
2.949027404785156250e+02
2.934837341308593750e+02
2.920734558105468750e+02
2.906721191406250000e+02
2.892799072265625000e+02
2.878970947265625000e+02
2.865239257812500000e+02
2.851605834960937500e+02
2.838073425292968750e+02
2.824643554687500000e+02
2.811318969726562500e+02
2.798102111816406250e+02
2.784994812011718750e+02
2.771999511718750000e+02
2.759118347167968750e+02
2.746353454589843750e+02
2.733707885742187500e+02
2.721183166503906250e+02
2.708781433105468750e+02
2.696505432128906250e+02
2.684356994628906250e+02
2.672338867187500000e+02
2.660452880859375000e+02
2.648701477050781250e+02
2.637087097167968750e+02
2.625611572265625000e+02
2.614277648925781250e+02
2.603086853027343750e+02
2.592042236328125000e+02
2.581145935058593750e+02
2.570399475097656250e+02
2.559805908203125000e+02
2.549367218017578125e+02
2.539085693359375000e+02
2.528963470458984375e+02
2.519002838134765625e+02
2.509206390380859375e+02
2.499575805664062500e+02
2.490113830566406250e+02
2.480822601318359375e+02
2.471704101562500000e+02
2.462760925292968750e+02
2.453995361328125000e+02
2.445409240722656250e+02
2.437005462646484375e+02
2.428785705566406250e+02
2.420752258300781250e+02
2.412907714843750000e+02
2.405254058837890625e+02
2.397793273925781250e+02
2.390524139404296875e+02
2.383445739746093750e+02
2.376556091308593750e+02
2.369853820800781250e+02
2.363338012695312500e+02
2.357006835937500000e+02
2.350858917236328125e+02
2.344892883300781250e+02
2.339107208251953125e+02
2.333500671386718750e+02
2.328071594238281250e+02
2.322818756103515625e+02
2.317740631103515625e+02
2.312835845947265625e+02
2.308103027343750000e+02
2.303540496826171875e+02
2.299147033691406250e+02
2.294921417236328125e+02
2.290861816406250000e+02
2.286966857910156250e+02
2.283235168457031250e+02
2.279665679931640625e+02
2.276256561279296875e+02
2.273006286621093750e+02
2.269914093017578125e+02
2.266977691650390625e+02
2.264196472167968750e+02
2.261568145751953125e+02
2.259092102050781250e+02
2.256766357421875000e+02
2.254589843750000000e+02
2.252560882568359375e+02
2.250678253173828125e+02
2.248940277099609375e+02
2.247345733642578125e+02
2.245893096923828125e+02
2.244581146240234375e+02
2.243408203125000000e+02
2.242373199462890625e+02
2.241474151611328125e+02
2.240709991455078125e+02
2.240079040527343750e+02
2.239580383300781250e+02
2.239212036132812500e+02
2.238973083496093750e+02
2.238861694335937500e+02
2.238876342773437500e+02
2.239016113281250000e+02
2.239279327392578125e+02
2.239664306640625000e+02
2.240167999267578125e+02
2.240787353515625000e+02
2.241519165039062500e+02
2.242360687255859375e+02
2.243308258056640625e+02
2.244359130859375000e+02
2.245509796142578125e+02
2.246757354736328125e+02
2.248098449707031250e+02
2.249530487060546875e+02
2.251049499511718750e+02
2.252652893066406250e+02
2.254337463378906250e+02
2.256099700927734375e+02
2.257936859130859375e+02
2.259845733642578125e+02
2.261822967529296875e+02
2.263865661621093750e+02
2.265970764160156250e+02
2.268134613037109375e+02
2.270354461669921875e+02
2.272627105712890625e+02
2.274949188232421875e+02
2.277317810058593750e+02
2.279729614257812500e+02
2.282182006835937500e+02
2.284671020507812500e+02
2.287194213867187500e+02
2.289747924804687500e+02
2.292329254150390625e+02
2.294934997558593750e+02
2.297562255859375000e+02
2.300207366943359375e+02
2.302867584228515625e+02
2.305539550781250000e+02
2.308220367431640625e+02
2.310906829833984375e+02
2.313595428466796875e+02
2.316283416748046875e+02
2.318967590332031250e+02
2.321644439697265625e+02
2.324311370849609375e+02
2.326965026855468750e+02
2.329602050781250000e+02
2.332219390869140625e+02
2.334813995361328125e+02
2.337382659912109375e+02
2.339922485351562500e+02
2.342429809570312500e+02
2.344902038574218750e+02
2.347337036132812500e+02
2.349732971191406250e+02
2.352088165283203125e+02
2.354400177001953125e+02
2.356667785644531250e+02
2.358888549804687500e+02
2.361060943603515625e+02
2.363183288574218750e+02
2.365253295898437500e+02
2.367269439697265625e+02
2.369229431152343750e+02
2.371131896972656250e+02
2.372974700927734375e+02
2.374756011962890625e+02
2.376474151611328125e+02
2.378126678466796875e+02
2.379712524414062500e+02
2.381229248046875000e+02
2.382675170898437500e+02
2.384048614501953125e+02
2.385347137451171875e+02
2.386569519042968750e+02
2.387713623046875000e+02
2.388777465820312500e+02
2.389759521484375000e+02
2.390657653808593750e+02
2.391469879150390625e+02
2.392194824218750000e+02
2.392830047607421875e+02
2.393374023437500000e+02
2.393824768066406250e+02
2.394180603027343750e+02
2.394439392089843750e+02
2.394599456787109375e+02
2.394658813476562500e+02
2.394615783691406250e+02
2.394468231201171875e+02
2.394214630126953125e+02
2.393852539062500000e+02
2.393380737304687500e+02
2.392797088623046875e+02
2.392099609375000000e+02
2.391286773681640625e+02
2.390356292724609375e+02
2.389306793212890625e+02
2.388135986328125000e+02
2.386842041015625000e+02
2.385423278808593750e+02
2.383877563476562500e+02
2.382203826904296875e+02
2.380402221679687500e+02
2.378473510742187500e+02
2.376418151855468750e+02
2.374237213134765625e+02
2.371931152343750000e+02
2.369500885009765625e+02
2.366947021484375000e+02
2.364270324707031250e+02
2.361471405029296875e+02
2.358551177978515625e+02
2.355510101318359375e+02
2.352349243164062500e+02
2.349069366455078125e+02
2.345670776367187500e+02
2.342154388427734375e+02
2.338520965576171875e+02
2.334771270751953125e+02
2.330905761718750000e+02
2.326925659179687500e+02
2.322831115722656250e+02
2.318623352050781250e+02
2.314302825927734375e+02
2.309870147705078125e+02
2.305326385498046875e+02
2.300671997070312500e+02
2.295908050537109375e+02
2.291034698486328125e+02
2.286052856445312500e+02
2.280963592529296875e+02
2.275767517089843750e+02
2.270464935302734375e+02
2.265057067871093750e+02
2.259544372558593750e+02
2.253927764892578125e+02
2.248207550048828125e+02
2.242384948730468750e+02
2.236460571289062500e+02
2.230434875488281250e+02
2.224308776855468750e+02
2.218083038330078125e+02
2.211758575439453125e+02
2.205335540771484375e+02
2.198815002441406250e+02
2.192197875976562500e+02
2.185484313964843750e+02
2.178675537109375000e+02
2.171772308349609375e+02
2.164775085449218750e+02
2.157684631347656250e+02
2.150502014160156250e+02
2.143229064941406250e+02
2.135867919921875000e+02
2.128420715332031250e+02
2.120889892578125000e+02
2.113277282714843750e+02
2.105585327148437500e+02
2.097815856933593750e+02
2.089971160888671875e+02
2.082053680419921875e+02
2.074065093994140625e+02
2.066007843017578125e+02
2.057884216308593750e+02
2.049696197509765625e+02
2.041445770263671875e+02
2.033135375976562500e+02
2.024767150878906250e+02
2.016343078613281250e+02
2.007865295410156250e+02
1.999336242675781250e+02
1.990757904052734375e+02
1.982132415771484375e+02
1.973462219238281250e+02
1.964748992919921875e+02
1.955995330810546875e+02
1.947203063964843750e+02
1.938374481201171875e+02
1.929511718750000000e+02
1.920617065429687500e+02
1.911692504882812500e+02
1.902740325927734375e+02
1.893762664794921875e+02
1.884761505126953125e+02
1.875739288330078125e+02
1.866698150634765625e+02
1.857640075683593750e+02
1.848567199707031250e+02
1.839481811523437500e+02
1.830386047363281250e+02
1.821282043457031250e+02
1.812172088623046875e+02
1.803058166503906250e+02
1.793942413330078125e+02
1.784827117919921875e+02
1.775714416503906250e+02
1.766606445312500000e+02
1.757505340576171875e+02
1.748413391113281250e+02
1.739332427978515625e+02
1.730265045166015625e+02
1.721212921142578125e+02
1.712178039550781250e+02
1.703161621093750000e+02
1.694165344238281250e+02
1.685190582275390625e+02
1.676239013671875000e+02
1.667312316894531250e+02
1.658411407470703125e+02
1.649538574218750000e+02
1.640694885253906250e+02
1.631882019042968750e+02
1.623101348876953125e+02
1.614354553222656250e+02
1.605643005371093750e+02
1.596968383789062500e+02
1.588332214355468750e+02
1.579735717773437500e+02
1.571180725097656250e+02
1.562668762207031250e+02
1.554201354980468750e+02
1.545779876708984375e+02
1.537405853271484375e+02
1.529081115722656250e+02
1.520806579589843750e+02
1.512584381103515625e+02
1.504415740966796875e+02
1.496302337646484375e+02
1.488245391845703125e+02
1.480246887207031250e+02
1.472307891845703125e+02
1.464430236816406250e+02
1.456615142822265625e+02
1.448864593505859375e+02
1.441179656982421875e+02
1.433562164306640625e+02
1.426013488769531250e+02
1.418535156250000000e+02
1.411128692626953125e+02
1.403795928955078125e+02
1.396537780761718750e+02
1.389356231689453125e+02
1.382252807617187500e+02
1.375228576660156250e+02
1.368285522460937500e+02
1.361425170898437500e+02
1.354648742675781250e+02
1.347958068847656250e+02
1.341354370117187500e+02
1.334839477539062500e+02
1.328414611816406250e+02
1.322081298828125000e+02
1.315839538574218750e+02
1.309689025878906250e+02
1.303629608154296875e+02
1.297661285400390625e+02
1.291783599853515625e+02
1.285996551513671875e+02
1.280299835205078125e+02
1.274693374633789062e+02
1.269176940917968750e+02
1.263750305175781250e+02
1.258413314819335938e+02
1.253165817260742188e+02
1.248007507324218750e+02
1.242938461303710938e+02
1.237958145141601562e+02
1.233066558837890625e+02
1.228263549804687500e+02
1.223548812866210938e+02
1.218922271728515625e+02
1.214383773803710938e+02
1.209932937622070312e+02
1.205569763183593750e+02
1.201293869018554688e+02
1.197105331420898438e+02
1.193003692626953125e+02
1.188988952636718750e+02
1.185060882568359375e+02
1.181219253540039062e+02
1.177463836669921875e+02
1.173794631958007812e+02
1.170211181640625000e+02
1.166713638305664062e+02
1.163301391601562500e+02
1.159974670410156250e+02
1.156733093261718750e+02
1.153576354980468750e+02
1.150504455566406250e+02
1.147517242431640625e+02
1.144614334106445312e+02
1.141795654296875000e+02
1.139061126708984375e+02
1.136410217285156250e+02
1.133843078613281250e+02
1.131359405517578125e+02
1.128959045410156250e+02
1.126641769409179688e+02
1.124407348632812500e+02
1.122255706787109375e+02
1.120186614990234375e+02
1.118199615478515625e+02
1.116293716430664062e+02
1.114467468261718750e+02
1.112719421386718750e+02
1.111048355102539062e+02
1.109453125000000000e+02
1.107931976318359375e+02
1.106483993530273438e+02
1.105107498168945312e+02
1.103801345825195312e+02
1.102564086914062500e+02
1.101394500732421875e+02
1.100291213989257812e+02
1.099252700805664062e+02
1.098277893066406250e+02
1.097365188598632812e+02
1.096513519287109375e+02
1.095721359252929688e+02
1.094987487792968750e+02
1.094310455322265625e+02
1.093688964843750000e+02
1.093121643066406250e+02
1.092607192993164062e+02
1.092144241333007812e+02
1.091731491088867188e+02
1.091367568969726562e+02
1.091051254272460938e+02
1.090780944824218750e+02
1.090555496215820312e+02
1.090373535156250000e+02
1.090233688354492188e+02
1.090134735107421875e+02
1.090075149536132812e+02
1.090053710937500000e+02
1.090069122314453125e+02
1.090119857788085938e+02
1.090204696655273438e+02
1.090322265625000000e+02
1.090471267700195312e+02
1.090650482177734375e+02
1.090858230590820312e+02
1.091093521118164062e+02
1.091354827880859375e+02
1.091640777587890625e+02
1.091950149536132812e+02
1.092281570434570312e+02
1.092633743286132812e+02
1.093005142211914062e+02
1.093394546508789062e+02
1.093800735473632812e+02
1.094222259521484375e+02
1.094657974243164062e+02
1.095106887817382812e+02
1.095567703247070312e+02
1.096039352416992188e+02
1.096520996093750000e+02
1.097011260986328125e+02
1.097508926391601562e+02
1.098013229370117188e+02
1.098522796630859375e+02
1.099036788940429688e+02
1.099553680419921875e+02
1.100072784423828125e+02
1.100592727661132812e+02
1.101112442016601562e+02
1.101631088256835938e+02
1.102147064208984375e+02
1.102659606933593750e+02
1.103167648315429688e+02
1.103669891357421875e+02
1.104165267944335938e+02
1.104652786254882812e+02
1.105131225585937500e+02
1.105599365234375000e+02
1.106056365966796875e+02
1.106501007080078125e+02
1.106932220458984375e+02
1.107348709106445312e+02
1.107749633789062500e+02
1.108133621215820312e+02
1.108499755859375000e+02
1.108846893310546875e+02
1.109173812866210938e+02
1.109479598999023438e+02
1.109762878417968750e+02
1.110022888183593750e+02
1.110258331298828125e+02
1.110467910766601562e+02
1.110650863647460938e+02
1.110805892944335938e+02
1.110931854248046875e+02
1.111027755737304688e+02
1.111092453002929688e+02
1.111124954223632812e+02
1.111123962402343750e+02
1.111088333129882812e+02
1.111017074584960938e+02
1.110909042358398438e+02
1.110763244628906250e+02
1.110578384399414062e+02
1.110353698730468750e+02
1.110088806152343750e+02
1.109783554077148438e+02
1.109437942504882812e+02
1.109051742553710938e+02
1.108624877929687500e+02
1.108157348632812500e+02
1.107648773193359375e+02
1.107099380493164062e+02
1.106508865356445312e+02
1.105877075195312500e+02
1.105203933715820312e+02
1.104489364624023438e+02
1.103733291625976562e+02
1.102935485839843750e+02
1.102096023559570312e+02
1.101214523315429688e+02
1.100291061401367188e+02
1.099325561523437500e+02
1.098317718505859375e+02
1.097267608642578125e+02
1.096175003051757812e+02
1.095039672851562500e+02
1.093861846923828125e+02
1.092641220092773438e+02
1.091377487182617188e+02
1.090070877075195312e+02
1.088721084594726562e+02
1.087328109741210938e+02
1.085891647338867188e+02
1.084411621093750000e+02
1.082888183593750000e+02
1.081321029663085938e+02
1.079709854125976562e+02
1.078054962158203125e+02
1.076355895996093750e+02
1.074612731933593750e+02
1.072825164794921875e+02
1.070993347167968750e+02
1.069116897583007812e+02
1.067195892333984375e+02
1.065230102539062500e+02
1.063219528198242188e+02
1.061164016723632812e+02
1.059063339233398438e+02
1.056917495727539062e+02
1.054726333618164062e+02
1.052489852905273438e+02
1.050207748413085938e+02
1.047880096435546875e+02
1.045506744384765625e+02
1.043088684082031250e+02
1.040626831054687500e+02
1.038122177124023438e+02
1.035575637817382812e+02
1.032988281250000000e+02
1.030361099243164062e+02
1.027695007324218750e+02
1.024991073608398438e+02
1.022250213623046875e+02
1.019473419189453125e+02
1.016661682128906250e+02
1.013815994262695312e+02
1.010937271118164062e+02
1.008026580810546875e+02
1.005084915161132812e+02
1.002113189697265625e+02
9.991123199462890625e+01
9.960835266113281250e+01
9.930275726318359375e+01
9.899456024169921875e+01
9.868384552001953125e+01
9.837071990966796875e+01
9.805528259277343750e+01
9.773761749267578125e+01
9.741784667968750000e+01
9.709604644775390625e+01
9.677232360839843750e+01
9.644678497314453125e+01
9.611951446533203125e+01
9.579062652587890625e+01
9.546019744873046875e+01
9.512834930419921875e+01
9.479516601562500000e+01
9.446073913574218750e+01
9.412519073486328125e+01
9.378859710693359375e+01
9.345107269287109375e+01
9.311269378662109375e+01
9.277358245849609375e+01
9.243383026123046875e+01
9.209352111816406250e+01
9.175277709960937500e+01
9.141167449951171875e+01
9.107032775878906250e+01
9.072882843017578125e+01
9.038726806640625000e+01
9.004575347900390625e+01
8.970438385009765625e+01
8.936325073242187500e+01
8.902244567871093750e+01
8.868196868896484375e+01
8.834181976318359375e+01
8.800199127197265625e+01
8.766246795654296875e+01
8.732325744628906250e+01
8.698433685302734375e+01
8.664570617675781250e+01
8.630736541748046875e+01
8.596931457519531250e+01
8.563151550292968750e+01
8.529399108886718750e+01
8.495672607421875000e+01
8.461970520019531250e+01
8.428292846679687500e+01
8.394639587402343750e+01
8.361009216308593750e+01
8.327400207519531250e+01
8.293814086914062500e+01
8.260248565673828125e+01
8.226702880859375000e+01
8.193177795410156250e+01
8.159671020507812500e+01
8.126182556152343750e+01
8.092711639404296875e+01
8.059258270263671875e+01
8.025820922851562500e+01
7.992399597167968750e+01
7.958992004394531250e+01
7.925599670410156250e+01
7.892220306396484375e+01
7.858853912353515625e+01
7.825500488281250000e+01
7.792157745361328125e+01
7.758825683593750000e+01
7.725504302978515625e+01
7.692192077636718750e+01
7.658889007568359375e+01
7.625594329833984375e+01
7.592306518554687500e+01
7.559025573730468750e+01
7.525751495361328125e+01
7.492481994628906250e+01
7.459217071533203125e+01
7.425956726074218750e+01
7.392699432373046875e+01
7.359445190429687500e+01
7.326193237304687500e+01
7.292942047119140625e+01
7.259691619873046875e+01
