# k_h
1.021431671688333154e-05
1.127849645854439586e-05
1.245354815182508901e-05
1.375102328893262893e-05
1.518367571406997740e-05
1.676558895269408822e-05
1.851231536420527846e-05
2.044102257059421390e-05
2.257067353639286011e-05
2.492220301064662635e-05
2.751872671069577336e-05
3.038576869585085660e-05
3.355151420691981912e-05
3.704708433360792696e-05
4.090684160473756492e-05
4.516872650128789246e-05
4.987463398720137775e-05
5.507083187694661319e-05
6.080839375499635935e-05
6.714373012073338032e-05
7.413910498144105077e-05
8.186329796444624662e-05
9.039224096341058612e-05
9.980976756196469069e-05
1.102084643207490444e-04
1.216905511682853103e-04
1.343688927590847015e-04
1.483681407989934087e-04
1.638258981984108686e-04
1.808941160561516881e-04
1.997406070586293936e-04
2.205506025347858667e-04
2.435287024127319455e-04
2.689007669687271118e-04
2.969162596855312586e-04
3.278505173511803150e-04
3.620076749939471483e-04
3.997234744019806385e-04
4.413687274791300297e-04
4.873528087045997381e-04
5.381277296692132950e-04
5.941926501691341400e-04
6.560987094417214394e-04
7.244544103741645813e-04
7.999318186193704605e-04
8.832728490233421326e-04
9.752967744134366512e-04
1.076908200047910213e-03
1.189106027595698833e-03
1.312993234023451805e-03
1.449787640012800694e-03
1.600833958946168423e-03
1.767617068253457546e-03
1.951776561327278614e-03
2.155122580006718636e-03
2.379654441028833389e-03
2.627579029649496078e-03
2.901333849877119064e-03
3.203609725460410118e-03
3.537378273904323578e-03
3.905920544639229774e-03
4.312859382480382919e-03
4.762195516377687454e-03
5.258345510810613632e-03
5.806186702102422714e-03
6.411105394363403320e-03
7.079047150909900665e-03
7.816579192876815796e-03
8.630950003862380981e-03
9.530167095363140106e-03
1.052306871861219406e-02
1.161941606551408768e-02
1.282998733222484589e-02
1.416668109595775604e-02
1.564263924956321716e-02
1.727236993610858917e-02
1.907189376652240753e-02
2.105890214443206787e-02
2.325292676687240601e-02
2.567553706467151642e-02
2.835054695606231689e-02
3.130425140261650085e-02
3.456569090485572815e-02
3.816692158579826355e-02
4.214334860444068909e-02
4.635768383741378784e-02
5.057201907038688660e-02
5.478635430335998535e-02
5.900068953633308411e-02
6.321502476930618286e-02
6.742935627698898315e-02
7.164369523525238037e-02
7.585802674293518066e-02
8.007236570119857788e-02
8.428669720888137817e-02
8.850103616714477539e-02
9.480274468660354614e-02
1.011044606566429138e-01
1.074061766266822815e-01
1.137078851461410522e-01
1.200096011161804199e-01
1.263113170862197876e-01
1.326130330562591553e-01
1.389147341251373291e-01
1.452164500951766968e-01
1.515181660652160645e-01
1.578198820352554321e-01
1.641215980052947998e-01
1.704233139753341675e-01
1.767250150442123413e-01
1.830267310142517090e-01
1.893284469842910767e-01
1.956301629543304443e-01
2.019318789243698120e-01
2.082335948944091797e-01
2.145352959632873535e-01
2.208370119333267212e-01
2.271387279033660889e-01
2.334404438734054565e-01
2.397421598434448242e-01
2.460438609123229980e-01
2.523455917835235596e-01
2.586472928524017334e-01
2.649489939212799072e-01
2.712507247924804688e-01
2.775524258613586426e-01
2.838541567325592041e-01
2.901558578014373779e-01
2.964575886726379395e-01
3.027592897415161133e-01
3.090609908103942871e-01
3.153627216815948486e-01
3.216644227504730225e-01
3.279661536216735840e-01
3.342678546905517578e-01
3.405695557594299316e-01
3.468712866306304932e-01
3.531729876995086670e-01
3.594747185707092285e-01
3.657764196395874023e-01
3.720781207084655762e-01
3.783798515796661377e-01
3.846815526485443115e-01
3.909832835197448730e-01
3.972849845886230469e-01
4.035867154598236084e-01
4.098884165287017822e-01
4.161901175975799561e-01
4.224918484687805176e-01
4.287935495376586914e-01
4.350952804088592529e-01
4.413969814777374268e-01
4.476986825466156006e-01
4.540004134178161621e-01
4.603021144866943359e-01
4.666038453578948975e-01
4.729055464267730713e-01
4.792072474956512451e-01
4.855089783668518066e-01
4.918106794357299805e-01
4.981124103069305420e-01
5.044141411781311035e-01
5.107158422470092773e-01
6.068246364593505859e-01
8.468919992446899414e-01
1.181933045387268066e+00
1.649520397186279297e+00
2.302091121673583984e+00
3.212826967239379883e+00
4.483861446380615234e+00
6.257732868194580078e+00
8.733369827270507812e+00
1.218839931488037109e+01
1.701028060913085938e+01
2.373975944519042969e+01
3.313150405883789062e+01
4.623873901367187500e+01
6.453135681152343750e+01
9.006076049804687500e+01
