# ee
5.914357852435215418e-02
9.497116154672473332e-02
1.044455728106789966e-01
9.014586293705985354e-02
6.440173911959214126e-02
3.948462613492523948e-02
2.217676607704242159e-02
1.327777220308884280e-02
1.005872440156891159e-02
9.181179438607441415e-03
8.428406190698709693e-03
7.458194506829076559e-03
6.412392385806024546e-03
5.681471141373060398e-03
5.579903794191497061e-03
5.869536144607100450e-03
6.226388128317372588e-03
6.535782952372688054e-03
6.782598723988002287e-03
7.140607437850337788e-03
7.792432440459819837e-03
8.767188107727308388e-03
1.004867533886448852e-02
1.159295351193722658e-02
1.335421786924123437e-02
1.530696960937300531e-02
1.743788999207471213e-02
1.976209505574007264e-02
2.228813611462693647e-02
2.496986885633432907e-02
2.776625399769417843e-02
3.071130750375178006e-02
3.385671779549016824e-02
3.724973176234263467e-02
4.092320229694516170e-02
4.485676002042431748e-02
4.902766647688497348e-02
5.345685696969503659e-02
5.817617548471930994e-02
6.320862197399863824e-02
6.854178512793011879e-02
7.415439008844916524e-02
8.002518931798401070e-02
8.613289624968742397e-02
9.246454535824467913e-02
9.904040064348540451e-02
1.058889925057860948e-01
1.130388903747986951e-01
1.205186168450445988e-01
1.283484983631942022e-01
1.365157723561652992e-01
1.449995191323001364e-01
1.537787175238247983e-01
1.628324166156611130e-01
1.721449890859066134e-01
1.817221956556222540e-01
1.915751362507547850e-01
2.017149420206713339e-01
2.121527128913186233e-01
2.228958956484584086e-01
2.339372464585614542e-01
2.452657902893625730e-01
2.568706926139882607e-01
2.687409471767528979e-01
2.808665624831334640e-01
2.932409347797185761e-01
3.058584126274185855e-01
3.187132821403031446e-01
3.317998294324418507e-01
3.451117473729169438e-01
3.586400123932373396e-01
3.723750076799245412e-01
3.863070851960797025e-01
4.004266281282242712e-01
4.147238323223575440e-01
4.291881754858098974e-01
4.438090416556504936e-01
4.585756587518466931e-01
4.734775044817287615e-01
4.885036506481622021e-01
5.036427943729676615e-01
5.188834142140232863e-01
5.342139887292071121e-01
5.496229340295564203e-01
5.650983227684842625e-01
5.806258546194544845e-01
5.961909794685678055e-01
6.117789598614026270e-01
6.273751207903783822e-01
6.429647872479139492e-01
6.585334715669511896e-01
6.740666860804314098e-01
6.895498806744554399e-01
7.049686301288055068e-01
7.203083843295823296e-01
7.355547180565683574e-01
7.506931436427050075e-01
7.657091109740929991e-01
7.805881323836739716e-01
7.953157826512300410e-01
8.098775741097029579e-01
8.242588941983524098e-01
8.384453801438017662e-01
8.524224818321515240e-01
8.661757115963434339e-01
8.796905817693188023e-01
8.929526671308599672e-01
9.059474175670677587e-01
9.186603454108837052e-01
9.310777123573384939e-01
9.431884028687751442e-01
9.549824878975115006e-01
9.664496012679796300e-01
9.775795641451343609e-01
9.883621352470893795e-01
9.987871981856401016e-01
1.008844324338378007e+00
1.018523397317098622e+00
1.027814300733597142e+00
1.036706793305987695e+00
1.045190508858702128e+00
1.053255393450376776e+00
1.060891143352284738e+00
1.068087642176221541e+00
1.074834648640300649e+00
1.081121796568954796e+00
1.086939094467660460e+00
1.092276176160850154e+00
1.097122925260319404e+00
1.101470973889404847e+00
1.105319947367061850e+00
1.108671594204832189e+00
1.111527038445849769e+00
1.113888153495337319e+00
1.115756438077473378e+00
1.117133515810118327e+00
1.118020760523768642e+00
1.118419795836284480e+00
1.118332245365526001e+00
1.117759607835671298e+00
1.116703381970899356e+00
1.115165191389069665e+00
1.113146534814360988e+00
1.110648910970951642e+00
1.107674068370383402e+00
1.104223255949471350e+00
1.100298222219757260e+00
1.095900590799100849e+00
1.091031860411680876e+00
1.085696152548988103e+00
1.079909078921214682e+00
1.073688624218502419e+00
1.067052898024674068e+00
1.060020134817234450e+00
1.052608444180006764e+00
1.044835998143654798e+00
1.036720781398319913e+00
1.028280965974666339e+00
1.019534723903357643e+00
1.010500227215057834e+00
1.001195585493590112e+00
9.916387834290958381e-01
9.818481803927612273e-01
9.718416986278871628e-01
9.616375726119782419e-01
9.512540368225390619e-01
9.407090135028705058e-01
9.300206746836363614e-01
9.192072548423413370e-01
9.082868011159676014e-01
8.972774230883384661e-01
8.861973552369584173e-01
8.750646446988098459e-01
8.638974635045566508e-01
8.527169811332195870e-01
8.415568564319733103e-01
8.304536208026679356e-01
8.194441803281979908e-01
8.085650664104135910e-01
7.978530602385278669e-01
7.873447556612316323e-01
7.770768714208972083e-01
7.670860638130563292e-01
7.574091140269219036e-01
7.480826159111848561e-01
7.391432257613766987e-01
7.306277247667106733e-01
7.225727692227182919e-01
7.150149529780903679e-01
7.079910572220400322e-01
7.015377382500989079e-01
6.956917148046392052e-01
6.904895807343519598e-01
6.859681172284500805e-01
6.821639805824654124e-01
6.791137646450884358e-01
6.768542506055326147e-01
6.754221572061700485e-01
6.748540782956916617e-01
6.751861081480620141e-01
6.764518431636151741e-01
6.786842552742772261e-01
6.819163164119742548e-01
6.861809985086326780e-01
6.915112734961785801e-01
6.979401133065381568e-01
7.055004898716377149e-01
7.142253751234032277e-01
7.241478658874425101e-01
7.353006843083188526e-01
7.477169272116397369e-01
7.614296914230130886e-01
7.764717615338426748e-01
7.928761719228955007e-01
8.106759569689385714e-01
8.299040261570571619e-01
8.505934138660184995e-01
8.727769671340670499e-01
8.964877827868105165e-01
9.217587703093345075e-01
9.486229640804058061e-01
9.771132111382692109e-01
1.007262670755373124e+00
1.039104189969962233e+00
1.072670740713962623e+00
1.107995419812982218e+00
1.145110949411584089e+00
1.184050551229057335e+00
1.224847072303646867e+00
1.267533484567278768e+00
1.312142884845560742e+00
1.358708120176737477e+00
1.407262162492735280e+00
1.457838108619161632e+00
1.510468805594261443e+00
1.565187225349960576e+00
1.622026464711867177e+00
1.681019370718225492e+00
1.742198915300962270e+00
1.805598195285684548e+00
1.871249932816956063e+00
1.939187599401428708e+00
2.009443417608939964e+00
2.082050983839823122e+00
2.157043020238641251e+00
2.234452873418366181e+00
2.314312890842515014e+00
2.396656544017741197e+00
2.481516305301244341e+00
2.568916154279880182e+00
2.658841853073952599e+00
2.751269172309243505e+00
2.846175131548350112e+00
2.943535501417053446e+00
3.043326801903224688e+00
3.145525303207370893e+00
3.250107025742637212e+00
3.357048739284257177e+00
3.466326464245375494e+00
3.577916470826499662e+00
3.691795279015500864e+00
3.807939159012886154e+00
3.926324131231800685e+00
4.046926965447477542e+00
4.169723182498335845e+00
4.294689552159609569e+00
4.421802844206531802e+00
4.551038329690157980e+00
4.682373028173085316e+00
4.815783459643184550e+00
4.951245644513599942e+00
5.088735103622751055e+00
5.228229356107958914e+00
5.369703922807643970e+00
5.513135323709676072e+00
5.658499579227199483e+00
5.805773708922811416e+00
5.954933233634930545e+00
6.105955172926153196e+00
6.258815047634898932e+00
6.413489377749036713e+00
6.569955182831164642e+00
6.728187484144974917e+00
6.888163800827791228e+00
7.049860153292756060e+00
7.213252062378289864e+00
7.378317546796441029e+00
7.545030628661449690e+00
7.713368327535913060e+00
7.883308662131879530e+00
8.054825154988863645e+00
8.227896823968366746e+00
8.402498190759354557e+00
8.578606274924423403e+00
8.756196097727267258e+00
8.935245677879935400e+00
9.115731035795569426e+00
9.297628191887318039e+00
9.480913166568322836e+00
9.665552987906657734e+00
9.851479713739568211e+00
1.003861541040977023e+01
1.022688414255889278e+01
1.041620497908129650e+01
1.060650298376805800e+01
1.079770022296189680e+01
1.098971976215498536e+01
1.118248266854059381e+01
1.137591100846143810e+01
1.156992884655914544e+01
1.176445824917643534e+01
1.195942128265602733e+01
1.215474001334064091e+01
1.235033750672244857e+01
1.254613582914417158e+01
1.274205904524743183e+01
1.293802622392659352e+01
1.313396342812218620e+01
1.332979072587802527e+01
1.352543118268628319e+01
1.372080786403913066e+01
1.391584283627928897e+01
1.411045916489892882e+01
1.430457691794186736e+01
1.449812315749808533e+01
1.469101495416304104e+01
1.488317737172780930e+01
1.507453347568456614e+01
1.526500433322657813e+01
1.545451500814491830e+01
1.564298357018450325e+01
1.583033608228585720e+01
1.601649461079170322e+01
1.620137922374585315e+01
1.638491498493938892e+01
1.656702296156557352e+01
1.674762422081767710e+01
1.692664682393512976e+01
1.710400784151339693e+01
1.727963033904464396e+01
1.745343638287159393e+01
1.762535403423368052e+01
1.779529736627800318e+01
1.796319444024399914e+01
1.812896732247438436e+01
1.829253408271407011e+01
1.845382278220249361e+01
1.861275348898346849e+01
1.876925026769862015e+01
1.892323718298956692e+01
1.907467027228041800e+01
1.922350956959306956e+01
1.936970911405272489e+01
1.951323093798018959e+01
1.965403307709847169e+01
1.979207356713056853e+01
1.992731244209839403e+01
2.005970773772494908e+01
2.018921748973323460e+01
2.031579973384625148e+01
2.043941450408591720e+01
2.056001983617522200e+01
2.067757376583718099e+01
2.079203632709369387e+01
2.090336555566776511e+01
2.101151948728239915e+01
2.111645615766059692e+01
2.121813959742207700e+01
2.131651984909422382e+01
2.141156094329675597e+01
2.150321891745376846e+01
2.159145780218498345e+01
2.167622963831668059e+01
2.175749645816968325e+01
2.183521429916807932e+01
2.190934719193159452e+01
2.197984717728651560e+01
2.204667828585255407e+01
2.210979455675490968e+01
2.216915802231439514e+01
2.222472671825400781e+01
2.227645868029675569e+01
2.232431394246454559e+01
2.236824854218147607e+01
2.240822251346945038e+01
2.244419589035038243e+01
2.247612471024836722e+01
2.250396700888640567e+01
2.252768481858531757e+01
2.254723617506809674e+01
2.256257711575884883e+01
2.257366767467948065e+01
2.258046788585189546e+01
2.258293378670019180e+01
2.258102940784409185e+01
2.257470479181097645e+01
2.256392596751946655e+01
2.254864697409475838e+01
2.252882984385766463e+01
2.250444660062351687e+01
2.247554320526712246e+01
2.244217561015781470e+01
2.240440776086053631e+01
2.236229560974461705e+01
2.231589910577719849e+01
2.226527619962651627e+01
2.221049083685750958e+01
2.215159896983951526e+01
2.208865854924076899e+01
2.202173152232730402e+01
2.195087783806626902e+01
2.187615544712589255e+01
2.179762230017441027e+01
2.171534234277676845e+01
2.162936952900339094e+01
2.153976980271813702e+01
2.144659511969251753e+01
2.134990942549148585e+01
2.124977067078327408e+01
2.114624080283392615e+01
2.103937377571386591e+01
2.092923353498804317e+01
2.081587803132468650e+01
2.069936921198984692e+01
2.057976103105394472e+01
2.045711743408192618e+01
2.033149437344312105e+01
2.020295579470248271e+01
2.007155565193042790e+01
1.993735988899081235e+01
1.980042046165515757e+01
1.966080131548841337e+01
1.951856239945771065e+01
1.937375966593238630e+01
1.922645706047738301e+01
1.907671053546203055e+01
1.892458003985347048e+01
1.877012552261884082e+01
1.861340493442637367e+01
1.845448022254211295e+01
1.829340933763429433e+01
1.813025222867005226e+01
1.796506684631762596e+01
1.779791313954414633e+01
1.762885105731676205e+01
1.745794054860260047e+01
1.728523756577100201e+01
1.711080805268581173e+01
1.693470596341745349e+01
1.675700123842759481e+01
1.657779479181091631e+01
1.639719852830607394e+01
1.621532235435282487e+01
1.603227417809201683e+01
1.584816890171066639e+01
1.566311343420017188e+01
1.547721968029918749e+01
1.529059854559692333e+01
1.510335893738368007e+01
1.491561276039811546e+01
1.472746992107998487e+01
1.453904132501849311e+01
1.435043587950394262e+01
1.416176548927499290e+01
1.397314205907030171e+01
1.378467149873181441e+01
1.359646871044654404e+01
1.340864260150479481e+01
1.322130207919686917e+01
1.303455904826142309e+01
1.284852441428766312e+01
1.266330808371534467e+01
1.247902096213367429e+01
1.229577195683295265e+01
1.211367397170129223e+01
1.193283491487953896e+01
1.175336669110635412e+01
1.157537820767203840e+01
1.139898236846470425e+01
1.122428907992410352e+01
1.105140724934054042e+01
1.088044778230321796e+01
1.071152158440134627e+01
1.054473956122412837e+01
1.038021161921131785e+01
1.021804866395212485e+01
1.005836060188630121e+01
9.901256340304147585e+00
9.746849782243227622e+00
9.595247836694939636e+00
9.446564406696845495e+00
9.300907400389794688e+00
9.158388722512448510e+00
9.019117280355104072e+00
8.883204978656422668e+00
8.750760724706706739e+00
8.621897422394065202e+00
8.496722979859349323e+00
8.375349301841215066e+00
8.257874304985991287e+00
8.144349945065197716e+00
8.034814189758019864e+00
7.929308004192004766e+00
7.827867857322161171e+00
7.730535713425485511e+00
7.637349540181165075e+00
7.548348803992568357e+00
7.463572471688332932e+00
7.383060509246551995e+00
7.306850884346413721e+00
7.234983562966009529e+00
7.167497511933980547e+00
7.104433196803144668e+00
7.045828085677963593e+00
6.991722144536529626e+00
6.942154839782209486e+00
6.897164638668916048e+00
6.856791507174742506e+00
6.821074412128328213e+00
6.790052819933040773e+00
6.763765197842792176e+00
6.742251511835675615e+00
6.725551228315057806e+00
6.713702314960126039e+00
6.706745237323699094e+00
6.704718962234416324e+00
6.707661956946192383e+00
6.715614187437119575e+00
6.728614620535837254e+00
6.746702722645712136e+00
6.769917460595384462e+00
6.798298300788220061e+00
6.831883710478132699e+00
6.870714155217941155e+00
6.914827602686833607e+00
6.964264018862901473e+00
7.019062870149511468e+00
7.079262623800577359e+00
7.144902746219465861e+00
7.216023203384269280e+00
7.292661463399447541e+00
7.374858990967274153e+00
7.462653254192208152e+00
7.556084718627070096e+00
7.655191351951046386e+00
7.760013619716955802e+00
7.870589489603986522e+00
7.986958927590230850e+00
8.109161899653781092e+00
8.237214891760599400e+00
8.371052959196287446e+00
8.510588176809040561e+00
8.655735616895412932e+00
8.806406355154148713e+00
8.962513465582897965e+00
9.123971021328761921e+00
9.290692096389388865e+00
9.462587766463524730e+00
9.639572104698268973e+00
9.821559184240724605e+00
1.000845908164018283e+01
1.020018786834265079e+01
1.039665861834577676e+01
1.059778140819885195e+01
1.080347131019843232e+01
1.101364039919271498e+01
1.122820174917934644e+01
1.144707043245488087e+01
1.167015552641916010e+01
1.189737410166764242e+01
1.212863623474961727e+01
1.236385499966273649e+01
1.260294546870355248e+01
1.284581971672026235e+01
1.309238981856106498e+01
1.334256884822360512e+01
1.359627187800443870e+01
1.385340898445286051e+01
1.411389424071596643e+01
1.437764072079141187e+01
1.464456249782629271e+01
1.491457064751935668e+01
1.518758024216715796e+01
1.546350235746843893e+01
1.574225106657030082e+01
1.602373844432094074e+01
1.630787756471801231e+01
1.659458250090861142e+01
1.688376532774093519e+01
1.717534111751153958e+01
1.746922094591916874e+01
1.776531488951311744e+01
1.806354101803828982e+01
1.836381140634288656e+01
1.866603613097619885e+01
1.897012926508533326e+01
1.927600488181738214e+01
1.958357505602054971e+01
1.989275585914083777e+01
2.020344737623301867e+01
2.051552970936280929e+01
2.082887296910141828e+01
2.114334726602004011e+01
2.145882271068987279e+01
2.177516541708431319e+01
2.209224749407346167e+01
2.240993905222851623e+01
2.272811020212068200e+01
2.304662905602225109e+01
2.336536572450442151e+01
2.368419031813839482e+01
2.400297294749537258e+01
2.432158172484764691e+01
2.463988875906532527e+01
2.495776216242070333e+01
2.527507204548497555e+01
2.559168851882935058e+01
2.590747969472611345e+01
2.622231968034428107e+01
2.653607259135833374e+01
2.684861053663837893e+01
2.715980362675561821e+01
2.746951997398234724e+01
2.777763368548756873e+01
2.808400887694577364e+01
2.838851765722706588e+01
2.869103213520154938e+01
2.899141642654370798e+01
2.928954663672146097e+01
2.958528887970819454e+01
2.987851126777620436e+01
3.016908790809450025e+01
3.045688491463647196e+01
3.074177239797332106e+01
3.102362446527405382e+01
3.130230523221316119e+01
3.157768880595964589e+01
3.184963930218799888e+01
3.211802882976832052e+01
3.238273349416853364e+01
3.264361341446529963e+01
3.290054469612654486e+01
3.315339545142455790e+01
3.340203379263164152e+01
3.364632983031899016e+01
3.388615367505779830e+01
3.412137743571818049e+01
3.435186522797461350e+01
3.457749315729502371e+01
3.479814532234292557e+01
3.501376577074900354e+01
3.522432252973078448e+01
3.542978362650578816e+01
3.563010909509591784e+01
3.582526696271871458e+01
3.601522125999387924e+01
3.619993202094332929e+01
3.637937126938239629e+01
3.655350303593079531e+01
3.672228735461044380e+01
3.688569225263885443e+01
3.704367776403794466e+01
3.719621591262304605e+01
3.734327072901388078e+01
3.748480224723234500e+01
3.762077449789816797e+01
3.775115950482667415e+01
3.787591730203977392e+01
3.799501192015719653e+01
3.810841138639644754e+01
3.821607973137726333e+01
3.831798098571934474e+01
3.841407918004242106e+01
3.850433434836838842e+01
3.858872251111040441e+01
3.866719970569256049e+01
3.873973395933237640e+01
3.880629329924739324e+01
3.886683775945950003e+01
3.892133137058843317e+01
3.896973816325389350e+01
3.901203016127122680e+01
3.904816739866233632e+01
3.907811390604694424e+01
3.910183771064256320e+01
3.911929484987330596e+01
3.913046534075012062e+01
3.913530122409930101e+01
3.913377052713835980e+01
3.912584127708483805e+01
3.911147750455844374e+01
3.909063924358108721e+01
3.906329452137029534e+01
3.902941136514359499e+01
3.898894581232508472e+01
3.894187388332790789e+01
3.888815161557615596e+01
3.882774703628737001e+01
3.876062817267906269e+01
3.868677504176219628e+01
3.860627157209076188e+01
3.851921368201217888e+01
3.842570128647167849e+01
3.832583430041449191e+01
3.821971663538366215e+01
3.810744021312880392e+01
3.798910894519295312e+01
3.786481874992352914e+01
3.773467753546138681e+01
3.759877722355613372e+01
3.745721772915300107e+01
3.731009896719722008e+01
3.715752884582964555e+01
3.699959529020208038e+01
3.683640620845536517e+01
3.666805751893692644e+01
3.649464913659199539e+01
3.631627697976799141e+01
3.613304895660576932e+01
3.594506098545274142e+01
3.575240898465634132e+01
3.555519686575960492e+01
3.535352054710995162e+01
3.514748394025041733e+01
3.493718296352842856e+01
3.472272152848702831e+01
3.450419555347363598e+01
3.428170495343348279e+01
3.405534964331179282e+01
3.382523353465161620e+01
3.359144455260475581e+01
3.335409660020876288e+01
3.311328159921325920e+01
3.286909946456347598e+01
3.262165011120464442e+01
3.237103345408199573e+01
3.211735140643965991e+01
3.186069788832615401e+01
3.160117681128452460e+01
3.133889208685781114e+01
3.107393164019780940e+01
3.080640737604318602e+01
3.053640921784464624e+01
3.026404307544413186e+01
2.998940286889016349e+01
2.971259650632358884e+01
2.943371191289621436e+01
2.915285899504778655e+01
2.887013766772354373e+01
2.858564584756981120e+01
2.829951742061319209e+01
2.801188827117920965e+01
2.772289828019118119e+01
2.743268133367571338e+01
2.714137331595832947e+01
2.684911410796234321e+01
2.655603559741546604e+01
2.626227766524101881e+01
2.596797619576451410e+01
2.567326507501256572e+01
2.537828418390849095e+01
2.508316740847890358e+01
2.478805462964712447e+01
2.449308173173866976e+01
2.419838060248124023e+01
2.390409511939597564e+01
2.361035517191166733e+01
2.331729864265274088e+01
2.302506541254251715e+01
2.273378936760760638e+01
2.244360839047242351e+01
2.215465636716358233e+01
2.186707317860440369e+01
2.158099271082149784e+01
2.129655284643928326e+01
2.101388946978327610e+01
2.073314046347788775e+01
2.045444371014754736e+01
2.017792909922104627e+01
1.990374050821952068e+01
1.963200982487067847e+01
1.936287493179893104e+01
1.909647371162870400e+01
1.883294005038660046e+01
1.857241382899594839e+01
1.831502893348335448e+01
1.806092124817433486e+01
1.781023065399221395e+01
1.756309103696359486e+01
1.731963828141399730e+01
1.708001226826674568e+01
1.684434888184734902e+01
1.661278000988351522e+01
1.638544653244801808e+01
1.616248433386637018e+01
1.594402829931464005e+01
1.573021830971614499e+01
1.552118625279859110e+01
1.531707200948530101e+01
1.511799547771055252e+01
1.492400961239532009e+01
1.473515238121878745e+01
1.455146275100959841e+01
1.437297968859638964e+01
1.419973716506054195e+01
1.403177714467905268e+01
1.386913459768275025e+01
1.371184949004972786e+01
1.355995879030972340e+01
1.341350046614192060e+01
1.327251248522551030e+01
1.313703281523967981e+01
1.300709942386361639e+01
1.288274927962705441e+01
1.276402234850808703e+01
1.265095360073754627e+01
1.254358400144297470e+01
1.244194952000465548e+01
1.234608812410177947e+01
1.225603878056298335e+01
1.217183845791800501e+01
1.209352612299548113e+01
1.202113774517569844e+01
1.195471229128729540e+01
1.189428872815891225e+01
1.183990402432028333e+01
1.179159514830114652e+01
1.174940206607959325e+01
1.171336074703590491e+01
1.168351015799872172e+01
1.165988826664723454e+01
1.164253204151117593e+01
1.163148044941918613e+01
1.162676945975155007e+01
1.162844003763581036e+01
1.163652815245225192e+01
1.165107177188006027e+01
1.167210886359842448e+01
1.169967839443598479e+01
1.173381633377302435e+01
1.177456164843818343e+01
1.182195230611064929e+01
1.187602627446960923e+01
1.193682152119425233e+01
1.200437501481431113e+01
1.207872572215842943e+01
1.215991161090579276e+01
1.224796964958613721e+01
1.234293880502810126e+01
1.244483206617456794e+01
1.255357349766715913e+01
1.266905818881338419e+01
1.279118622466801014e+01
1.291985469283745047e+01
1.305496267922702280e+01
1.319640727144313885e+01
1.334408755539111446e+01
1.349789961952791018e+01
1.365774454805774774e+01
1.382351842943758591e+01
1.399511935042328936e+01
1.417244739606962867e+01
1.435539765568410964e+01
1.454386921517204989e+01
1.473776215958821822e+01
1.493697357653902813e+01
1.514139955448143837e+01
1.535094017847021775e+01
1.556549353526123092e+01
1.578495571331143665e+01
1.600922779682505848e+01
1.623820687340850810e+01
1.647179003066819902e+01
1.670987635450944353e+01
1.695236493083756457e+01
1.719915084896006263e+01
1.745013319478226066e+01
1.770521205335892390e+01
1.796428351314701288e+01
1.822724566090239406e+01
1.849399858167983624e+01
1.876443836393629994e+01
1.903846309442764451e+01
1.931597285820864585e+01
1.959686374373625739e+01
1.988103583606525504e+01
2.016838522365259223e+01
2.045881199155304131e+01
2.075221022992465691e+01
2.104848402042001965e+01
2.134752545489827824e+01
2.164923661671310384e+01
2.195351559262036290e+01
2.226025847107701949e+01
2.256936333883893298e+01
2.288073028096087214e+01
2.319425538589980107e+01
2.350983873871048502e+01
2.382737642784988452e+01
2.414676254347605777e+01
2.446786519786129688e+01
2.479054650838118334e+01
2.511467059071020458e+01
2.544010156052284444e+01
2.576669953689578207e+01
2.609433063380240725e+01
2.642285497031939911e+01
2.675213866042014388e+01
2.708204581977912895e+01
2.741243456917412757e+01
2.774317102257852952e+01
2.807411929566681863e+01
2.840513950751567762e+01
2.873609777209848914e+01
2.906685620679084181e+01
2.939727692896831357e+01
2.972722205600648948e+01
3.005655970017765810e+01
3.038514798225959623e+01
3.071285101792678773e+01
3.103953292285372001e+01
3.136505581441597101e+01
3.168928380828803171e+01
3.201208102014438595e+01
3.233330956736061523e+01
3.265282757071449282e+01
3.297050713907612618e+01
3.328620239662546254e+01
3.359978545223263069e+01
3.391111242837647666e+01
3.422004943903040441e+01
3.452646059986889071e+01
3.483020203337081000e+01
3.513114984500406734e+01
3.542915216405192780e+01
3.572408509598228932e+01
3.601580076667621455e+01
3.630417528160162277e+01
3.658905677004175772e+01
3.687031734086672685e+01
3.714782110975101403e+01
3.742142819577129131e+01
3.769099871800424495e+01
3.795640078872216350e+01
3.821749452700173322e+01
3.847414404851742376e+01
3.872621346894373318e+01
3.897356290735733353e+01
3.921606447262833228e+01
3.945358228043121329e+01
3.968608036138569872e+01
3.991351075631806822e+01
4.013584149244585575e+01
4.035303660038876927e+01
4.056506011076653806e+01
4.077188005079668187e+01
4.097344846130548746e+01
4.116974136270610529e+01
4.136071878902043153e+01
4.154634477086819544e+01
4.172657934227130738e+01
4.190139053044728001e+01
4.207074636261364020e+01
4.223460687279231252e+01
4.239293209500518600e+01
4.254569005646979463e+01
4.269284478780585346e+01
4.283435632303527285e+01
4.297019268937557968e+01
4.310032191404430080e+01
4.322470003446552056e+01
4.334329108125897534e+01
4.345606707823998960e+01
4.356298805943047370e+01
4.366401405885233800e+01
4.375911310372310226e+01
4.384824522806467684e+01
4.393137845909459571e+01
4.400848082403037154e+01
4.407950436369829816e+01
4.414442509851152607e+01
4.420319906589414671e+01
4.425579429306368695e+01
4.430217481063986895e+01
4.434229665604678416e+01
4.437613584969759017e+01
4.440365242561417602e+01
4.442480641781845918e+01
4.443956185693016181e+01
4.444788677016679657e+01
4.444974518814809272e+01
4.444510114149375823e+01
4.443391466422571057e+01
4.441614978696365768e+01
4.439177453692512643e+01
4.436074894813202718e+01
4.432304104780188680e+01
4.427861486655442746e+01
4.422743443500935001e+01
4.416947577357981203e+01
4.410481082102637629e+01
4.403351551270742448e+01
4.395568177037255708e+01
4.387138153278234398e+01
4.378070672168640698e+01
4.368373327244310644e+01
4.358055310680207128e+01
4.347124216012166187e+01
4.335588436095587639e+01
4.323455964126090834e+01
4.310735592618855350e+01
4.297435314769499826e+01
4.283563923093203840e+01
4.269128611466025092e+01
4.254138971722705520e+01
4.238602197739301403e+01
4.222527481690774209e+01
4.205922417112961398e+01
4.188795796521043258e+01
4.171155213450857957e+01
4.153009460417584364e+01
4.134366930276623719e+01
4.115235616223592530e+01
4.095624310773672505e+01
4.075540607462701104e+01
4.054992899146077434e+01
4.033989978338981786e+01
4.012539438577250905e+01
3.990650472035847685e+01
3.968330272590827690e+01
3.945588432076933572e+01
3.922431744710440427e+01
3.898869402666310435e+01
3.874909798799941996e+01
3.850560526647172566e+01
3.825830778382964326e+01
3.800728147543154734e+01
3.775260627323361717e+01
3.749437809558327217e+01
3.723266488464327750e+01
3.696756255876105257e+01
3.669914305669716015e+01
3.642749830020121493e+01
3.615270022803377969e+01
3.587484475854228094e+01
3.559400383048728145e+01
3.531026536902059121e+01
3.502370930609838240e+01
3.473442756347028393e+01
3.444249607649465617e+01
3.414804673289921055e+01
3.385119943061822312e+01
3.355208206078158639e+01
3.325082251451920712e+01
3.294754268806425301e+01
3.264237846574224733e+01
3.233544974548746609e+01
3.202688441842979472e+01
3.171680837740024117e+01
3.140534951352868731e+01
3.109263371964613043e+01
3.077879088518136896e+01
3.046394490466648719e+01
3.014822167093247884e+01
2.983174907510924001e+01
2.951465500832666677e+01
2.919706336511683986e+01
2.887910203660965891e+01
2.856089891393502356e+01
2.824257988992391688e+01
2.792426885910843026e+01
2.760609770921626449e+01
2.728819033477951095e+01
2.697067262862915626e+01
2.665367248189509652e+01
2.633731778570723137e+01
2.602173243459764151e+01
2.570704631799512896e+01
2.539338133213287918e+01
2.508086936473859296e+01
2.476963431034435814e+01
2.445980206178116134e+01
2.415150051017890576e+01
2.384485954496638627e+01
2.354000106237678835e+01
2.323705095524109865e+01
2.293614111128702149e+01
2.263739542504664826e+01
2.234093978935096558e+01
2.204690209532987311e+01
2.175540823581435745e+01
2.146658610193431471e+01
2.118056158652073862e+01
2.089746058240461934e+01
2.061741098071584943e+01
2.034053867428542262e+01
2.006697155424323498e+01
1.979683551342027314e+01
1.953025644464753441e+01
1.926734825096257708e+01
1.900817088133254273e+01
1.875276630003442691e+01
1.850118446454084165e+01
1.825346733912879316e+01
1.800966288297198048e+01
1.776981505864631572e+01
1.753396782872769322e+01
1.730216715409092387e+01
1.707446099390971739e+01
1.685089131246106575e+01
1.663150706806813872e+01
1.641635122415738479e+01
1.620546974160360776e+01
1.599890658298270907e+01
1.579670970746840020e+01
1.559892107933767846e+01
1.540559065606315947e+01
1.521676040192184054e+01
1.503247527863907429e+01
1.485278324538857220e+01
1.467772826474623571e+01
1.450735529843741922e+01
1.434171130648638126e+01
1.418083925231957032e+01
1.402478609596124670e+01
1.387359779828621420e+01
1.372731832187037604e+01
1.358599362758853779e+01
1.344966867716605208e+01
1.331838943147772802e+01
1.319220185139837120e+01
1.307114890035442833e+01
1.295527853751961267e+01
1.284463572461927683e+01
1.273926442422932404e+01
1.263921059722455809e+01
1.254452020447978811e+01
1.245523820772036494e+01
1.237141056782109771e+01
1.229308124735788432e+01
1.222029720635498862e+01
1.215310240738830672e+01
1.209154281133264774e+01
1.203566437906281905e+01
1.198551107315471853e+01
1.194112985363260826e+01
1.190256568222183908e+01
1.186986252149831600e+01
1.184306833063574693e+01
1.182220808837043968e+01
1.180723383552868633e+01
1.179807962824663115e+01
1.179467952266042374e+01
1.179696857405566490e+01
1.180487784112014182e+01
1.181834437743836119e+01
1.183729824254866259e+01
1.186167649003554914e+01
1.189141017858680982e+01
1.192643436348804720e+01
1.196668310087540910e+01
1.201208944773558862e+01
1.206258746020473538e+01
1.211811219356844838e+01
1.217859470651451659e+01
1.224397005432854435e+01
1.231417329229612712e+01
1.238913647825451037e+01
1.246879266919038898e+01
1.255307891868826609e+01
1.264192528628648127e+01
1.273526782642008826e+01
1.283303959607578015e+01
1.293517465138970479e+01
1.304160604934855705e+01
1.315226784608848654e+01
1.326709409774563930e+01
1.338601886045616318e+01
1.350897419205730188e+01
1.363589614698410735e+01
1.376671678307382152e+01
1.390137115561204517e+01
1.403979132243602201e+01
1.418191233883135105e+01
1.432766826093418011e+01
1.447699114658175112e+01
1.462981705020911782e+01
1.478607902880297509e+01
1.494570814105111367e+01
1.510864343883694083e+01
1.527481298339989380e+01
1.544415382832447570e+01
1.561659903059737964e+01
1.579208164720530405e+01
1.597053773258330089e+01
1.615189834541915914e+01
1.633609954014793075e+01
1.652307237545740648e+01
1.671275290578264006e+01
1.690506719406416281e+01
1.709991732365564232e+01
1.729719538641623444e+01
1.749679946910180206e+01
1.769862166357149391e+01
1.790255605998336819e+01
1.810849674849547952e+01
1.831633981756478491e+01
1.852598135564824489e+01
1.873731145630610939e+01
1.895022620799533897e+01
1.916462169917288705e+01
1.938039002169790592e+01
1.959742926232626559e+01
1.981562751631929942e+01
2.003488686703068922e+01
2.025509740802067427e+01
2.047615322944731631e+01
2.069794842146866287e+01
2.092038107084058396e+01
2.114334326942223186e+01
2.136672710907275174e+01
2.159043267484691242e+01
2.181434806200606147e+01
2.203837135730605823e+01
2.226239864920386324e+01
2.248632003125972645e+01
2.271003359022950718e+01
2.293343141797236129e+01
2.315641160124414810e+01
2.337886223530621166e+01
2.360068340521331720e+01
2.382176520452571822e+01
2.404200571999927405e+01
2.426130104009094524e+01
2.447953926006207226e+01
2.469661846666852512e+01
2.491243275006835134e+01
2.512687819871851502e+01
2.533984690447816490e+01
2.555123295750535917e+01
2.576093444455596071e+01
2.596884145919021591e+01
2.617485008986508177e+01
2.637885642503752237e+01
2.658075255656668645e+01
2.678043457290953100e+01
2.697779656422411776e+01
2.717273262066849782e+01
2.736513483410181991e+01
2.755491328107338234e+01
2.774200801261603999e+01
2.792637506615389498e+01
2.810797247740995175e+01
2.828674829061268525e+01
2.846266653638181765e+01
2.863567326064691798e+01
2.880572849742990016e+01
2.897278628585595683e+01
2.913679866675137475e+01
2.929772367583915837e+01
2.945551934884230860e+01
2.961013173169040158e+01
2.976152285670425357e+01
2.990964476471015132e+01
3.005445549143109574e+01
3.019590308109556887e+01
3.033395156432328577e+01
3.046854698704382258e+01
3.059964938327908968e+01
3.072721279215427614e+01
3.085119125279457819e+01
3.097154080262409437e+01
3.108821548076802088e+01
3.120117132465044918e+01
3.131036237339657902e+01
3.141574266613160304e+01
3.151726624198071747e+01
3.161489313496582199e+01
3.170857138931540575e+01
3.179826103905136847e+01
3.188391412500000754e+01
3.196548668458541442e+01
3.204293475523169121e+01
3.211621037776512111e+01
3.218527158790871567e+01
3.225007042648876165e+01
3.231056293092935050e+01
3.236670513865459498e+01
3.241844909049076762e+01
3.246575082386197408e+01
3.250857037279013184e+01
3.254685578150370162e+01
3.258056308742679619e+01
3.260965032628241289e+01
3.263406754059793968e+01
3.265377276609638102e+01
3.266872403850072715e+01
3.267886940203947432e+01
3.268417088903342460e+01
3.268459253010230015e+01
3.268017029462637879e+01
3.267094814518156909e+01
3.265697803753938899e+01
3.263830193597682694e+01
3.261497579286321979e+01
3.258703957417666430e+01
3.255454323738976541e+01
3.251753474167624347e+01
3.247606404450871054e+01
3.243017510846306806e+01
3.237991389441411627e+01
3.232533035983448144e+01
3.226647246389786261e+01
3.220339216237579194e+01
3.213612742294744606e+01
3.206473419798216185e+01
3.198925445175693838e+01
3.190973614344547826e+01
3.182623122881930655e+01
3.173878167215541879e+01
3.164744142752423883e+01
3.155225245920276578e+01
3.145326672296252113e+01
3.135052618308049688e+01
3.124408679192602278e+01
3.113398451887938734e+01
3.102027731460881910e+01
3.090300514509241481e+01
3.078222196440059477e+01
3.065797373340816989e+01
3.053030441469103806e+01
3.039926396572181488e+01
3.026490034567421361e+01
3.012726151372194394e+01
2.998639542903871558e+01
2.984234405590152406e+01
2.969515935008189444e+01
2.954489326735134469e+01
2.939158377538905853e+01
2.923528682656436928e+01
2.907604638345318193e+01
2.891390840693029318e+01
2.874892485276723164e+01
2.858114168183880111e+01
2.841060285672090302e+01
2.823735633658724353e+01
2.806145407720935125e+01
2.788294203946202643e+01
2.770186618422007641e+01
2.751828246385283094e+01
2.733226881201757053e+01
2.714390915726828979e+01
2.695329342305569398e+01
2.676050353963487183e+01
2.656562743215763334e+01
2.636874902917796604e+01
2.616995625584767282e+01
2.596933304072075188e+01
2.576696531065009665e+01
2.556293699418970533e+01
2.535733801479028671e+01
2.515025030270692596e+01
2.494176178309142600e+01
2.473195638449778500e+01
2.452092003377889995e+01
2.430874065608657375e+01
2.409550018167589513e+01
2.388128653569866700e+01
2.366618564500778987e+01
2.345028343645615720e+01
2.323366383859777073e+01
2.301641277828552390e+01
2.279861818067121959e+01
2.258036197600995010e+01
2.236173208945351476e+01
2.214281444785481767e+01
2.192369497806675227e+01
2.170445760864331319e+01
2.148519026473630689e+01
2.126597487660082209e+01
2.104690136768756048e+01
2.082805366655052381e+01
2.060951770004260908e+01
2.039137739671780736e+01
2.017372068172792154e+01
1.995663148362694983e+01
1.974019572926778565e+01
1.952450134380223545e+01
1.930963225578429387e+01
1.909567439206685435e+01
1.888270968290501273e+01
1.867083204834728249e+01
1.846011942205094414e+01
1.825065972916780410e+01
1.804254089484966173e+01
1.783584884594941400e+01
1.763066351442325086e+01
1.742707682202077990e+01
1.722517069899709341e+01
1.702502707560728012e+01
1.682669191272614384e+01
1.663021217037794841e+01
1.643562881369023287e+01
1.624298480608944928e+01
1.605232411015150262e+01
1.586369168760173842e+01
1.567712750441825698e+01
1.549267652232640735e+01
1.531038170475263982e+01
1.513028401682450053e+01
1.495243041856624799e+01
1.477686087595597186e+01
1.460362134986848126e+01
1.443275180628186760e+01
1.426429820607093646e+01
1.409830351266213810e+01
1.393480769203356395e+01
1.377385770420947431e+01
1.361549451431741176e+01
1.345976208493327775e+01
1.330670337948352255e+01
1.315636036224514349e+01
1.300877799494349496e+01
1.286399924100502368e+01
1.272206706385618169e+01
1.258302342777396454e+01
1.244691329448372663e+01
1.231377762911301232e+01
1.218366239253662897e+01
1.205660854988211916e+01
1.193265906457593317e+01
1.181185789919397244e+01
1.169425001546159137e+01
1.157987537935688138e+01
1.146877895260519864e+01
1.136100269948353692e+01
1.125659158171725238e+01
1.115558656443388941e+01
1.105803360850825356e+01
1.096397267991843627e+01
1.087344874038979370e+01
1.078650475334877434e+01
1.070318368222182670e+01
1.062352948958485399e+01
1.054758413971485176e+01
1.047539059603826850e+01
1.040699382028046038e+01
1.034243377841951705e+01
1.028175743047970059e+01
1.022499375179512349e+01
1.017212275937674448e+01
1.012311447874099102e+01
1.007793693710538996e+01
1.003655916083691935e+01
9.998949177153106049e+00
9.965076012420928109e+00
9.934907693857912392e+00
9.908414246980488116e+00
9.885562699856730973e+00
9.866322078853617228e+00
9.850661410338126700e+00
9.838549720677237431e+00
9.829955037088476288e+00
9.824845386789368362e+00
9.823190795296344646e+00
9.824958290677479056e+00
9.830116899299749633e+00
9.838636646679589148e+00
9.850484560885067964e+00
9.865630667432618850e+00
9.884040995240864547e+00
9.905686568975685447e+00
9.930535415854608416e+00
9.958556562244613275e+00
9.989718035363223336e+00
1.002398786242796902e+01
1.006133506980582482e+01
1.010172868386377054e+01
1.014513773096878424e+01
1.019153023833839278e+01
1.024087423319012302e+01
1.029313874189095124e+01
1.034829279080785724e+01
1.040630540630781908e+01
1.046714361645891067e+01
1.053077844592701418e+01
1.059717492448130116e+01
1.066630507593710497e+01
1.073813592836249953e+01
1.081263650812446286e+01
1.088977484244052185e+01
1.096951995767765631e+01
1.105184187935229545e+01
1.113670663638305847e+01
1.122408325513692873e+01
1.131394276027978663e+01
1.140625118073025135e+01
1.150097854200475922e+01
1.159809287132083000e+01
1.169755720014873290e+01
1.179930958122242401e+01
1.190328307152859644e+01
1.200940872975504448e+01
1.211761961288845946e+01
1.222784977706499099e+01
1.234003028097242982e+01
1.245409218329856671e+01
1.256997153847845361e+01
1.268759740690097537e+01
1.280690284555283043e+01
1.292782290971961423e+01
1.305028765893966991e+01
1.317422915105023762e+01
1.329958144218746519e+01
1.342627559103914336e+01
1.355424565374141999e+01
1.368342268898208758e+01
1.381373975374783747e+01
1.394512890587591691e+01
1.407752420150247019e+01
1.421085570016583688e+01
1.434505745800216481e+01
1.448006053369924473e+01
1.461579898339322270e+01
1.475220386577189302e+01
1.488920923697139997e+01
1.502674715482898726e+01
1.516474667973354151e+01
1.530314586441901881e+01
1.544187376927430577e+01
1.558086245213664611e+01
1.572004796744109179e+01
1.585935837642707469e+01
1.599872773523074443e+01
1.613809009998824706e+01
1.627737553023792572e+01
1.641651808211592112e+01
1.655544881431002580e+01
1.669410178295639113e+01
1.683240904589225551e+01
1.697030166180541499e+01
1.710771468598146328e+01
1.724457617965983758e+01
1.738082419557449398e+01
1.751638879326377207e+01
1.765120003226600787e+01
1.778519396701625510e+01
1.791830065705285335e+01
1.805045216021304100e+01
1.818158852752968713e+01
1.831166379812797729e+01
1.844063800602982539e+01
1.856846918695823234e+01
1.869511937323401085e+01
1.882054859887906417e+01
1.894471889621421212e+01
1.906758630266354615e+01
1.918911285054788252e+01
1.930925857388912803e+01
1.942798350670918950e+01
1.954524968132888318e+01
1.966101313517230054e+01
1.977523789885916372e+01
1.988788200811247364e+01
1.999890349865523476e+01
2.010826839940606803e+01
2.021593074949016611e+01
2.032185258122834171e+01
2.042599592694140753e+01
2.052832082065127040e+01
2.062878329978202885e+01
2.072734739495340150e+01
2.082397114188838927e+01
2.091861657290780840e+01
2.101124172373465626e+01
2.110180662839084320e+01
2.119027331919718193e+01
2.127660183017557927e+01
2.136075019704903610e+01
2.144267845383946636e+01
2.152234863286767563e+01
2.159971876985667194e+01
2.167475289542617034e+01
2.174740504870136348e+01
2.181764125860087233e+01
2.188541756254879544e+01
2.195069599286594908e+01
2.201343658357423649e+01
2.207359737039666214e+01
2.213114038565403874e+01
2.218602566336827309e+01
2.223821323756127555e+01
2.228766114395604347e+01
2.233433341317229903e+01
2.237818608263414077e+01
2.241918318296128021e+01
2.245728075157781944e+01
2.249244082080457119e+01
2.252462342466344225e+01
2.255380058696976775e+01
2.257997430602245359e+01
2.260316656310944694e+01
2.262339334462199147e+01
2.264067063695131665e+01
2.265501842308647440e+01
2.266645069111979183e+01
2.267498742404032086e+01
2.268064660653819686e+01
2.268344222670575761e+01
2.268339027093423965e+01
2.268051471881049252e+01
2.267482756012795164e+01
2.266634877787565827e+01
2.265509435844484898e+01
2.264108028822676388e+01
2.262432455191154190e+01
2.260484513418932906e+01
2.258266001975026072e+01
2.255778519498557699e+01
2.253023664628651446e+01
2.250003635494102383e+01
2.246719631074253343e+01
2.243173849497899397e+01
2.239367489744383377e+01
2.235302749942500000e+01
2.230981028901483043e+01
2.226404324920236633e+01
2.221574036807994190e+01
2.216492362693550788e+01
2.211160501556249613e+01
2.205580451694994437e+01
2.199754211408690452e+01
2.193682779846789899e+01
2.187368554967978440e+01
2.180813135411379378e+01
2.174017919986226488e+01
2.166984906991423543e+01
2.159715695066095265e+01
2.152212282509145425e+01
2.144475868299917209e+01
2.136508850397096282e+01
2.128312427780025118e+01
2.119888598747608555e+01
2.111238961938969894e+01
2.102365315823123737e+01
2.093269259039193742e+01
2.083952789886084034e+01
2.074417307173028391e+01
2.064664809198931295e+01
2.054697494092587817e+01
2.044519558281697513e+01
2.034136597003193359e+01
2.023553206344556088e+01
2.012774781712828087e+01
2.001805919195490091e+01
1.990652014199584485e+01
1.979318262302263420e+01
1.967809259591006921e+01
1.956130201642967847e+01
1.944286483865187876e+01
1.932282702345148451e+01
1.920124052660001013e+01
1.907815730386897357e+01
1.895362531443209164e+01
1.882769651406088229e+01
1.870042285852686348e+01
1.857185030870484610e+01
1.844203281866525046e+01
1.831102234417959451e+01
1.817886484612269271e+01
1.804561627686386771e+01
1.791132059897902096e+01
1.777603176653858341e+01
1.763980173531406592e+01
1.750267846447918885e+01
1.736471390980546303e+01
1.722595802876551119e+01
1.708646077883194536e+01
1.694627411577628706e+01
1.680544599877224599e+01
1.666402838359134364e+01
1.652207322600509798e+01
1.637962748603776930e+01
1.623674511775978146e+01
1.609347408034484417e+01
1.594986632956448069e+01
1.580597282204075604e+01
1.566184251609683464e+01
1.551752536920533032e+01
1.537307433628721753e+01
1.522853737651620598e+01
1.508396644566381539e+01
1.493941150120266137e+01
1.479492349975481424e+01
1.465055139964343311e+01
1.450634915493894539e+01
1.436236272651615486e+01
1.421864606844548895e+01
1.407524813905011030e+01
1.393221589835427565e+01
1.378959031148553116e+01
1.364740435037580113e+01
1.350569398440537228e+01
1.336449718125343011e+01
1.322384591370244777e+01
1.308377914858106550e+01
1.294432985782121115e+01
1.280553500995261906e+01
1.266742957520611945e+01
1.253005052211145021e+01
1.239343082260053386e+01
1.225760844435256125e+01
1.212261835759836082e+01
1.198849553256876632e+01
1.185527593864405738e+01
1.172299554520451892e+01
1.159168932248098294e+01
1.146139323985373082e+01
1.133214326670304573e+01
1.120397437325975964e+01
1.107692152975470101e+01
1.095102170471760772e+01
1.082630886922985880e+01
1.070282099097063977e+01
1.058059204102132966e+01
1.045965798876221164e+01
1.034005280527466475e+01
1.022181545738732922e+01
1.010497891703213114e+01
9.989579153589351890e+00
9.875653135588729370e+00
9.763234834111642613e+00
9.652361217687822403e+00
9.543066257398653107e+00
9.435385922624412558e+00
9.329357181894840423e+00
9.225014006291312185e+00
9.122393364343565736e+00
9.021530226282429510e+00
8.922460561488190223e+00
8.825218341042221581e+00
8.729840533474261477e+00
8.636364107314046024e+00
8.544822034493501306e+00
8.455250284392908711e+00
8.367685825542006128e+00
8.282164127746348470e+00
8.198719661662041247e+00
8.117388396669365846e+00
8.038199807677168351e+00
7.961152895535995810e+00
7.886243663648037305e+00
7.813462620093496902e+00
7.742806267849291046e+00
7.674266613719802343e+00
7.607838162383042224e+00
7.543513919792845357e+00
7.481287391477770221e+00
7.421153082115830024e+00
7.363103498086132959e+00
7.307133643641416931e+00
7.253235525586062771e+00
7.201404148172811048e+00
7.151633016930219355e+00
7.103914138662670297e+00
7.058243516772354731e+00
7.014613158063653486e+00
6.973017567214579771e+00
6.933449750178967363e+00
6.895903212485375633e+00
6.860372458811817786e+00
6.826850495112126715e+00
6.795330826914862676e+00
6.765807459323311512e+00
6.738273897866034368e+00
6.712724147646316197e+00
6.689151214617990782e+00
6.667548604309619265e+00
6.647910821399213077e+00
6.630230871840606888e+00
6.614502760737085651e+00
6.600719993617209624e+00
6.588875576434813475e+00
6.578963514293182158e+00
6.570978311870328881e+00
6.564911975970635361e+00
6.560760010421565980e+00
6.558514921602227155e+00
6.558170215041180917e+00
6.559719895841712223e+00
6.563157469532381327e+00
6.568476441641747599e+00
6.575670817273097768e+00
6.584734101954992980e+00
6.595659801215990825e+00
6.608441420584653336e+00
6.623073464738991056e+00
6.639547940483387478e+00
6.657859852070579620e+00
6.677997709281866534e+00
6.699931038058951849e+00
6.723624868171006241e+00
6.749044728961924200e+00
6.776154651051422562e+00
6.804920163783397591e+00
6.835305797352290824e+00
6.867277580676725002e+00
6.900799544376416073e+00
6.935837717369985889e+00
6.972355131127699224e+00
7.010318314142903517e+00
7.049692296184768558e+00
7.090440608298283820e+00
7.132529778976798518e+00
7.175925337564206252e+00
7.220589815956047097e+00
7.266489243070941129e+00
7.313590147402237562e+00
7.361856059994924983e+00
7.411251511043448481e+00
7.461742529466429019e+00
7.513293145883582547e+00
7.565869888788257391e+00
7.619435290075992739e+00
7.673956877389586317e+00
7.729398181774031151e+00
7.785724732573221729e+00
7.842901559556326951e+00
7.900892693343064543e+00
7.959664162852055469e+00
8.019179998703016565e+00
8.079406229814567908e+00
8.140307386381154586e+00
8.201847998597219913e+00
8.263994095381383076e+00
8.326709707353364465e+00
8.389959864282328539e+00
8.453710595086901591e+00
8.517925930386796907e+00
8.582569900801733098e+00
8.647609534399784081e+00
8.713008861800664917e+00
8.778731913624095995e+00
8.844745717938147678e+00
8.911013306213085627e+00
8.977501706516983759e+00
9.044173950320107735e+00
9.110995067391625568e+00
9.177931086650158221e+00
9.244948037014328435e+00
9.312015944000565426e+00
9.379104833125301965e+00
9.446186728203873173e+00
9.513231654752706490e+00
9.580212635736593541e+00
9.647099696671963542e+00
9.713863862224700441e+00
9.780476157060684628e+00
9.846907605845801825e+00
9.913129233245934202e+00
9.979113063076416879e+00
1.004482812170422790e+01
1.011024843124360828e+01
1.017534301806153607e+01
1.024008290682389344e+01
1.030444012134601728e+01
1.036838568629378976e+01
1.043189062633309483e+01
1.049492496698035993e+01
1.055746073205092550e+01
1.061946994536012312e+01
1.068092163327493260e+01
1.074178781961068729e+01
1.080203952903327469e+01
1.086164878535802636e+01
1.092058561410137330e+01
1.097882103992919944e+01
1.103632708665684170e+01
1.109307477895018046e+01
1.114903414232564671e+01
1.120417620144912618e+01
1.125847298013595044e+01
1.131189550305200520e+01
1.136441479486317263e+01
1.141600188023533491e+01
1.146662678468492480e+01
1.151626253117672860e+01
1.156487814607772435e+01
1.161244665235270013e+01
1.165893807551808870e+01
1.170432344023977045e+01
1.174857477033308051e+01
1.179166209131445164e+01
1.183355642784976602e+01
1.187423080290380994e+01
1.191365324369411205e+01
1.195179677318545863e+01
1.198863241604373187e+01
1.202413119693481569e+01
1.205826913627185526e+01
1.209104123830758937e+01
1.212244650389256329e+01
1.215248493302678057e+01
1.218115852400914179e+01
1.220846527854074459e+01
1.223440519662159076e+01
1.225897827825167674e+01
1.228218652172990843e+01
1.230402692960793054e+01
1.232450150018464363e+01
1.234360823516114891e+01
1.236134813368689400e+01
1.237772219491133185e+01
1.239272842053556012e+01
1.240636880885848292e+01
1.241864136158119258e+01
1.242954607870369266e+01
1.243908395937543432e+01
1.244725500359641579e+01
1.245405821221718767e+01
1.245949358523774819e+01
1.246356212180755030e+01
1.246626382192659399e+01
1.246759568814652219e+01
1.246756171706514316e+01
1.246615991038355453e+01
1.246338926895230159e+01
1.245925079192083729e+01
1.245374447928916339e+01
1.244687033105727814e+01
1.243862734807572856e+01
1.242901652949396940e+01
1.241803787531199887e+01
1.240569038638036403e+01
1.239197406269906665e+01
1.237688890426810673e+01
1.236043591023693544e+01
1.234261408145610162e+01
1.232342441707505465e+01
1.230286491879489397e+01
1.228093658576507075e+01
1.225763941798558321e+01
1.223297341545643135e+01
1.220693857817761696e+01
1.217953390699968708e+01
1.215076040107209465e+01
1.212061706124538674e+01
1.208910488666901450e+01
1.205622287819352678e+01
1.202197603156618655e+01
1.198638233147713272e+01
1.194946475836376898e+01
1.191124829096240489e+01
1.187175391141153646e+01
1.183100460014856914e+01
1.178902633505926012e+01
1.174583909913265956e+01
1.170146687195561874e+01
1.165593363311499608e+01
1.160926136389874053e+01
1.156147504304315987e+01
1.151259465353730249e+01
1.146264617326692559e+01
1.141165158351998166e+01
1.135963386473387438e+01
1.130661599734600387e+01
1.125262096179377735e+01
1.119767273766404614e+01
1.114179430539421567e+01
1.108500764627223845e+01
1.102733673988496577e+01
1.096880556581925603e+01
1.090943410706415406e+01
1.084924934065487179e+01
1.078827224872990875e+01
1.072652681087612159e+01
1.066403500838145924e+01
1.060081982168332360e+01
1.053690622951802602e+01
1.047231621317351369e+01
1.040707175393773909e+01
1.034119783054701180e+01
1.027471642428927900e+01
1.020765051560194614e+01
1.014002508322131924e+01
1.007186110928589962e+01
1.000318257338253858e+01
9.934011456799190398e+00
9.864372738272162877e+00
9.794287399939952010e+00
9.723781419688318550e+00
9.652874780506309094e+00
9.581592461130233218e+00
9.509957441997491046e+00
9.437992703545486251e+00
9.365720227062171332e+00
9.293163992134401141e+00
9.220347978349030527e+00
9.147294166994008435e+00
9.074025538506742095e+00
9.000566072474084578e+00
8.926935751885080705e+00
8.853158556326588879e+00
8.779257466236010998e+00
8.705254462901296009e+00
8.631171527610396410e+00
8.557031640800715877e+00
8.482857782909658084e+00
8.408670936075719027e+00
8.334495079885755331e+00
8.260351696052991244e+00
8.186264264589556916e+00
8.112255266358129546e+00
8.038346183071931605e+00
7.964559995168368545e+00
7.890919183510116675e+00
7.817446228959852306e+00
7.744163112805527049e+00
7.671093315059269280e+00
7.598258817009030608e+00
7.525682099517487345e+00
7.453385643447316689e+00
7.381392429235922314e+00
7.309724438171254057e+00
7.238404650690715592e+00
7.167453549358079101e+00
7.096896112909652388e+00
7.026754822208111761e+00
6.957050159817231183e+00
6.887806105323864614e+00
6.819044640015962777e+00
6.750788244756203760e+00
6.683059899981989460e+00
6.615882086555997965e+00
6.549276286191452634e+00
6.483265479325758029e+00
6.417872646396316050e+00
6.353119768691078306e+00
6.289029826647446697e+00
6.225625301128100197e+00
6.162927673846261278e+00
6.100960424814060978e+00
6.039745535319449132e+00
5.979305985799828527e+00
5.919663757543150773e+00
5.860841830986818657e+00
5.802862187418782902e+00
5.745747807276447183e+00
5.689521171422487811e+00
5.634200764121771954e+00
5.579794078995193196e+00
5.526303114341655665e+00
5.473732865908420564e+00
5.422085331994392909e+00
5.371364009622655367e+00
5.321572895391017965e+00
5.272713987598383945e+00
5.224791782417290698e+00
5.177808777721367051e+00
5.131767970958970970e+00
5.086673858302637186e+00
5.042528937625998076e+00
4.999336705952134530e+00
4.957099661154678039e+00
4.915821799831439520e+00
4.875506119430773389e+00
4.836156616550490561e+00
4.797775789064220753e+00
4.760366634420321041e+00
4.723933149216602345e+00
4.688478830476145554e+00
4.654006176072582157e+00
4.620518683028995710e+00
4.588019348793742402e+00
4.556512169964632264e+00
4.526000143990021485e+00
4.496486268318268031e+00
4.467974039972453681e+00
4.440466456400936401e+00
4.413967014626798857e+00
4.388478712098397239e+00
4.364006044988268052e+00
4.340550512020589835e+00
4.318116609367897318e+00
4.296706834903821104e+00
4.276324685651444746e+00
4.256973658633850910e+00
4.238657250874124038e+00
4.221377960245892957e+00
4.205139783346967697e+00
4.189945467838342985e+00
4.175798760530463838e+00
4.162702409084324096e+00
4.150660160310370550e+00
4.139675011656960280e+00
4.129750460147175062e+00
4.120889503229373751e+00
4.113095637926637238e+00
4.106371861687324376e+00
4.100718923873523103e+00
4.096124584904443644e+00
4.092574107325663846e+00
4.090053253257488919e+00
4.088547035458132584e+00
4.088040216898448875e+00
4.088518809486105354e+00
4.089967576191953391e+00
4.092372029348934959e+00
4.095717181715264665e+00
4.099988295836522134e+00
4.105170634258286100e+00
4.111249959100859996e+00
4.118211283122459321e+00
4.126038869719210744e+00
4.134719729948233891e+00
4.144237877418292193e+00
4.154578824462325848e+00
4.165727583838552128e+00
4.177669917667275357e+00
4.190391088494072491e+00
4.203876358864523155e+00
4.218110241962116369e+00
4.233078999481882931e+00
4.248766645032585387e+00
4.265160189671344249e+00
4.282243147432196473e+00
4.300001530222809620e+00
4.318421349950851251e+00
4.337486620225084799e+00
4.357182353803724872e+00
4.377495561743891095e+00
4.398409758079622200e+00
4.419911454293310449e+00
4.441985163568445749e+00
4.464615898663243598e+00
4.487789671485370668e+00
4.511491494793043344e+00
4.535706381344477123e+00
4.560419843472613088e+00
4.585616893935665850e+00
4.611283045066578268e+00
4.637403309623564063e+00
4.663963699514293459e+00
4.690948228347527227e+00
4.718342408456207338e+00
4.746132251748002240e+00
4.774302271406400067e+00
4.802838479339070155e+00
4.831725888304226224e+00
4.860949011485358184e+00
4.890490863341776517e+00
4.920335457482244657e+00
4.950465808366073084e+00
4.980863931303120218e+00
5.011513340327423904e+00
5.042397549473019325e+00
5.073499073624492262e+00
5.104800927241152309e+00
5.136286124782311724e+00
5.167938180282006577e+00
5.199739109050096175e+00
5.231673424270068651e+00
5.263722641677055947e+00
5.295870275305095909e+00
5.328099839188225495e+00
5.360393848211029599e+00
5.392735316832817816e+00
5.425107759087627102e+00
5.457493689860043240e+00
5.489875624034650237e+00
5.522238074794936225e+00
5.554563057450761399e+00
5.586833586461436241e+00
5.619033175860995932e+00
5.651144340534027144e+00
5.683150094939839470e+00
5.715033953112469867e+00
5.746778429936504118e+00
5.778366539871250929e+00
5.809781796950749033e+00
5.841007215634308025e+00
5.872025310806512799e+00
5.902819096926674725e+00
5.933372088028829872e+00
5.963666798997563134e+00
5.993686743866911470e+00
6.023414437521458886e+00
6.052833393995244116e+00
6.081926128172849388e+00
6.110676154088313439e+00
6.139065986626219384e+00
6.167079139820605072e+00
6.194698628130780982e+00
6.221906966441332010e+00
6.248687169211568637e+00
6.275023250050254298e+00
6.300896724692520046e+00
6.326292106321856679e+00
6.351191410248121727e+00
6.375579649229530688e+00
6.399450328794643816e+00
6.422798952770925496e+00
6.445619026686935094e+00
6.467907053519590832e+00
6.489657537946904142e+00
6.510864984646888232e+00
6.531524897447005706e+00
6.551632780174723614e+00
6.571183137508052496e+00
6.590170474125005562e+00
6.608590793427773669e+00
6.626439099669093835e+00
6.643709897526980157e+00
6.660398191254170541e+00
6.676498985103402894e+00
6.692007782902142488e+00
6.706919089328400752e+00
6.721228408209643845e+00
6.734930743798607899e+00
6.748020600773307898e+00
6.760493482961206446e+00
6.772344394615043228e+00
6.783568339987555262e+00
6.794159823756756644e+00
6.804114849324836456e+00
6.813427421795082317e+00
6.822093544569683310e+00
6.830107722326653530e+00
6.837464459744004408e+00
6.844159760223926803e+00
6.850188128444432145e+00
6.855545068232986594e+00
6.860225084267602469e+00
6.864223680375742376e+00
6.867534861660693934e+00
6.870155131099374479e+00
6.872078493795068965e+00
6.873300453575242663e+00
6.873815015543182305e+00
6.873618682675803448e+00
6.872705959651119301e+00
6.871071850721867769e+00
6.868711360140787647e+00
6.865618992585892144e+00
6.861790751459370341e+00
6.857220641864508970e+00
6.851904667203498889e+00
6.845836832579626829e+00
6.839013141395082762e+00
6.831430596201510497e+00
6.823095191895623302e+00
6.814015920822491523e+00
6.804200776177735221e+00
6.793658750306422967e+00
6.782398335978901294e+00
6.770427526390788486e+00
6.757756313036606066e+00
6.744391689962522030e+00
6.730342649513605835e+00
6.715618184034928717e+00
6.700226286722109847e+00
6.684175949920218684e+00
6.667475166824874400e+00
6.650133928930600291e+00
6.632158730708836991e+00
6.613559563654106022e+00
6.594344420962026554e+00
6.574521795402942459e+00
6.554101178896652335e+00
6.533089065914595928e+00
6.511496447100746821e+00
6.489330316501273010e+00
6.466599666461244844e+00
6.443312989751006192e+00
6.419478779140902702e+00
6.395106026976004721e+00
6.370202726451930531e+00
6.344777370339024891e+00
6.318838950982358149e+00
6.292395961152275952e+00
6.265456893619122170e+00
6.238029741578515974e+00
6.210123996950253300e+00
6.181748152504678906e+00
6.152909701862686376e+00
6.123617637369344280e+00
6.093881450944452105e+00
6.063708636208900771e+00
6.033108185507760624e+00
6.002088591611377311e+00
5.970658347290094703e+00
5.938825945314257559e+00
5.906600378028938003e+00
5.873989139055026065e+00
5.841001720312320344e+00
5.807646614571164712e+00
5.773932314601903926e+00
5.739866813600156270e+00
5.705459603485719455e+00
5.670719177028937352e+00
5.635657024448512686e+00
5.600286134687323170e+00
5.564617997964072416e+00
5.528665103646913437e+00
5.492439441529274546e+00
5.455954000554035233e+00
5.419219771365170857e+00
5.382250242480287383e+00
5.345057403692813125e+00
5.307652745221449919e+00
5.270049256009076366e+00
5.232258426274395191e+00
5.194293744535012358e+00
5.156166201434903229e+00
5.117888286342220816e+00
5.079472488625120796e+00
5.040930798077029706e+00
5.002275704066101447e+00
4.963519695960489919e+00
4.924674263978896072e+00
4.885751897489475581e+00
4.846765085860380573e+00
4.807726318459764947e+00
4.768647085506331429e+00
4.729539876368233919e+00
4.690417180413624543e+00
4.651290487861206024e+00
4.612173287228585217e+00
4.573076569159736593e+00
4.534013822172266117e+00
4.494996036910149151e+00
4.456036202316266959e+00
4.417146308184046077e+00
4.378338843881640408e+00
4.339625299627751787e+00
4.301018164790534115e+00
4.262530927887593357e+00
4.224174079988179287e+00
4.185960859822534630e+00
4.147902757609361224e+00
4.110013012078900907e+00
4.072302863662494055e+00
4.034785551090382505e+00
3.997472065006542064e+00
3.960375644141215457e+00
3.923508278287830997e+00
3.886881957239815666e+00
3.850508920577961014e+00
3.814401657670420498e+00
3.778571159161169479e+00
3.743024169309010940e+00
3.707765683861206973e+00
3.672801697714470848e+00
3.638137206616064656e+00
3.603777705887975191e+00
3.569728441064828228e+00
3.535995407043336591e+00
3.502583599570762374e+00
3.469498763756456494e+00
3.436745895347680158e+00
3.404330989241147076e+00
3.372259041184119344e+00
3.340535546498584196e+00
3.309166250293892553e+00
3.278156148317306062e+00
3.247510985678175643e+00
3.217236007911125295e+00
3.187336960125506380e+00
3.157818838068580103e+00
3.128687386849697383e+00
3.099947852003483106e+00
3.071605978639287748e+00
3.043666762504372514e+00
3.016136198495452003e+00
2.989019032572424184e+00
2.962321259632003212e+00
2.936047875421450293e+00
2.910204874837479583e+00
2.884797253627352287e+00
2.859830507113056530e+00
2.835310130616579549e+00
2.811241369672546231e+00
2.787630219177670732e+00
2.764481425091851019e+00
2.741800982311800805e+00
2.719593886584782627e+00
2.697865883020146072e+00
2.676622217152516470e+00
2.655868384303881058e+00
2.635609879796227961e+00
2.615851949164181622e+00
2.596600337517092960e+00
2.577860290389586417e+00
2.559637303103650119e+00
2.541936870981270857e+00
2.524763989769710726e+00
2.508124654365683881e+00
2.492024110303814766e+00
2.476467603118727379e+00
2.461459129408231750e+00
2.446995192149244325e+00
2.433071045381866693e+00
2.419681693358837649e+00
2.406822140332895543e+00
2.394487390556778728e+00
2.382672448283225553e+00
2.371372567552337163e+00
2.360582752616853242e+00
2.350298007729510807e+00
2.340513586930412782e+00
2.331223745110206913e+00
2.322424485671085392e+00
2.314110313291059651e+00
2.306276482010231277e+00
2.298917996081339066e+00
2.292029859757120924e+00
2.285607077290316091e+00
2.279644902721025712e+00
2.274138090514624899e+00
2.269081894711215686e+00
2.264471569350898772e+00
2.260301619111687366e+00
2.256567298033683056e+00
2.253263860156986542e+00
2.250386309734336621e+00
2.247929651018472086e+00
2.245888638474768051e+00
2.244258775930688898e+00
2.243034817851610629e+00
2.242212018277634389e+00
2.241785131674135290e+00
2.241749412081214921e+00
2.242099863751612521e+00
2.242831490938065553e+00
2.243939547680676494e+00
2.245418788444819569e+00
2.247264467270597255e+00
2.249471338623384664e+00
2.252034906330646624e+00
2.254949924857757804e+00
2.258211648244820235e+00
2.261814581169846239e+00
2.265754477247663434e+00
2.270026090943647379e+00
2.274624426510536424e+00
2.279544238413705681e+00
2.284781030480619979e+00
2.290329806964017667e+00
2.296185572116637097e+00
2.302343080403854270e+00
2.308796336928954585e+00
2.315539596582587567e+00
2.322566864468039505e+00
2.329871646113870209e+00
2.337448446198092000e+00
2.345291020036627927e+00
2.353393122945401039e+00
2.361749009815060862e+00
2.370352435961530002e+00
2.379197406488094746e+00
2.388277926498041825e+00
2.397588001094656196e+00
2.407121635381225033e+00
2.416872334886308149e+00
2.426834854075280656e+00
2.437002448689339573e+00
2.447369623406497219e+00
2.457929633967950167e+00
2.468677234839074419e+00
2.479605681761066549e+00
2.490709729199302114e+00
2.501982632894977687e+00
2.513418397951380001e+00
2.525011529046520486e+00
2.536755531708959843e+00
2.548644161254620677e+00
2.560672172148878989e+00
2.572832570345568115e+00
2.585120360097426406e+00
2.597528547358288087e+00
2.610051636806165476e+00
2.622683633544344417e+00
2.635417793314021928e+00
2.648248870580573122e+00
2.661170620659921493e+00
2.674176798867990090e+00
2.687261660095427995e+00
2.700418709870795464e+00
2.713642452872104371e+00
2.726926394627914529e+00
2.740265039816239145e+00
2.753651394390911111e+00
2.767080462604669666e+00
2.780545749986074178e+00
2.794041011851048140e+00
2.807560752877603427e+00
2.821098478594300296e+00
2.834648194104425034e+00
2.848203904511263485e+00
