# te
3.568979078975596408e+00
4.475505128969232693e+00
4.586606551468177528e+00
4.228782157262227948e+00
3.654242996212558658e+00
3.022464311551650962e+00
2.430201987729561974e+00
1.927129364236238152e+00
1.539480233985185409e+00
1.275879504836096912e+00
1.132845890309765569e+00
1.081878902066441883e+00
1.091069453409824197e+00
1.139250438299066026e+00
1.208669219052905142e+00
1.284490299709776906e+00
1.354144380159634897e+00
1.411212174958757171e+00
1.453198807924728220e+00
1.487157899509804482e+00
1.521018824661191537e+00
1.556663980947039283e+00
1.594969872224385687e+00
1.638835405735423523e+00
1.690282984865308036e+00
1.745810340996332810e+00
1.800837747720158699e+00
1.852003816491855082e+00
1.896229043805724102e+00
1.930342628874863742e+00
1.951323518436536286e+00
1.956837824263829351e+00
1.946249088155622253e+00
1.925025655064401819e+00
1.898089210298560481e+00
1.862071621054364412e+00
1.813076704042535514e+00
1.753387765548962252e+00
1.686832796912803634e+00
1.616043557791441154e+00
1.538868005158283037e+00
1.451958488773368083e+00
1.351967358396735319e+00
1.235546589107378690e+00
1.100286482213692629e+00
9.475302692606244470e-01
7.795590708946364966e-01
5.986541951027131159e-01
4.070967625313164917e-01
2.065663121863574037e-01
-3.664712365184635227e-03
-2.249256053139832567e-01
-4.585457154916978140e-01
-7.058542512245957745e-01
-9.679408942723914944e-01
-1.244936595660178336e+00
-1.536732822778698937e+00
-1.843220793231333143e+00
-2.164291599727779847e+00
-2.499826468376895150e+00
-2.849664910797902184e+00
-3.213636072434456370e+00
-3.591569348517575477e+00
-3.983293634703551689e+00
-4.388544655962250296e+00
-4.806682706856828524e+00
-5.236973412539841277e+00
-5.678683397313291970e+00
-6.131079785053914044e+00
-6.593669495506991218e+00
-7.066925625938193178e+00
-7.551563067780645788e+00
-8.048295213743298149e+00
-8.557837954408729075e+00
-9.080654895122812320e+00
-9.616210991353833393e+00
-1.016372490823008690e+01
-1.072241031513260801e+01
-1.129148387889078542e+01
-1.187018324847250739e+01
-1.245782200820403673e+01
-1.305373972029739704e+01
-1.365726995206789951e+01
-1.426775126657811654e+01
-1.488461914438749112e+01
-1.550771272243420462e+01
-1.613697405005001784e+01
-1.677234018081944100e+01
-1.741375216492478728e+01
-1.806107112059218167e+01
-1.871383144417685074e+01
-1.937149359497454881e+01
-2.003351203738431252e+01
-2.069934723070189619e+01
-2.136845363932634001e+01
-2.204029172255339475e+01
-2.271431794308101004e+01
-2.338998676530821896e+01
-2.406675864853077584e+01
-2.474409205374553267e+01
-2.542143944705262015e+01
-2.609826128774779264e+01
-2.677401603682789855e+01
-2.744816015699088396e+01
-2.812015011093469141e+01
-2.878944435965616933e+01
-2.945549936585326378e+01
-3.011776959392500785e+01
-3.077571949976497123e+01
-3.142879955117437873e+01
-3.207643223976980096e+01
-3.271805004866232025e+01
-3.335306947457178950e+01
-3.398092499890820761e+01
-3.460103311839142037e+01
-3.521282032123580308e+01
-3.581571509395463693e+01
-3.640913393326777481e+01
-3.699250132909068611e+01
-3.756524976453444964e+01
-3.812680372951454899e+01
-3.867657972075083705e+01
-3.921400622475658082e+01
-3.973850373484944498e+01
-4.024950073754271074e+01
-4.074642172275184748e+01
-4.122869118039233172e+01
-4.169573360037962573e+01
-4.214696947603138710e+01
-4.258184727684994897e+01
-4.299988741109820012e+01
-4.340064225982150958e+01
-4.378366020746742748e+01
-4.414847764869008984e+01
-4.449464296793704676e+01
-4.482170454965585549e+01
-4.512920678169626143e+01
-4.541670204510364073e+01
-4.568372673453210808e+01
-4.592982923442922782e+01
-4.615456192584036899e+01
-4.635746120341964627e+01
-4.653807545161463111e+01
-4.669595705147067832e+01
-4.683064239764192394e+01
-4.694168786777154168e+01
-4.702862985651366046e+01
-4.709101674831583040e+01
-4.712839692762560873e+01
-4.714037073466207772e+01
-4.712674633273039859e+01
-4.708739183410285278e+01
-4.702217535105174306e+01
-4.693096499584936510e+01
-4.681362088757239093e+01
-4.667002312828655164e+01
-4.650001984727509097e+01
-4.630349114660372578e+01
-4.608029314875133764e+01
-4.583030195918583161e+01
-4.555337769698388684e+01
-4.524939247101560369e+01
-4.491820640035766132e+01
-4.455969159388016720e+01
-4.417371216725760519e+01
-4.376013223616445913e+01
-4.331882390947083650e+01
-4.284964730625340934e+01
-4.235247453538229223e+01
-4.182716971253196192e+01
-4.127359695337690226e+01
-4.069162437018941603e+01
-4.008112007524179887e+01
-3.944195218080633936e+01
-3.877403276173124169e+01
-3.807748571254857950e+01
-3.735248288696416807e+01
-3.659918814548817068e+01
-3.581778133502201200e+01
-3.500842631607586952e+01
-3.417129893895334192e+01
-3.330656905906133147e+01
-3.241440653180672626e+01
-3.149498720749313208e+01
-3.054847095003291813e+01
-2.957503760632750556e+01
-2.857485703178377889e+01
-2.754809908180863331e+01
-2.649493561010786991e+01
-2.541553647208837674e+01
-2.431007152315704900e+01
-2.317871461531858657e+01
-2.202163360568097872e+01
-2.083900034795002298e+01
-1.963098869413041569e+01
-1.839776450303125088e+01
-1.713950562325502958e+01
-1.585637491616247985e+01
-1.454854923120666577e+01
-1.321628734809572947e+01
-1.186020274459339241e+01
-1.048099882191407950e+01
-9.079381978720570956e+00
-7.656054117503114931e+00
-6.211720138200316654e+00
-4.747083442026600153e+00
-3.262848429345844181e+00
-1.759718751159836447e+00
-2.383980740820762778e-01
1.300409623039733731e+00
2.856000267687630156e+00
4.427669849790489387e+00
6.014714843240205333e+00
7.616431347247625716e+00
9.232115960598324733e+00
1.086106228462952039e+01
1.250256991557514397e+01
1.415593345392186642e+01
1.582044849930580810e+01
1.749541065136309115e+01
1.918011650887929420e+01
2.087386466893888937e+01
2.257594973202855115e+01
2.428566430033604817e+01
2.600230896924475488e+01
2.772517634094244343e+01
2.945356900911140130e+01
3.118677158274377348e+01
3.292409065211965924e+01
3.466481881942682008e+01
3.640825468174974588e+01
3.815368884297728158e+01
3.990042189849282295e+01
4.164774645048412793e+01
4.339496309433458521e+01
4.514136443223195982e+01
4.688624706296182154e+01
4.862890758530975432e+01
5.036863860146350902e+01
5.210474470340429320e+01
5.383651449672205302e+01
5.556324857680017715e+01
5.728423554922862593e+01
5.899878400258639033e+01
6.070618254246343071e+01
6.240572776764532392e+01
6.409670828372202322e+01
6.577844067246815030e+01
6.745019755308243248e+01
6.911130350053510085e+01
7.076111506257885253e+01
7.239900876995548629e+01
7.402437713979796285e+01
7.563658071645681957e+01
7.723499603067379837e+01
7.881901559958193104e+01
8.038800796072732169e+01
8.194134964485175487e+01
8.347841718269697253e+01
8.499858710500475922e+01
8.650125192890807568e+01
8.798576420556184985e+01
8.945151645209907088e+01
9.089789319245710431e+01
9.232425497098650169e+01
9.372998631162461436e+01
9.511447173830883628e+01
9.647707179538967637e+01
9.781717900000013799e+01
9.913416188968636789e+01
1.004274049883857316e+02
1.016962848268399995e+02
1.029401779357909277e+02
1.041584528527846487e+02
1.053505020949541660e+02
1.065156941998456119e+02
1.076534056982007570e+02
1.087630211139569809e+02
1.098439089846604162e+02
1.108954458410528190e+02
1.119170242002671927e+02
1.129080046066540604e+02
1.138677795773464112e+02
1.147957096566947683e+02
1.156911793686365257e+02
1.165535652439134111e+02
1.173822597996584562e+02
1.181766155870265322e+02
1.189360331163462803e+02
1.196598649387725857e+02
1.203475195578296990e+02
1.209983495246725056e+02
1.216117393632383994e+02
1.221870576110734987e+02
1.227237047785064448e+02
1.232210334166921228e+02
1.236784440359591599e+02
1.240953051738536885e+02
1.244709773747262318e+02
1.248049970332309186e+02
1.250974360881283189e+02
1.253484943693088951e+02
1.255583796998587189e+02
1.257273238824507331e+02
1.258555347401710236e+02
1.259431961165187914e+02
1.259905478073626170e+02
1.259977896425929487e+02
1.259651294452958865e+02
1.258927910249487070e+02
1.257809822046375388e+02
1.256299108074484252e+02
1.254397766632718429e+02
1.252108035815850968e+02
1.249431993854742871e+02
1.246371798912211091e+02
1.242929449287160111e+02
1.239107263006319499e+02
1.234907158436637360e+02
1.230331293740930931e+02
1.225381827082017168e+02
1.220060836690756929e+02
1.214370400798010792e+02
1.208312757498552088e+02
1.201889905091285584e+02
1.195103841875115620e+02
1.187956965808727716e+02
1.180451275191026781e+02
1.172588848252873532e+02
1.164371603361216216e+02
1.155802018406696590e+02
1.146882011756263324e+02
1.137613661640776996e+02
1.127999126223054702e+02
1.118040643597869490e+02
1.107740132132170032e+02
1.097099749988772999e+02
1.086121655330495628e+02
1.074808006320154874e+02
1.063160801256655219e+02
1.051182198302813759e+02
1.038874275689491355e+02
1.026239191579504819e+02
1.013279024203715011e+02
9.999960116568952628e+01
9.863920723059938211e+01
9.724694442457838761e+01
9.582302057071262880e+01
9.436764349208817748e+01
9.288113291652979342e+01
9.136423221122997518e+01
8.981779664811990926e+01
8.824267350593514436e+01
8.663970207021561976e+01
8.500974560608813135e+01
8.335365139228825626e+01
8.167225871435590534e+01
7.996642284422227931e+01
7.823699905381853625e+01
7.648482662868462967e+01
7.471076883394734125e+01
7.291566495514662449e+01
7.110037026421365169e+01
6.926573203988397154e+01
6.741260555408875632e+01
6.554182609577016194e+01
6.365425293345715119e+01
6.175074133908091056e+01
5.983212660158356755e+01
5.789926798949410625e+01
5.595301677814590136e+01
5.399421624967668976e+01
5.202372167601765796e+01
5.004238033590436174e+01
4.805104350467016161e+01
4.605055846105062756e+01
4.404177248378130116e+01
4.202554084479337604e+01
4.000271082282240087e+01
3.797413369320174326e+01
3.594065273806915428e+01
3.390312722595362516e+01
3.186239844069398686e+01
2.981932365252032824e+01
2.777474614357039684e+01
2.572952118577536851e+01
2.368449206127299078e+01
2.164051204369554071e+01
1.959843041007747644e+01
1.755910043405107501e+01
1.552336439860462391e+01
1.349207757566930610e+01
1.146608724398067736e+01
9.446244678872107059e+00
7.433397658653876583e+00
5.428397458659354413e+00
3.432093355923003575e+00
1.445334627479285983e+00
-5.310287002752461794e-01
-2.496191312882031887e+00
-4.449526244059748059e+00
-6.390449990528244584e+00
-8.318379298794738474e+00
-1.023273216430325760e+01
-1.213292458419892839e+01
-1.401837255562687545e+01
-1.588849457360585582e+01
-1.774270813400517355e+01
-1.958042973354467975e+01
-2.140107586894422553e+01
-2.320406303692366379e+01
-2.498880773420284740e+01
-2.675473045409943396e+01
-2.850124169843655864e+01
-3.022776595712969794e+01
-3.193371573030089294e+01
-3.361850951296889889e+01
-3.528156180355465921e+01
-3.692228909877803034e+01
-3.854011588855448167e+01
-4.013445067640824249e+01
-4.170471795225478218e+01
-4.325032222302053242e+01
-4.477069597181657912e+01
-4.626524370556933974e+01
-4.773338991419429078e+01
-4.917455109441128513e+01
-5.058813974634235677e+01
-5.197357636330517749e+01
-5.333027344542178128e+01
-5.465765548260763751e+01
-5.595513497498479438e+01
-5.722212442267529298e+01
-5.845804831559459558e+01
-5.966232315046256929e+01
-6.083436542399904567e+01
-6.197358363972827533e+01
-6.307940628416353235e+01
-6.415124585742685781e+01
-6.518851485964029280e+01
-6.619063778071929960e+01
-6.715702312418812880e+01
-6.808709537996224981e+01
-6.898027104476149418e+01
-6.983596661530572192e+01
-7.065359059511918360e+01
-7.143256747411732022e+01
-7.217232174221562957e+01
-7.287225390974271022e+01
-7.353193234413515711e+01
-7.415150891610974782e+01
-7.473127138070871922e+01
-7.527149949977874144e+01
-7.577248902155768917e+01
-7.623452770108781351e+01
-7.665791927980262699e+01
-7.704292753315755249e+01
-7.738986419578168352e+01
-7.769900103632608079e+01
-7.797064978941983782e+01
-7.820508222371398688e+01
-7.840258609425079328e+01
-7.856346514246376955e+01
-7.868799113700394798e+01
-7.877647581250042208e+01
-7.882918294440862894e+01
-7.884643226055328569e+01
-7.882848753638981520e+01
-7.877565251335171581e+01
-7.868820695328564341e+01
-7.856645459762508210e+01
-7.841066721502107839e+01
-7.822114854690711638e+01
-7.799817835512985198e+01
-7.774205238792715988e+01
-7.745306639353694322e+01
-7.713149214061022008e+01
-7.677764136377609816e+01
-7.639177783849000036e+01
-7.597421329938104861e+01
-7.552522750829588460e+01
-7.504510822027677364e+01
-7.453415118356160463e+01
-7.399264415319262866e+01
-7.342087488421212527e+01
-7.281913912485796914e+01
-7.218770864378117835e+01
-7.152689517561090327e+01
-7.083697048899814774e+01
-7.011824631857204793e+01
-6.937098643978799828e+01
-6.859549459407951133e+01
-6.779205853648883817e+01
-6.696097001865607012e+01
-6.610251279902566068e+01
-6.521698262583547034e+01
-6.430466725412779283e+01
-6.336585443894488634e+01
-6.240083193532900907e+01
-6.140997942007204102e+01
-6.039403626376869028e+01
-5.935382576556765599e+01
-5.829017522121545625e+01
-5.720389993666517370e+01
-5.609583520085893582e+01
-5.496680031634764418e+01
-5.381762257887779555e+01
-5.264912129100029858e+01
-5.146212774505946186e+01
-5.025746124360619405e+01
-4.903595307898479660e+01
-4.779842255374617821e+01
-4.654569696363684272e+01
-4.527859960780549642e+01
-4.399795778199865026e+01
-4.270459478536501052e+01
-4.139933391705326926e+01
-4.008300247280995166e+01
-3.875641975518593796e+01
-3.742041705652555805e+01
-3.607581767597751110e+01
-3.472344491269050337e+01
-3.336412406411213283e+01
-3.199867842939111640e+01
-3.062793330597504848e+01
-2.925271598961044717e+01
-2.787384977944601516e+01
-2.649215797463045163e+01
-2.510846587261136520e+01
-2.372359877083636448e+01
-2.233838196675305454e+01
-2.095364075780904400e+01
-1.957019844315303558e+01
-1.818887832193373200e+01
-1.681050968819655012e+01
-1.543591284364183203e+01
-1.406591508401609225e+01
-1.270133970846803351e+01
-1.134301201444526264e+01
-9.991758298544839434e+00
-8.648400860766011888e+00
-7.313764998556391284e+00
-5.988676009363581798e+00
-4.673959190635192051e+00
-3.370438590882012697e+00
-2.078938758189562197e+00
-8.002848026649255209e-01
4.646986027126978058e-01
1.715186660070426861e+00
2.950414395608837559e+00
4.169855320013403421e+00
5.373042580702534821e+00
6.559509574882000926e+00
7.728789200182848873e+00
8.880415353385576083e+00
1.001392143169595528e+01
1.112883933359557886e+01
1.222470445458912280e+01
1.330104819358345480e+01
1.435740494693379787e+01
1.539330511439756854e+01
1.640828608977834691e+01
1.740188027113245184e+01
1.837361905736675283e+01
1.932303484653756342e+01
2.024966603159792555e+01
2.115303901570743506e+01
2.203269219181913385e+01
2.288815795798933905e+01
2.371896871227436421e+01
2.452465685273053708e+01
2.530475677571307713e+01
2.605880087927830147e+01
2.678632355978144020e+01
2.748685721527881043e+01
2.815993424382672927e+01
2.880509104007932919e+01
2.942185800379402139e+01
3.000976953132602887e+01
3.056836001903058175e+01
3.109715786836618534e+01
3.159570347058477680e+01
3.206352522714487208e+01
3.250015753440168709e+01
3.290513279041154959e+01
3.327798539152967550e+01
3.361824973411129491e+01
3.392545621791382615e+01
3.419913923929247801e+01
3.443883119630358891e+01
3.464406848360127356e+01
3.481438349924184905e+01
3.494930864128165382e+01
3.504837231117917895e+01
3.511111490018637227e+01
3.513706880635955088e+01
3.512576642775503188e+01
3.507673616583132770e+01
3.498951841184037193e+01
3.486378144816400493e+01
3.469976107407297405e+01
3.449783696635914509e+01
3.425837681202096974e+01
3.398175629125253039e+01
3.366835108424787393e+01
3.331853287460327806e+01
3.293268133911060858e+01
3.251116816136613608e+01
3.205436702326500864e+01
3.156265560330020747e+01
3.103640358676908662e+01
3.047599264876242842e+01
2.988178647968087276e+01
2.925417274951191615e+01
2.859351514865619492e+01
2.790018935730778438e+01
2.717457705055745976e+01
2.641704591540367275e+01
2.562797363033940101e+01
2.480773387725980328e+01
2.395670233635894419e+01
2.307524869293418845e+01
2.216375262377740185e+01
2.122258781078375733e+01
2.025212993414731955e+01
1.925274668086653307e+01
1.822482172433109326e+01
1.716872275153944472e+01
1.608482544268565917e+01
1.497350747626270540e+01
1.383514153501629451e+01
1.267010130084159414e+01
1.147876245393266892e+01
1.026149867618468470e+01
9.018684648642254942e+00
7.750694552775270196e+00
6.457904068777800433e+00
5.140686378970280579e+00
3.799416414184690893e+00
2.434468855465647064e+00
1.046218196517242571e+00
-3.649612250735310148e-01
-1.798694946826000507e+00
-3.254608443812652130e+00
-4.732327003765449014e+00
-6.231476320320821216e+00
-7.751682212008877748e+00
-9.292570497359729842e+00
-1.085376449702985546e+01
-1.243481859036352688e+01
-1.403499340676603424e+01
-1.565347563858319901e+01
-1.728945197816084089e+01
-1.894211111614368548e+01
-2.061064074402700186e+01
-2.229422355755880858e+01
-2.399205224398163594e+01
-2.570331349564130363e+01
-2.742719000828582310e+01
-2.916287446915773174e+01
-3.090955357060284925e+01
-3.266640801007027761e+01
-3.443263247310146369e+01
-3.620741365204222006e+01
-3.798993624093946408e+01
-3.977938893043792490e+01
-4.157495641458451985e+01
-4.337582738402396387e+01
-4.518119052940099323e+01
-4.699023454136032996e+01
-4.880214811054669610e+01
-5.061610793781139250e+01
-5.243131070699475771e+01
-5.424694111214371617e+01
-5.606218784390298282e+01
-5.787623559631948211e+01
-5.968827306003793609e+01
-6.149748892570306680e+01
-6.330306788736179158e+01
-6.510419863565884668e+01
-6.690007385783674465e+01
-6.868987025474680763e+01
-7.047278451022934576e+01
-7.224799332513569539e+01
-7.401468938670836906e+01
-7.577206538218990772e+01
-7.751929801243160512e+01
-7.925558795787161159e+01
-8.098011191936122088e+01
-8.269206258414298816e+01
-8.439062464626380233e+01
-8.607498279977060918e+01
-8.774433772510153062e+01
-8.939785013671664160e+01
-9.103473670144533969e+01
-9.265416612694329501e+01
-9.425533909364865792e+01
-9.583742430921711275e+01
-9.739963044728243347e+01
-9.894119016106523645e+01
-1.004616238588284176e+02
-1.019605079012041955e+02
-1.034374186488248029e+02
-1.048919324623224583e+02
-1.063236257023293660e+02
-1.077320667362821354e+02
-1.091168399180086226e+02
-1.104775136149454227e+02
-1.118136721809203635e+02
-1.131248919765656638e+02
-1.144107253829267137e+02
-1.156707887266138073e+02
-1.169046343886723065e+02
-1.181118307365388205e+02
-1.192919781104324386e+02
-1.204446208982028850e+02
-1.215693594400692632e+02
-1.226657700966637634e+02
-1.237334132422273854e+02
-1.247718732305879712e+02
-1.257807104359865065e+02
-1.267595251986420521e+02
-1.277078938791868552e+02
-1.286253768518618585e+02
-1.295115664636905706e+02
-1.303660071025227012e+02
-1.311883071017729776e+02
-1.319780268356823285e+02
-1.327347586512742623e+02
-1.334580469363985173e+02
-1.341475000244697924e+02
-1.348026702965334209e+02
-1.354231500996129114e+02
-1.360084918147535689e+02
-1.365583117685657442e+02
-1.370721623420948276e+02
-1.375496119027773716e+02
-1.379902448044412324e+02
-1.383936294145230192e+02
-1.387593500868505600e+02
-1.390869911752517112e+02
-1.393761210471630534e+02
-1.396263080700212242e+02
-1.398371365976540233e+02
-1.400081590111068408e+02
-1.401389916369899709e+02
-1.402291868563488038e+02
-1.402783130366199487e+02
-1.402859705180224239e+02
-1.402518555591227880e+02
-1.401762079557895788e+02
-1.400593634222387607e+02
-1.399017376046425056e+02
-1.397036822036080252e+02
-1.394655489197425027e+02
-1.391877214264356724e+02
-1.388705833970772119e+02
-1.385144545594918100e+02
-1.381197665462429427e+02
-1.376868390851552704e+02
-1.372160558496185274e+02
-1.367077845266311726e+02
-1.361624087895828552e+02
-1.355802803390808151e+02
-1.349617508757322355e+02
-1.343072200593180980e+02
-1.336170475836411526e+02
-1.328915931425042913e+02
-1.321312324161015681e+02
-1.313363330914314417e+02
-1.305072468691010954e+02
-1.296443814020871059e+02
-1.287480644114097856e+02
-1.278186795704588690e+02
-1.268566105526240051e+02
-1.258621930721212010e+02
-1.248358187955357437e+02
-1.237778474166704683e+02
-1.226886626089150667e+02
-1.215686160728767362e+02
-1.204180675023583262e+02
-1.192374085639451380e+02
-1.180269989514399924e+02
-1.167871983586457247e+02
-1.155183904589520267e+02
-1.142209189597704864e+02
-1.128951835208820285e+02
-1.115415358428938788e+02
-1.101603436128044677e+02
-1.087519745176122541e+02
-1.073168042375113060e+02
-1.058551844731088352e+02
-1.043674988977945333e+02
-1.028541231917624543e+02
-1.013154090556198383e+02
-9.975172417636510147e+01
-9.816344423419232612e+01
-9.655093691609997109e+01
-9.491456990908648095e+01
-9.325478283891087017e+01
-9.157228709998317129e+01
-8.986787401866962455e+01
-8.814231893494522296e+01
-8.639642116837181618e+01
-8.463095605892439721e+01
-8.284671493296917788e+01
-8.104448112367677481e+01
-7.922503796421780464e+01
-7.738917678095850761e+01
-7.553768090706945770e+01
-7.367133367572129998e+01
-7.179091842008463686e+01
-6.989722646652569438e+01
-6.799104114821507494e+01
-6.607314579832339518e+01
-6.414432375002125752e+01
-6.220537032627271401e+01
-6.025706886024836706e+01
-5.830019469192320969e+01
-5.633554314426127974e+01
-5.436389355383538202e+01
-5.238603724701173547e+01
-5.040276155355876853e+01
-4.841484181345146709e+01
-4.642307334965386900e+01
-4.442823949533659089e+01
-4.243111958707243048e+01
-4.043250495122761379e+01
-3.843318691416837396e+01
-3.643393681927189220e+01
-3.443554998950220636e+01
-3.243880775973101294e+01
-3.044450145632455573e+01
-2.845341241415453126e+01
-2.646632396639155260e+01
-2.448402544110293988e+01
-2.250730216975821563e+01
-2.053693748552798226e+01
-1.857372071647956702e+01
-1.661843319748467707e+01
-1.467186325746118314e+01
-1.273479622787859888e+01
-1.080801644105698678e+01
-8.892310227615315199e+00
-6.988463418597824273e+00
-5.097260346324577363e+00
-3.219487840989266658e+00
-1.355931358955089427e+00
4.926240493192231562e-01
2.325449910212676663e+00
4.142047741818830175e+00
5.941976763112114313e+00
7.724796099396696647e+00
9.490063377252567989e+00
1.123733897092071210e+01
1.296618125634320684e+01
1.467614960861158835e+01
1.636680240366793271e+01
1.803769701830486483e+01
1.968839782336118560e+01
2.131845620073280045e+01
2.292743652125850673e+01
2.451489716088038406e+01
2.608039649554050854e+01
2.762349090288205744e+01
2.914374275544492221e+01
3.064071042917117538e+01
3.211394830340509543e+01
3.356302474558327731e+01
3.498748814015328179e+01
3.638690485625280502e+01
3.776083127152502072e+01
3.910882776021092155e+01
4.043044670335586233e+01
4.172525646839644509e+01
4.299281343297585778e+01
4.423266997813944812e+01
4.544439047472602766e+01
4.662753929357437244e+01
4.778166481913205388e+01
4.890633142223785512e+01
5.000109548053495701e+01
5.106552136486214266e+01
5.209916145626479533e+01
5.310157612898387924e+01
5.407232975385820595e+01
5.501097471193312316e+01
5.591707537404744244e+01
5.679018012464870679e+01
5.762986532436914189e+01
5.843567536105849314e+01
5.920717860215336970e+01
5.994391943550350987e+01
6.064547422174113933e+01
6.131139534191161999e+01
6.194123517706032089e+01
6.253456209462384408e+01
6.309093247224537038e+01
6.360989869097025462e+01
6.409115301276717958e+01
6.453482332876606620e+01
6.494118140761791835e+01
6.531049901797378254e+01
6.564302394889782022e+01
6.593903596223667307e+01
6.619879483684795218e+01
6.642255635499144262e+01
6.661060027851380028e+01
6.676317439647918661e+01
6.688055047753863391e+01
6.696300029034316026e+01
6.701077562055476733e+01
6.702414823682447320e+01
6.700337791800987475e+01
6.694872444296856884e+01
6.686046757354722558e+01
6.673885509880997802e+01
6.658416278400569865e+01
6.639665040799198437e+01
6.617657774962641781e+01
6.592421657756003128e+01
6.563983066724823345e+01
6.532367979754864962e+01
6.497602374731884822e+01
6.459713828180767337e+01
6.418727918327492432e+01
6.374671822037162627e+01
6.327571117535757139e+01
6.277452582028598016e+01
6.224342193401444945e+01
6.168267927838962095e+01
6.109253764928006092e+01
6.047328480172802756e+01
5.982517252139549413e+01
5.914846058714007881e+01
5.844342876080841620e+01
5.771032483146467484e+01
5.694942856095551775e+01
5.616099173494291108e+01
5.534527812888227061e+01
5.450255951142462152e+01
5.363309965802537960e+01
5.273715834754214171e+01
5.181500335202812835e+01
5.086689445034093637e+01
4.989309941453378627e+01
4.889388601665989142e+01
4.786951003897905821e+01
4.682023925354448579e+01
4.574640138137654333e+01
4.464857992575537793e+01
4.352742233552609008e+01
4.238356806633814244e+01
4.121767256023226622e+01
4.003037127626011937e+01
3.882231565986461419e+01
3.759414916329303935e+01
3.634652323198828583e+01
3.508007732159984471e+01
3.379545888097280937e+01
3.249331735725117909e+01
3.117429220608443430e+01
2.983903487291547663e+01
2.848818880999159475e+01
2.712239946785898326e+01
2.574231629366163432e+01
2.434857874304903547e+01
2.294183826146408833e+01
2.152273830115407804e+01
2.009192431266519918e+01
1.865004374484254512e+01
1.719774004993340100e+01
1.573566267508177496e+01
1.426445607168440155e+01
1.278476269283911648e+01
1.129723298483937022e+01
9.802509400783002036e+00
8.301239889089830015e+00
6.794069900306048737e+00
5.281645384552573930e+00
3.764611542588235160e+00
2.243614574321312727e+00
7.193003049790434034e-01
-8.076855026581778452e-01
-2.336696836022592372e+00
-3.867087807440123370e+00
-5.398212654130374766e+00
-6.929426175334519655e+00
-8.460081171994822569e+00
-9.989533192714546317e+00
-1.151713478864859397e+01
-1.304224250754967862e+01
-1.456420690227379922e+01
-1.608238651887257120e+01
-1.759613290935145358e+01
-1.910480062316424466e+01
-2.060774121231640166e+01
-2.210431522115844771e+01
-2.359387120424747764e+01
-2.507580167871648058e+01
-2.654966102390973504e+01
-2.801503559195398196e+01
-2.947150973667705998e+01
-3.091867580510242774e+01
-3.235612014935683334e+01
-3.378342912156701061e+01
-3.520019107215861709e+01
-3.660599834815511144e+01
-3.800043929998213343e+01
-3.938309428486972763e+01
-4.075355964643914319e+01
-4.211141574192042469e+01
-4.345625491833702370e+01
-4.478766952271240598e+01
-4.610523991227658769e+01
-4.740856243065084641e+01
-4.869721343846740069e+01
-4.997079327594532572e+01
-5.122887830371684714e+01
-5.247106886200103304e+01
-5.369694530802792087e+01
-5.490609599222315751e+01
-5.609811326161020162e+01
-5.727258147001688826e+01
-5.842908497127106671e+01
-5.956722410559179792e+01
-6.068657123701350997e+01
-6.178672670575527093e+01
-6.286727486564491585e+01
-6.392780806370591051e+01
-6.496790266057047347e+01
-6.598715499985986810e+01
-6.698514943540195077e+01
-6.796148231081795643e+01
-6.891573398333795808e+01
-6.984749280338756705e+01
-7.075635111799024912e+01
-7.164189328097386067e+01
-7.250371163936183905e+01
-7.334138255378641702e+01
-7.415451435766229338e+01
-7.494267541842606306e+01
-7.570546607629680125e+01
-7.644246269190672649e+01
-7.715327359867055179e+01
-7.783745917082923427e+01
-7.849463573499311053e+01
-7.912437165859877553e+01
-7.972625928866968081e+01
-8.029998689057671868e+01
-8.084561041668919756e+01
-8.136328173772389505e+01
-8.185316071759315548e+01
-8.231539922701375644e+01
-8.275014114350679506e+01
-8.315755432418029613e+01
-8.353779063975098040e+01
-8.389099396774000184e+01
-8.421733216525534260e+01
-8.451694910981812825e+01
-8.479000466534073155e+01
-8.503665070253991587e+01
-8.525703909213241616e+01
-8.545132170483498157e+01
-8.561966639775560850e+01
-8.576220905521981308e+01
-8.587910954113995388e+01
-8.597053571262404148e+01
-8.603661546080194000e+01
-8.607753262917289305e+01
-8.609341510886679316e+01
-8.608443075699163671e+01
-8.605073144426415865e+01
-8.599246904140112235e+01
-8.590979541911927697e+01
-8.580287843452659047e+01
-8.567185397194860741e+01
-8.551688988849329576e+01
-8.533813006168180948e+01
-8.513573435542649293e+01
-8.490984664724848585e+01
-8.466063479425577043e+01
-8.438825066716512424e+01
-8.409284613669326802e+01
-8.377457307355696514e+01
-8.343358334847296476e+01
-8.307002883215803024e+01
-8.268407738172012955e+01
-8.227587287468040245e+01
-8.184557517495123591e+01
-8.139332816005372706e+01
-8.091929169390027710e+01
-8.042361764720762096e+01
-7.990646588388813143e+01
-7.936798827465855766e+01
-7.880833669023564880e+01
-7.822766300133616824e+01
-7.762611907867685090e+01
-7.700387277936569319e+01
-7.636111594009754810e+01
-7.569830417302264891e+01
-7.501592506307373753e+01
-7.431447418837915109e+01
-7.359444712706722669e+01
-7.285633146407070626e+01
-7.210063077071355053e+01
-7.132784062512411083e+01
-7.053844861223510065e+01
-6.973295830337048073e+01
-6.891185728346299300e+01
-6.807564912383659816e+01
-6.722481341622838613e+01
-6.635986172515796966e+01
-6.548128163555804804e+01
-6.458957671875259621e+01
-6.368521857328310887e+01
-6.276873075346259157e+01
-6.184059285102814840e+01
-6.090130044410813070e+01
-5.995134911083087559e+01
-5.899123442932474148e+01
-5.802145997091368201e+01
-5.704250532733480838e+01
-5.605487806650989313e+01
-5.505906577337165686e+01
-5.405556402604845800e+01
-5.304487639586425018e+01
-5.202748647115395642e+01
-5.100389382664372562e+01
-4.997459404046190912e+01
-4.894007869413903933e+01
-4.790085135899908408e+01
-4.685739961997475689e+01
-4.581021905519442328e+01
-4.475980524278641326e+01
-4.370665376087907816e+01
-4.265126418419856691e+01
-4.159412409767761432e+01
-4.053572907944455750e+01
-3.947657870422555959e+01
-3.841716455355115301e+01
-3.735798620214748667e+01
-3.629953123494729539e+01
-3.524229922667672810e+01
-3.418678175886632431e+01
-3.313348240284004476e+01
-3.208288874353061715e+01
-3.103549635906638926e+01
-2.999180282587461122e+01
-2.895227374760005290e+01
-2.791727281464336130e+01
-2.688713574122050787e+01
-2.586219824154747116e+01
-2.484279602984022617e+01
-2.382926282201584556e+01
-2.282193832888810903e+01
-2.182115426807519043e+01
-2.082725035039086947e+01
-1.984055829345331290e+01
-1.886141580977740517e+01
-1.789015661528021539e+01
-1.692712042077552681e+01
-1.597263994303095913e+01
-1.502705089626248913e+01
-1.409068999383554477e+01
-1.316389294996610104e+01
-1.224699447972068356e+01
-1.134033129646471671e+01
-1.044423811526472790e+01
-9.559051649486143276e+00
-8.685106614195486685e+00
-7.822739223183458712e+00
-6.972284691091311437e+00
-6.134079731284471926e+00
-5.308459058829463117e+00
-4.495758887516987379e+00
-3.696314931563020156e+00
-2.910462655396174991e+00
-2.138537773232427330e+00
-1.380875999287753064e+00
-6.378129228844460208e-01
9.031547636244438571e-02
8.031737184125953277e-01
1.500426104661741089e+00
2.181736749165093858e+00
2.846770374834563189e+00
3.495190642985765539e+00
4.126662338977451050e+00
4.740849748593644719e+00
5.337417407405732561e+00
5.916029351410377224e+00
6.476349366816875452e+00
7.018042238983977832e+00
7.540772253695709360e+00
8.044204196310818844e+00
8.528001353463880108e+00
8.991829509663094910e+00
9.435349953244129395e+00
9.858231965738271541e+00
1.026020677594284791e+01
1.064130535749088224e+01
1.100162562702869984e+01
1.134126550120262600e+01
1.166032589410734488e+01
1.195890472238918356e+01
1.223710090184392030e+01
1.249501634571568864e+01
1.273274697235191155e+01
1.295039369584727496e+01
1.314805543199755178e+01
1.332583109659852560e+01
1.348382060459542409e+01
1.362212287178402903e+01
1.374083581481066396e+01
1.384006034777001304e+01
1.391989538645785451e+01
1.398043884752051369e+01
1.402179064590322355e+01
1.404405069655121530e+01
1.404731791526026541e+01
1.403169121782615392e+01
1.399726852089520612e+01
1.394415173771155736e+01
1.387243778577208353e+01
1.378222757917146524e+01
1.367361803540658016e+01
1.354671106772155831e+01
1.340160359361327913e+01
1.323839552802697028e+01
1.305718778505731592e+01
1.285807628305173722e+01
1.264116293525436951e+01
1.240654665746099283e+01
1.215432536631793248e+01
1.188459797762096848e+01
1.159746640461423262e+01
1.129302756479460257e+01
1.097137937480840364e+01
1.063262474704922234e+01
1.027685959986448161e+01
9.904184847348863840e+00
9.514700404447602011e+00
9.108502189508113744e+00
8.685693114923990876e+00
8.246370098192105758e+00
7.790633054257689594e+00
7.318581398491246226e+00
6.830314046688555685e+00
6.325929914645394447e+00
5.805575377756528432e+00
5.269581154490669661e+00
4.718326921639696359e+00
4.152189108759766434e+00
3.571547392642756336e+00
2.976779201994276480e+00
2.368262714882025666e+00
1.746376608948428943e+00
1.111498687580140476e+00
4.640070663980184751e-01
-1.957197642960342154e-01
-8.673037513280001942e-01
-1.550366716630180441e+00
-2.244530544581717191e+00
-2.949416495093343915e+00
-3.664647389246814768e+00
-4.389844049824978001e+00
-5.124628548547497608e+00
-5.868623206921401270e+00
-6.621449347304262822e+00
-7.382728791628385245e+00
-8.152083361826068852e+00
-8.929135878979066021e+00
-9.713506166720772939e+00
-1.050481654655821906e+01
-1.130269033914788324e+01
-1.210674786769788547e+01
-1.291661145371525699e+01
-1.373190341870702191e+01
-1.455224508503075675e+01
-1.537725777504403446e+01
-1.620656181195498036e+01
-1.703978251471897565e+01
-1.787654020654414921e+01
-1.871645720893751985e+01
-1.955915384510721466e+01
-2.040425243656025955e+01
-2.125137530480368397e+01
-2.210014477134451027e+01
-2.295018315768977146e+01
-2.380110878874868163e+01
-2.465254598432717614e+01
-2.550411706593228089e+01
-2.635544235677211589e+01
-2.720614417835370702e+01
-2.805584485218408730e+01
-2.890416669977028263e+01
-2.975072804602150711e+01
-3.059515520904260200e+01
-3.143706851204168728e+01
-3.227610626291702545e+01
-3.311197471172964413e+01
-3.394439209833398507e+01
-3.477308265748121130e+01
-3.559777661881920352e+01
-3.641818622730569643e+01
-3.723403971428965775e+01
-3.804505731792444578e+01
-3.885095927636341173e+01
-3.965146982435771861e+01
-4.044631719325633412e+01
-4.123521362801700008e+01
-4.201788735998869129e+01
-4.279406262392256366e+01
-4.356345566137415659e+01
-4.432578671049683550e+01
-4.508079199583518459e+01
-4.582817976574912677e+01
-4.656768224818544866e+01
-4.729901568469969675e+01
-4.802190431004302695e+01
-4.873607235896660228e+01
-4.944123607302596923e+01
-5.013712768016791443e+01
-5.082345942535015837e+01
-5.149996353651950187e+01
-5.216635625523147013e+01
-5.282235781963943566e+01
-5.346769246449454016e+01
-5.410208842114577266e+01
-5.472526193114867255e+01
-5.533693722925439573e+01
-5.593683455361630052e+01
-5.652467813898555704e+01
-5.710019621671112589e+01
-5.766309703515293705e+01
-5.821311681885558187e+01
-5.874997180937460683e+01
-5.927338224486335605e+01
-5.978307635667081854e+01
-6.027877038635251949e+01
-6.076019256525744083e+01
-6.122705913494112906e+01
-6.167910631994816839e+01
-6.211603437544286521e+01
-6.253758352256762976e+01
-6.294346600628018962e+01
-6.333341405452732431e+01
-6.370713191907115203e+01
-6.406436781424969240e+01
-6.440487794759657447e+01
-6.472867031230742896e+01
-6.503579286755596911e+01
-6.532630556230931518e+01
-6.560024436594775921e+01
-6.585768121723187107e+01
-6.609865608213974042e+01
-6.632322890963851592e+01
-6.653144366230407059e+01
-6.672335229590795791e+01
-6.689901875601510994e+01
-6.705848300860361633e+01
-6.720181699243404694e+01
-6.732904468709325840e+01
-6.744023803134182060e+01
-6.753545297754904198e+01
-6.761472149849743118e+01
-6.767810753975190607e+01
-6.772566705368181772e+01
-6.775745599265647456e+01
-6.777351432265398046e+01
-6.777390598923929588e+01
-6.775867095839048204e+01
-6.772787317567251364e+01
-6.768155260706346610e+01
-6.761978119132392351e+01
-6.754259090123633769e+01
-6.745004568236568332e+01
-6.734220148708125464e+01
-6.721909828136118392e+01
-6.708079201757476540e+01
-6.692733864809135014e+01
-6.675879012868244899e+01
-6.657520241171739883e+01
-6.637662345636989869e+01
-6.616310521841147363e+01
-6.593469965361364871e+01
-6.569146271434576079e+01
-6.543344635637930651e+01
-6.516069454229020153e+01
-6.487327521424120391e+01
-6.457122034501477970e+01
-6.425460187337149875e+01
-6.392346775848508145e+01
-6.357786595952922681e+01
-6.321784443567764811e+01
-6.284346313589748689e+01
-6.245477401596026112e+01
-6.205182503503968405e+01
-6.163468013870070195e+01
-6.120341925889950119e+01
-6.075828618810243853e+01
-6.029958466774301939e+01
-5.982759046307008077e+01
-5.934259132912589507e+01
-5.884487502095272049e+01
-5.833473728678843884e+01
-5.781245389188188710e+01
-5.727832058447095420e+01
-5.673262112300009363e+01
-5.617563926591375889e+01
-5.560766676485202709e+01
-5.502899137485716352e+01
-5.443989685437361459e+01
-5.384067495504147161e+01
-5.323160943530517386e+01
-5.261298405360918906e+01
-5.198509855478920372e+01
-5.134823270069186663e+01
-5.070266625316381948e+01
-5.004869895704076299e+01
-4.938661457076714356e+01
-4.871669685278742890e+01
-4.803923355814387008e+01
-4.735451643847655134e+01
-4.666282525563211436e+01
-4.596445575784844806e+01
-4.525968770697219412e+01
-4.454881685124123436e+01
-4.383212295250222468e+01
-4.310989776239522797e+01
-4.238242903596250954e+01
-4.164999653505072530e+01
-4.091289600789775704e+01
-4.017141121294805117e+01
-3.942582990524388009e+01
-3.867643584322970440e+01
-3.792352877174120351e+01
-3.716738045942940971e+01
-3.640828665453221902e+01
-3.564653111549407072e+01
-3.488240559395504192e+01
-3.411619784495741214e+01
-3.334818363374999706e+01
-3.257866470346741039e+01
-3.180792081595629384e+01
-3.103624172455781149e+01
-3.026391118771642752e+01
-2.949122295537111427e+01
-2.871845479106961818e+01
-2.794589644815310692e+01
-2.717378772249013608e+01
-2.640236840994925771e+01
-2.563188030469792977e+01
-2.486255520940908781e+01
-2.409463691654909923e+01
-2.332836322368761017e+01
-2.256397192839427390e+01
-2.180170082823873301e+01
-2.104178772079064430e+01
-2.028447240191855983e+01
-1.952999266919212573e+01
-1.877858831847989762e+01
-1.803049315075372050e+01
-1.728595495507775937e+01
-1.654520153752714506e+01
-1.580847768971769440e+01
-1.507602021006960236e+01
-1.434806689615251862e+01
-1.362485854298444998e+01
-1.290663094983614201e+01
-1.219362291342669558e+01
-1.148607522877411746e+01
-1.078422369514915324e+01
-1.008830710927090379e+01
-9.398564267858471766e+00
-8.715234966780409209e+00
-8.038555504882189950e+00
-7.368765678032367816e+00
-6.706103283800590731e+00
-6.050806619331234870e+00
-5.403114980918129362e+00
-4.763265666556195654e+00
-4.131498721901352589e+00
-3.508050945373796914e+00
-2.893161383479993631e+00
-2.287068333364318029e+00
-1.690010841533235331e+00
-1.102226705556395014e+00
-5.239545348123765267e-01
4.456724475783515466e-02
6.031002228249656705e-01
1.151405840748493503e+00
1.689245867733811357e+00
2.216381756849180373e+00
2.732574836269180185e+00
3.237587183530480139e+00
3.731179752126614790e+00
4.213114494700572088e+00
4.683153363895338650e+00
5.141097528969905461e+00
5.586912019693442311e+00
6.020600832663757451e+00
6.442168963628112976e+00
6.851621408333770091e+00
7.248962662953264413e+00
7.634197223659130671e+00
8.007329586623905371e+00
8.368364747594849717e+00
8.717308201893951392e+00
9.054162447394840996e+00
9.378933978568957386e+00
9.691627791163565320e+00
9.992246882627018323e+00
1.028079724785603055e+01
1.055728388259786676e+01
1.082170978430088049e+01
1.107408094786178765e+01
1.131440236902784768e+01
1.154267804439687239e+01
1.175891296971612121e+01
1.196311114158340416e+01
1.215527755574598423e+01
1.233541820710057202e+01
1.250353509394607521e+01
1.265963521032865735e+01
1.280372355199558321e+01
1.293580311639520630e+01
1.305587889927479139e+01
1.316395689553104908e+01
1.326003910346288706e+01
1.334413351626592004e+01
1.341624313138850866e+01
1.347637194542846117e+01
1.352452595328249174e+01
1.356070915154840684e+01
1.358492753512292417e+01
1.359718410145439726e+01
1.359748484543954206e+01
1.358583276452671562e+01
1.356223285446317917e+01
1.352669210929509624e+01
1.347921352647082749e+01
1.341980010343872998e+01
1.334846083254387139e+01
1.326519571378625351e+01
1.317001274036149283e+01
1.306291590886740295e+01
1.294390921590178856e+01
1.281299665806246146e+01
1.267021720217806191e+01
1.251573570790821854e+01
1.234975100599394437e+01
1.217245992887734118e+01
1.198406330559832256e+01
1.178475696944954443e+01
1.157474075032146565e+01
1.135421247980564630e+01
1.112337098864309226e+01
1.088241310927591066e+01
1.063153967074401507e+01
1.037094650634005788e+01
1.010083344595450150e+01
9.821398321178902435e+00
9.532839962754270147e+00
9.235355203122709966e+00
8.929144871324135480e+00
8.614404800651200844e+00
8.291333821844913743e+00
7.960131764795735698e+00
7.620995461945772931e+00
7.274123744036034012e+00
6.919714942232802812e+00
6.557967387702362316e+00
6.189079411610995507e+00
5.813248845550260668e+00
5.430675019835892847e+00
5.041555766059448551e+00
4.646088915812486064e+00
4.244473299836013958e+00
3.836907499083679340e+00
3.423588845572312689e+00
3.004716669617649938e+00
2.580488802811248483e+00
2.151103826106754102e+00
1.716759945776768825e+00
1.277655243200213064e+00
8.339883617775738500e-01
3.859575077814531019e-01
-6.623897201015579994e-02
-5.224027932661000628e-01
-9.823356404318064339e-01
-1.445839073059020485e+00
-1.912714884875140298e+00
-2.382764869607564062e+00
-2.855790446302645336e+00
-3.331593408687782532e+00
-3.809975675384055016e+00
-4.290738415650453774e+00
-4.773683298320695378e+00
-5.258614490102126560e+00
-5.745340653874631442e+00
-6.233673449966448565e+00
-6.723424039131092655e+00
-7.214403582122075775e+00
-7.706423239692913540e+00
-8.199293673022392426e+00
-8.692827042013476557e+00
-9.186834507419684215e+00
-9.681126730419798321e+00
-1.017551587091678478e+01
-1.066981109136525596e+01
-1.116382654996708013e+01
-1.165737140917686787e+01
-1.215025682974813037e+01
-1.264229497158383531e+01
-1.313329599628804445e+01
-1.362307206376372193e+01
-1.411143433476438247e+01
-1.459819397004353903e+01
-1.508316113120525515e+01
-1.556614897730194436e+01
-1.604696667078821903e+01
-1.652542737071649981e+01
-1.700133924039193900e+01
-1.747451843631531077e+01
-1.794477012434342100e+01
-1.841191046097704032e+01
-1.887574760952132280e+01
-1.933609772647704972e+01
-1.979276298025266456e+01
-2.024556352394674263e+01
-2.069430552256554634e+01
-2.113880313431093683e+01
-2.157886452248807885e+01
-2.201430384529884066e+01
-2.244492926604837635e+01
-2.287055494293855773e+01
-2.329098903927454245e+01
-2.370604571325820231e+01
-2.411553512649359376e+01
-2.451926943888368626e+01
-2.491705681373363745e+01
-2.530871140924531559e+01
-2.569404538532168658e+01
-2.607286490696900216e+01
-2.644498413238913770e+01
-2.681021721978395789e+01
-2.716837033415971803e+01
-2.751925763371828637e+01
-2.786271725624838780e+01
-2.819869724597850791e+01
-2.852717562162069243e+01
-2.884812240869137057e+01
-2.916151962250040341e+01
-2.946734328346093079e+01
-2.976556541538829492e+01
-3.005616203869563918e+01
-3.033910917379610339e+01
-3.061438683770064628e+01
-3.088196705422459942e+01
-3.114182784208001209e+01
-3.139394122508222296e+01
-3.163828722024218365e+01
-3.187484184797304110e+01
-3.210357513379122452e+01
-3.232446909300659144e+01
-3.253749974603228168e+01
-3.274263911668364102e+01
-3.293986522367271164e+01
-3.312915408741264400e+01
-3.331047973001766849e+01
-3.348382017019984147e+01
-3.364914743177450163e+01
-3.380644552835040173e+01
-3.395568648374288045e+01
-3.409683832516947177e+01
-3.422988506623892846e+01
-3.435480672396221280e+01
-3.447156732895903275e+01
-3.458015089483816240e+01
-3.468052944541492622e+01
-3.477268699429809828e+01
-3.485658757210737946e+01
-3.493221519245155093e+01
-3.499953788254812537e+01
-3.505854365260368155e+01
-3.510919653323794165e+01
-3.515148053805965134e+01
-3.518537168748197530e+01
-3.521083401212461439e+01
-3.522785951879195920e+01
-3.523641223810372480e+01
-3.523647618366867107e+01
-3.522801538610652017e+01
-3.521102185222164849e+01
-3.518545961263377819e+01
-3.515130868435385736e+01
-3.510854508779503647e+01
-3.505714484337045178e+01
-3.499710795108011041e+01
-3.492853432586924356e+01
-3.485155585546555557e+01
-3.476629643440112716e+01
-3.467287596061024146e+01
-3.457143431501621933e+01
-3.446208739895553208e+01
-3.434496710015587695e+01
-3.422020130974715357e+01
-3.408791392226144978e+01
-3.394822883223084631e+01
-3.380128192398086640e+01
-3.364718909884797426e+01
-3.348608823945658486e+01
-3.331809724544207540e+01
-3.314334400793433133e+01
-3.296196041466107118e+01
-3.277406836185546979e+01
-3.257979374234852088e+01
-3.237926844386792169e+01
-3.217261636094576716e+01
-3.195995938981523921e+01
-3.174143741139965513e+01
-3.151716233043767801e+01
-3.128727003125481687e+01
-3.105188440838316311e+01
-3.081113135465370334e+01
-3.056513876119633721e+01
-3.031403252084205491e+01
-3.005794452131855721e+01
-2.979699266226122134e+01
-2.953131082969665400e+01
-2.926102291815694301e+01
-2.898625482047308211e+01
-2.870713043117714847e+01
-2.842378763289357124e+01
-2.813634032865990520e+01
-2.784492240450276768e+01
-2.754965975325314176e+01
-2.725067826774202118e+01
-2.694810384080039967e+01
-2.664206436355816976e+01
-2.633268572884632519e+01
-2.602009582779475849e+01
-2.570442255153336575e+01
-2.538578779629533244e+01
-2.506432344980835580e+01
-2.474015340660453077e+01
-2.441340555781374633e+01
-2.408420579626699265e+01
-2.375268201309417293e+01
-2.341897608751751036e+01
-2.308322190556361164e+01
-2.274556134645471062e+01
-2.240613229281521868e+01
-2.206507462556846733e+01
-2.172252622733886795e+01
-2.137863097564756032e+01
-2.103352275652114400e+01
-2.068734145088295051e+01
-2.034022693965630069e+01
-1.999232110206342483e+01
-1.964375982242983198e+01
-1.929468298167884655e+01
-1.894523046073379291e+01
-1.859554214051799548e+01
-1.824575590365587274e+01
-1.789601163107074555e+01
-1.754644920368593830e+01
-1.719720450582696358e+01
-1.684841941671605525e+01
-1.650023381727653060e+01
-1.615278559013280812e+01
-1.580621361705876282e+01
-1.546065777897771376e+01
-1.511625895596244007e+01
-1.477315203318900139e+01
-1.443147888987962624e+01
-1.409138040610709020e+01
-1.375299246619690585e+01
-1.341645694937130351e+01
-1.308191173825469988e+01
-1.274949471547151525e+01
-1.241934875939342753e+01
-1.209160875519649991e+01
-1.176641658210296093e+01
-1.144391112188668025e+01
-1.112423125632152932e+01
-1.080751586718137958e+01
-1.049390483538955365e+01
-1.018353704271992122e+01
-9.876551370946355490e+00
-9.573087700992179094e+00
-9.273283915481810524e+00
-8.977280894488023577e+00
-8.685217519784693252e+00
-8.397231673996232715e+00
-8.113464237195422868e+00
-7.834052592431953066e+00
-7.559137120203874183e+00
-7.288839716744366370e+00
-7.023207342077689042e+00
-6.762271968986316217e+00
-6.506064571103269856e+00
-6.254615122912118075e+00
-6.007955097620609308e+00
-5.766114969287039038e+00
-5.529125711544428334e+00
-5.297017298876347091e+00
-5.069822203639994918e+00
-4.847569900744215232e+00
-4.630291363822029105e+00
-4.418018066081184969e+00
-4.210780481579978307e+00
-4.008608584801977237e+00
-3.811534098742293875e+00
-3.619587997033948845e+00
-3.432800503947875281e+00
-3.251202593117093809e+00
-3.074824988387264035e+00
-2.903698163816680555e+00
-2.737854092187817834e+00
-2.577322248409518402e+00
-2.422134105689530248e+00
-2.272320387873511649e+00
-2.127911818807121769e+00
-1.988939247229700280e+00
-1.855433272093223840e+00
-1.727425116818077422e+00
-1.604945130568874889e+00
-1.488024536766000994e+00
-1.376693809467750773e+00
-1.270983922307146186e+00
-1.170925474236164110e+00
-1.076549563781507457e+00
-9.878866650014719308e-01
-9.049678139759196327e-01
-8.278237345505092826e-01
-7.564852754645806643e-01
-6.909831605637926089e-01
-6.313481761406440906e-01
-5.776111709344752265e-01
-5.298029936846262444e-01
-4.879543370133349600e-01
-4.520960808833620059e-01
-4.222589803637862294e-01
-3.984738529705272314e-01
-3.807714849960842640e-01
-3.691827251797974996e-01
-3.637382973673252695e-01
-3.644503786926177047e-01
-3.712563661978035556e-01
-3.840749540962011266e-01
-4.028248990479695868e-01
-4.274249889366884547e-01
-4.577938867522556854e-01
-4.938503179314100433e-01
-5.355130079108902930e-01
-5.827007757976963020e-01
-6.353322221348852716e-01
-6.933262284762977679e-01
-7.566014265884116741e-01
-8.250765106845450170e-01
-8.986702998716978863e-01
-9.773015508100294513e-01
-1.060888895266017151e+00
-1.149350965006138647e+00
-1.242606828924756934e+00
-1.340574931447827245e+00
-1.443174091682349447e+00
-1.550323003841642011e+00
-1.661940487032704805e+00
-1.777945235468856078e+00
-1.898255818469732903e+00
-2.022791429823379339e+00
-2.151470264168388269e+00
-2.284211265505440736e+00
-2.420933128047854765e+00
-2.561554670902630892e+00
-2.705994713176768318e+00
-2.854171574402541545e+00
-3.006004323474313455e+00
-3.161412029286446046e+00
-3.320312511796488231e+00
-3.482625339473528481e+00
-3.648268831849840410e+00
-3.817161808032424108e+00
-3.989223087128279222e+00
-4.164370738882317013e+00
-4.342524831338351987e+00
-4.523602684879207025e+00
-4.707524117761332505e+00
-4.894207199729639690e+00
-5.083571499253218384e+00
-5.275534586502252488e+00
-5.470015530371105328e+00
-5.666933899328864932e+00
-5.866207263545717865e+00
-6.067754691916025678e+00
-6.271495752908877286e+00
-6.477344519671374812e+00
-6.685203075557192065e+00
-6.894969507322192825e+00
-7.106541901722242649e+00
-7.319818845087930903e+00
-7.534696925450944605e+00
-7.751075228716600485e+00
-7.968851342066035848e+00
-8.187923851829841837e+00
-8.408190345189158421e+00
-8.629549908049300555e+00
-8.851898628867227004e+00
-9.075135593548257162e+00
-9.299159887997706875e+00
-9.523868599821987857e+00
-9.749159815776966553e+00
-9.974930623469051127e+00
-1.020108010880356275e+01
-1.042750635853636254e+01
-1.065410745942331694e+01
-1.088078249736974179e+01
-1.110742656168314646e+01
-1.133393973741829619e+01
-1.156022111048051215e+01
-1.178616676932675311e+01
-1.201167380156342901e+01
-1.223664329139476159e+01
-1.246097232642716612e+01
-1.268455799426705255e+01
-1.290729838167028554e+01
-1.312909257454218093e+01
-1.334983865963860517e+01
-1.356943272541651702e+01
-1.378777485693068527e+01
-1.400476114263807048e+01
-1.422029266674289438e+01
-1.443426451855266279e+01
-1.464657778227160101e+01
-1.485712654805775834e+01
-1.506581190011536187e+01
-1.527253192520027270e+01
-1.547718171262000020e+01
-1.567966334572821552e+01
-1.587987191383242980e+01
-1.607770650283795888e+01
-1.627306519950066388e+01
-1.646584609057641302e+01
-1.665594726282106919e+01
-1.684326580384104588e+01
-1.702770079954165894e+01
-1.720916232647219957e+01
-1.738760442375786042e+01
-1.756299511861617191e+01
-1.773530243826466091e+01
-1.790449241162194127e+01
-1.807053306590554698e+01
-1.823339043003409543e+01
-1.839303452952401940e+01
-1.854942939499503396e+01
-1.870254505196356831e+01
-1.885234553104934463e+01
-1.899879885946988622e+01
-1.914187506274162232e+01
-1.928153817148426796e+01
-1.941775621291535714e+01
-1.955049921255131196e+01
-1.967973120101185813e+01
-1.980542020551451188e+01
-1.992753225497790126e+01
-2.004603737491845550e+01
-2.016089959595589320e+01
-2.027209094190554595e+01
-2.037957344508822999e+01
-2.048331513272146509e+01
-2.058328603032169113e+01
-2.067945216680752196e+01
-2.077177957109758211e+01
-2.086023627040939488e+01
-2.094479229025939659e+01
-2.102540966296839642e+01
-2.110205841405282357e+01
-2.117470457243130255e+01
-2.124331616532136024e+01
-2.130786121994051641e+01
-2.136830776350630146e+01
-2.142461982663843401e+01
-2.147676543655443737e+01
-2.152471461877074432e+01
-2.156843140390706992e+01
-2.160788381918094103e+01
-2.164303989180988452e+01
-2.167386764901142371e+01
-2.170033311970418310e+01
-2.172240233280678368e+01
-2.174004331553674874e+01
-2.175322609341051461e+01
-2.176191269874888690e+01
-2.176607315706830192e+01
-2.176567749388518891e+01
-2.176068973981926291e+01
-2.175108991188147556e+01
-2.173691597775102125e+01
-2.171821789490051202e+01
-2.169504961740037174e+01
-2.166745710612540776e+01
-2.163549231684714158e+01
-2.159920520703818525e+01
-2.155864773247006028e+01
-2.151386985061538226e+01
-2.146492351724567271e+01
-2.141185469323573543e+01
-2.135471733265599781e+01
-2.129356139297907191e+01
-2.122843483337866743e+01
-2.115939360622412124e+01
-2.108648367239023358e+01
-2.100975498934962005e+01
-2.092926151117270805e+01
-2.084505319533210965e+01
-2.075717800100153809e+01
-2.066568788395251133e+01
-2.057063280165764851e+01
-2.047206271158956170e+01
-2.037003156781867830e+01
-2.026458533121980210e+01
-2.015577595756445106e+01
-2.004365340432524789e+01
-1.992827162557260934e+01
-1.980967658218134986e+01
-1.968792022992298030e+01
-1.956305452456902927e+01
-1.943512942359210527e+01
-1.930419288616592155e+01
-1.917029886636090552e+01
-1.903349532335076333e+01
-1.889383621120592593e+01
-1.875136749080119358e+01
-1.860613911960918543e+01
-1.845820704999922768e+01
-1.830761924114503003e+01
-1.815442365222030929e+01
-1.799867423729548932e+01
-1.784041895554427626e+01
-1.767970776443928571e+01
-1.751659661634985099e+01
-1.735112947385186999e+01
-1.718335829271686777e+01
-1.701333502871635872e+01
-1.684111163762186791e+01
-1.666673607860710149e+01
-1.649026230574248686e+01
-1.631176325693803975e+01
-1.613131386840268888e+01
-1.594898807719590117e+01
-1.576486481612440826e+01
-1.557901402564987414e+01
-1.539151463857903046e+01
-1.520244159112080062e+01
-1.501186882033465508e+01
-1.481987126242951547e+01
-1.462652585191321286e+01
-1.443190852414412007e+01
-1.423609021873335045e+01
-1.403915186678654514e+01
-1.384116540706426512e+01
-1.364220677492489031e+01
-1.344235090657734233e+01
-1.324167273823054281e+01
-1.304024920439232105e+01
-1.283815424212214928e+01
-1.263546278762894737e+01
-1.243225077627109343e+01
-1.222859314425750910e+01
-1.202456582694657072e+01
-1.182024475969665289e+01
-1.161570188126832370e+01
-1.141101612446831304e+01
-1.120626042720664195e+01
-1.100151172399113619e+01
-1.079684395188126800e+01
-1.059233204708595899e+01
-1.038805394326249143e+01
-1.018408157917142987e+01
-9.980492888470054780e+00
-9.777360809068385450e+00
-9.574762275474249407e+00
-9.372771224747115326e+00
-9.171464591394814292e+00
-8.970916312476816756e+00
-8.771202323351495522e+00
-8.572397560227775770e+00
-8.374576959314580904e+00
-8.177816455970285503e+00
-7.982191485978538559e+00
-7.787775986398812300e+00
-7.594646891738933370e+00
-7.402878139058373996e+00
-7.212545663715507871e+00
-7.023724401919259286e+00
-6.836489789453277233e+00
-6.650910268055044483e+00
-6.467025803702654230e+00
-6.284868868753306081e+00
-6.104473933863105550e+00
-5.925873471389251357e+00
-5.749099953688943998e+00
-5.574187851418288098e+00
-5.401168637785031201e+00
-5.230077283020004408e+00
-5.060945759905682628e+00
-4.893807040373990169e+00
-4.728695095506306068e+00
-4.565642897234557296e+00
-4.404682418341217875e+00
-4.245848629057117130e+00
-4.089173002590004380e+00
-3.934689510021257330e+00
-3.782431373070164859e+00
-3.632431064093927908e+00
-3.484722554173924625e+00
-3.339338565454718299e+00
-3.196311820080871335e+00
-3.055676289133763213e+00
-2.917464694757956334e+00
-2.781710008885377228e+00
-2.648445453235314773e+00
-2.517704249527059179e+00
-2.389519619479898438e+00
-2.263924285238396727e+00
-2.140951718309205720e+00
-2.020635140411615183e+00
-1.903007523477551199e+00
-1.788101964332621252e+00
-1.675951684696114663e+00
-1.566589656499957739e+00
-1.460049101463439802e+00
-1.356363241305849954e+00
-1.255565297746477738e+00
-1.157687992929886001e+00
-1.062764798362727081e+00
-9.708288108706090158e-01
-8.819129399386169688e-01
-7.960505946265625798e-01
-7.132748093132127432e-01
-6.336186808241753843e-01
-5.571153059850580958e-01
-4.837979377385705493e-01
-4.136996104634797500e-01
-3.468534834322341553e-01
-2.832926846938618737e-01
-2.230403664145781950e-01
-1.660798396761875018e-01
-1.123844084542608562e-01
-6.192738453022453293e-02
-1.468209627294680270e-02
2.937815136626931861e-02
7.028003197001930769e-02
1.080502464413914954e-01
1.427154478726117004e-01
1.743023557056741224e-01
2.028376269357321515e-01
2.283479575872146561e-01
2.508600436845505044e-01
2.704005344170380409e-01
2.869960945856857570e-01
3.006735138851836520e-01
3.114593634462790583e-01
3.193803705168212770e-01
3.244631998978187992e-01
3.267346100605412751e-01
3.262211721357359817e-01
3.229496445946726801e-01
3.169466922383598062e-01
3.082389798678057957e-01
2.968532347308600050e-01
2.828160904051105207e-01
2.661542429149861833e-01
2.468944351200465237e-01
2.250632537627490215e-01
2.006874417026531243e-01
1.737936793524775259e-01
1.444086315132307452e-01
1.125589942093416507e-01
7.827144004767383478e-02
4.157265724680107161e-02
2.489339635755504800e-03
-3.895184139826413788e-02
-8.272419641701921067e-02
-1.288010350065391940e-01
-1.771556923658155758e-01
-2.277614880821297039e-01
-2.805917027134873787e-01
-3.356196714588800534e-01
-3.928187607407197524e-01
-4.521622120877367146e-01
-5.136233606989224487e-01
-5.771755417732685745e-01
-6.427920592863460847e-01
-7.104462796605669483e-01
-7.801114132012409996e-01
-8.517567360627099626e-01
-9.253347886459889482e-01
-1.000794114754284259e+00
-1.078083008403438514e+00
-1.157150075843499160e+00
-1.237943798430831022e+00
-1.320412595074958784e+00
-1.404504884685407129e+00
-1.490169086171700519e+00
-1.577353618443363636e+00
-1.666007275090965356e+00
-1.756078100342985726e+00
-1.847514887789994065e+00
-1.940266056341514611e+00
-2.034279775119709477e+00
-2.129504712821465251e+00
-2.225889413249989346e+00
-2.323382170421123494e+00
-2.421931528138074441e+00
-2.521485780416685252e+00
-2.621993970634887816e+00
-2.723403893233799611e+00
-2.825664092016626050e+00
-2.928723360573936674e+00
-3.032529743134210864e+00
-3.137032283075381844e+00
-3.242178774838565758e+00
-3.347918261801694939e+00
-3.454199037980612896e+00
-3.560969147603798568e+00
-3.668177384261821938e+00
-3.775772291757888866e+00
-3.883702164107842414e+00
-3.991915794902251680e+00
-4.100361478156959727e+00
-4.208987008313084033e+00
-4.317741928323281186e+00
-4.426573782841306759e+00
-4.535432114819818672e+00
-4.644263969337843356e+00
-4.753018889348041398e+00
-4.861644919078891292e+00
-4.970090602333598895e+00
-5.078304482915371842e+00
-5.186235104627414216e+00
-5.293830012123481588e+00
-5.401038748356230990e+00
-5.507809857128869169e+00
-5.614091382669876396e+00
-5.719831369207731164e+00
-5.824982357143451139e+00
-5.929511374545107572e+00
-6.033388946503859707e+00
-6.136585598110862350e+00
-6.239071854457273858e+00
-6.340818740208976401e+00
-6.441796280882400971e+00
-6.541974501993979452e+00
-6.641325427359045186e+00
-6.739819082494030056e+00
-6.837425492915364167e+00
-6.934115683288931464e+00
-7.029860178705888529e+00
-7.124630003832117531e+00
-7.218394185034598287e+00
-7.311125245703390618e+00
-7.402793211354927294e+00
-7.493368107505637532e+00
-7.582820958821405277e+00
-7.671122290393386223e+00
-7.758241628163285775e+00
-7.844151495521165529e+00
-7.928821418408730004e+00
-8.012221921917136669e+00
-8.094323531137540328e+00
-8.175096771161099340e+00
-8.254513166228424126e+00
-8.332542741855943902e+00
-8.409155523560087886e+00
-8.484322536006741799e+00
-8.558013804712336636e+00
-8.630201353492205740e+00
-8.700854208713327154e+00
-8.769944394191037773e+00
-8.837440936292317417e+00
-8.903314859683044702e+00
-8.967538188178560077e+00
-9.030079948145838031e+00
-9.090911164250762511e+00
-9.150002861159219236e+00
-9.207324065238182698e+00
-9.262846800302991568e+00
-9.316542091019526239e+00
-9.368378963754766531e+00
-9.418329442324047562e+00
-9.466362553094347376e+00
-9.512449320731549918e+00
-9.556562768200441482e+00
-9.598669923569097762e+00
-9.638743809802305051e+00
-9.676760447313206726e+00
-9.712725830998520493e+00
-9.746651950651671115e+00
-9.778550796066085127e+00
-9.808433357885741444e+00
-9.836312625053517777e+00
-9.862202585661746568e+00
-9.886111232906047874e+00
-9.908053554028205312e+00
-9.928042537971096593e+00
-9.946086177930345329e+00
-9.962200460297182758e+00
-9.976394377416683668e+00
-9.988682916530631672e+00
-9.999076069133549183e+00
-1.000758782331776864e+01
-1.001422817057781423e+01
-1.001901009985656543e+01
-1.002194460179799584e+01
-1.002304666364389263e+01
-1.002232427858987407e+01
-1.001979343302717496e+01
-1.001546311930086830e+01
-1.000934732550328476e+01
-1.000145804142785444e+01
-9.991805258569097958e+00
-9.980402965019347761e+00
-9.967264149721485111e+00
-9.952398804170032420e+00
-9.935818918158418001e+00
-9.917538479778972516e+00
-9.897567480526221928e+00
-9.875918909343043950e+00
-9.852604756022866894e+00
-9.827638009508572026e+00
-9.801029660444132929e+00
-9.772791698622976142e+00
-9.742937112987984705e+00
-9.711476894183133979e+00
-9.678423032001848725e+00
-9.643788515387011984e+00
-9.607584334982597341e+00
-9.569824478880939012e+00
-9.530518938576555854e+00
-9.489680703012332685e+00
-9.447322761131147217e+00
-9.403455104427523636e+00
-9.358090721844341431e+00
-9.311242602324478312e+00
-9.262920737362462020e+00
-9.213142112498978520e+00
-9.161934703918692691e+00
-9.109328486105173539e+00
-9.055357430139801878e+00
-9.000049512207240809e+00
-8.943436705089963468e+00
-8.885550981570444762e+00
-8.826424314431157825e+00
-8.766086678155673440e+00
-8.704569046377011787e+00
-8.641904391027098953e+00
-8.578122686589505719e+00
-8.513254906697252267e+00
-8.447333024132813506e+00
-8.380388012529209618e+00
-8.312450345944736085e+00
-8.243552496736594293e+00
-8.173725438537806198e+00
-8.102999645406665508e+00
-8.031406590550920654e+00
-7.958977747178319184e+00
-7.885745587646060706e+00
-7.811738088138811875e+00
-7.736989719312674652e+00
-7.661530455651220706e+00
-7.585391270787469331e+00
-7.508604137503896325e+00
-7.431199529858796282e+00
-7.353208921059917635e+00
-7.274662785165554979e+00
-7.195594593682359985e+00
-7.116032822369724897e+00
-7.036010942734302276e+00
-6.955558929259660239e+00
-6.874708754728272808e+00
-6.793490893198435465e+00
-6.711937317452622231e+00
-6.630078501549129477e+00
-6.547945918695703860e+00
-6.465571042100092924e+00
-6.382985344970045105e+00
-6.300218801789128520e+00
-6.217304384489271030e+00
-6.134272567128767228e+00
-6.051153823765912598e+00
-5.967980626757906748e+00
-5.884783450163046048e+00
-5.801593767189077155e+00
-5.718442551469022028e+00
-5.635361276210629100e+00
-5.552381414621645028e+00
-5.469531942036187644e+00
-5.386844331662003604e+00
-5.304347059258485153e+00
-5.222070099309201296e+00
-5.140044425447172216e+00
-5.058299512581242219e+00
-4.976864835620253835e+00
-4.895770369047776960e+00
-4.815046586922107075e+00
-4.734722964152085822e+00
-4.654829974796010461e+00
-4.575396594187997934e+00
-4.496453795961068423e+00
-4.418030055874613282e+00
-4.340156847136380058e+00
-4.262863145080486582e+00
-4.186178924190500972e+00
-4.110134408737356360e+00
-4.034759323417259402e+00
-3.960083392926414980e+00
-3.886137341110482701e+00
-3.812950143303578621e+00
-3.740552523351361902e+00
-3.668973456587949045e+00
-3.598243666858999212e+00
-3.528392629073354936e+00
-3.459450317714585221e+00
-3.391446957053623201e+00
-3.324411772211948612e+00
-3.258375736822582969e+00
-3.193367576432279975e+00
-3.129418014886698352e+00
-3.066556776882044311e+00
-3.004813587114524065e+00
-2.944218420067706621e+00
-2.884801500012524667e+00
-2.826592301857821177e+00
-2.769621049874527952e+00
-2.713917468758852092e+00
-2.659511532994362604e+00
-2.606433466851991732e+00
-2.554712495453219212e+00
-2.504378843068977734e+00
-2.455462983757562778e+00
-2.407993892853090845e+00
-2.362002044413857860e+00
-2.317517412923432829e+00
-2.274569723078022410e+00
-2.233188699573831926e+00
-2.193394575187271656e+00
-2.155164869055663512e+00
-2.118468107971260839e+00
-2.083272568938951963e+00
-2.049546029388900514e+00
-2.017256391644950853e+00
-1.986372057605674035e+00
-1.956860929594913978e+00
-1.928691159723878723e+00
-1.901830650316412852e+00
-1.876247678377405359e+00
-1.851910146230701049e+00
-1.828786081093825899e+00
-1.806843635077987731e+00
-1.786051210081757157e+00
-1.766376208854252505e+00
-1.747787033294044612e+00
-1.730251835512341074e+00
-1.713738517832986474e+00
-1.698215357260870251e+00
-1.683650131226155144e+00
-1.670010991840048753e+00
-1.657266216107440515e+00
-1.645383581458493394e+00
-1.634331364898096384e+00
-1.624077468750094289e+00
-1.614589920232013309e+00
-1.605837121242423837e+00
-1.597786724317807661e+00
-1.590407131356735171e+00
-1.583666119789369997e+00
-1.577531966620600690e+00
-1.571972574174272275e+00
-1.566956219455273525e+00
-1.562450804787449465e+00
-1.558424357388326076e+00
-1.554845029369110732e+00
-1.551680847947329855e+00
-1.548899965234191045e+00
-1.546470408447220279e+00
-1.544360079910262140e+00
-1.542537131734524669e+00
-1.540969965818578036e+00
-1.539625984911541012e+00
-1.538473840699347228e+00
-1.537481310612159868e+00
-1.536616546761186308e+00
-1.535847576363953193e+00
-1.535142426637986057e+00
-1.534469249694492943e+00
