# tt
1.212416991679986268e+03
1.125492204294842168e+03
1.045891614027686046e+03
9.848773777226846278e+02
9.406973869002687252e+02
9.100479578929766831e+02
8.894010220459451830e+02
8.763281825847174105e+02
8.691974208006964773e+02
8.662329683552826509e+02
8.673367966974111596e+02
8.711078584990760874e+02
8.761052683453094687e+02
8.826264370586833365e+02
8.912071645278949745e+02
9.016000453621616089e+02
9.133447993849889599e+02
9.259133001754736370e+02
9.388725723133541123e+02
9.522364919862241095e+02
9.661046863842723269e+02
9.804705051687440118e+02
9.952900816820850878e+02
1.010474979207972751e+03
1.025953131094710898e+03
1.041758940056241499e+03
1.057927256425461110e+03
1.074390489740219664e+03
1.091084118925485200e+03
1.108060643290079497e+03
1.125380811120703129e+03
1.143021474122845120e+03
1.160921372445285442e+03
1.178951080264569555e+03
1.197028875148694624e+03
1.215332909441604670e+03
1.234042742289673470e+03
1.253083557381911760e+03
1.272317232298032650e+03
1.291635571142144272e+03
1.311049444660287918e+03
1.330599778014030335e+03
1.350327496364937588e+03
1.370273524874576651e+03
1.390468813196382143e+03
1.410905815753690149e+03
1.431567011461705079e+03
1.452435007126761093e+03
1.473492025881802647e+03
1.494725790178360057e+03
1.516141799335018504e+03
1.537750796206689301e+03
1.559563651539413513e+03
1.581590596623582996e+03
1.603840328056030557e+03
1.626312462163366490e+03
1.649004441122992603e+03
1.671913323438921907e+03
1.695036934961945462e+03
1.718374124671894833e+03
1.741928857193796603e+03
1.765707143410755634e+03
1.789714482641357563e+03
1.813956757877577502e+03
1.838438445308962173e+03
1.863157370786302863e+03
1.888110848595872085e+03
1.913295937241682168e+03
1.938709567336615464e+03
1.964351610989542223e+03
1.990234601531192311e+03
2.016374013788282809e+03
2.042785578369791210e+03
2.069484770102434595e+03
2.096481948167734572e+03
2.123767264948689444e+03
2.151326268747620361e+03
2.179143868411200401e+03
2.207205228568361235e+03
2.235499094799672093e+03
2.264027769145471211e+03
2.292797390379993431e+03
2.321813074148435135e+03
2.351081726571809668e+03
2.380605905472715676e+03
2.410381006770477143e+03
2.440399868561818948e+03
2.470654817378948337e+03
2.501138435536330690e+03
2.531844584259731619e+03
2.562769938379773066e+03
2.593911684291597794e+03
2.625268543083907389e+03
2.656837445369583293e+03
2.688616344890547680e+03
2.720602939606462769e+03
2.752794927476989869e+03
2.785189750679531244e+03
2.817785362956008612e+03
2.850579462266084192e+03
2.883569490787159339e+03
2.916753658043416181e+03
2.950129150429996571e+03
2.983693921688822684e+03
3.017445413997295873e+03
3.051381581097338767e+03
3.085500120948612221e+03
3.119798475728518952e+03
3.154274343396720724e+03
3.188924654566099889e+03
3.223739945293044457e+03
3.258710495851682481e+03
3.293826330733881605e+03
3.329077218649250426e+03
3.364453184089657043e+03
3.399943739982450097e+03
3.435539678166276644e+03
3.471230000003966779e+03
3.507005241551907147e+03
3.542855171519706801e+03
3.578769302834713926e+03
3.614738427335576034e+03
3.650751546385122310e+03
3.686799707604259766e+03
3.722871400791298129e+03
3.758957929349404367e+03
3.795048294641407665e+03
3.831133288505955079e+03
3.867201912305875794e+03
3.903244702097557820e+03
3.939253217066428078e+03
3.975218249051133171e+03
4.011131357237101383e+03
4.046984612374278186e+03
4.082769062083571043e+03
4.118476009768147378e+03
4.154097014613434112e+03
4.189623635804857258e+03
4.225047176745585602e+03
4.260359196621044248e+03
4.295550998834401071e+03
4.330614142571082994e+03
4.365539675451997937e+03
4.400319924009350871e+03
4.434945680081789760e+03
4.469408247072482482e+03
4.503699439949115003e+03
4.537811073679375113e+03
4.571733940101908047e+03
4.605458831055363589e+03
4.638977561507426799e+03
4.672280923296746550e+03
4.705359196697449079e+03
4.738202661983664257e+03
4.770802622558558141e+03
4.803149870260778698e+03
4.835233662235414158e+03
4.867046325014671311e+03
4.898578138872677300e+03
4.929819384083561090e+03
4.960761364050489647e+03
4.991394359047590115e+03
5.021708649348990548e+03
5.051695538357858823e+03
5.081344794783802172e+03
5.110648745159028294e+03
5.139596646628625422e+03
5.168179802595759611e+03
5.196389004899079737e+03
5.224214533812713853e+03
5.251646669610788194e+03
5.278677227260990549e+03
5.305295975472929968e+03
5.331493706085252597e+03
5.357261722501127224e+03
5.382590816559199084e+03
5.407473826356195787e+03
5.431901543730764388e+03
5.455864760521552853e+03
5.479356826389805974e+03
5.502368021609650896e+03
5.524890672713295316e+03
5.546916594668426114e+03
5.568436579313689435e+03
5.589442953181292069e+03
5.609926508109882889e+03
5.629880593760704869e+03
5.649294978843367971e+03
5.668162501454597987e+03
5.686473953433041970e+03
5.704221149746386800e+03
5.721396416926839265e+03
5.737991058377565423e+03
5.753996377501733150e+03
5.769403677702509412e+03
5.784205285512100090e+03
5.798393015898192061e+03
5.811957660699433291e+03
5.824891546448029658e+03
5.837187511240706954e+03
5.848845043512945267e+03
5.859864654829265419e+03
5.870246856754185501e+03
5.879992672416745336e+03
5.889102613381464835e+03
5.897578214341902822e+03
5.905419475298058387e+03
5.912626907814451442e+03
5.919202046584640811e+03
5.925144380044107493e+03
5.930456466015449223e+03
5.935137281369626180e+03
5.939188360800197188e+03
5.942610727436202069e+03
5.945404892842159825e+03
5.947570857018070456e+03
5.949110666222013606e+03
5.950023808889467546e+03
5.950312331278511920e+03
5.949975721824626817e+03
5.949015515221371061e+03
5.947431711468744652e+03
5.945225845260306414e+03
5.942398428160575349e+03
5.938949971734072278e+03
5.934880987545315293e+03
5.930193010287864126e+03
5.924886039961718780e+03
5.918961099695918165e+03
5.912419212619501195e+03
5.905260378732467871e+03
5.897486132728377925e+03
5.889096474607229538e+03
5.880092939062583355e+03
5.870476037658958376e+03
5.860246281960873603e+03
5.849404183532848947e+03
5.837950253939403410e+03
5.825886539438616637e+03
5.813213040030487718e+03
5.799929755715016654e+03
5.786038221185763177e+03
5.771539459571765292e+03
5.756433470873022998e+03
5.740721278218575208e+03
5.724403904737462653e+03
5.707481861994204337e+03
5.689955661553318350e+03
5.671825814979326424e+03
5.653096414788383299e+03
5.633774111319245094e+03
5.613870670555860670e+03
5.593397346917662617e+03
5.572363860130521971e+03
5.550781464613869503e+03
5.528660391658097069e+03
5.506011384118115529e+03
5.482845184848836652e+03
5.459172536705171296e+03
5.435004694106550232e+03
5.410351376778845406e+03
5.385222816012449584e+03
5.359631289355831541e+03
5.333586516534864131e+03
5.307098728839937394e+03
5.280179692255003829e+03
5.252839638070453475e+03
5.225088797576679099e+03
5.196938425193111470e+03
5.168398240645621627e+03
5.139480009918160249e+03
5.110194475865639106e+03
5.080550846649411142e+03
5.050561399817945130e+03
5.020235855097113017e+03
4.989584955341827481e+03
4.958619954971518382e+03
4.927351085276577578e+03
4.895789089111915928e+03
4.863944197767925289e+03
4.831828177228555433e+03
4.799450747219680125e+03
4.766822139031689403e+03
4.733954630213053861e+03
4.700857428925126442e+03
4.667542301151856918e+03
4.634018966619116327e+03
4.600298679746338166e+03
4.566391671823911565e+03
4.532309197271268204e+03
4.498060975814280937e+03
4.463658773436898628e+03
4.429112821429514042e+03
4.394433351082519039e+03
4.359632128379862479e+03
4.324718361482898217e+03
4.289703560593316979e+03
4.254598212783769668e+03
4.219413060909167143e+03
4.184159103606680219e+03
4.148845293255402794e+03
4.113481349581206814e+03
4.078077248092223272e+03
4.042642452732064612e+03
4.007186427444343281e+03
3.971718891954931678e+03
3.936249565989701296e+03
3.900787913492264579e+03
3.865343142623974018e+03
3.829925740457481425e+03
3.794544403589618923e+03
3.759209619093038782e+03
3.723930339346833080e+03
3.688716284076874217e+03
3.653577173009034141e+03
3.618522725869185251e+03
3.583562150818679129e+03
3.548705423365648585e+03
3.513962263235965111e+03
3.479341622808721695e+03
3.444853733374309741e+03
3.410507803094081737e+03
3.376313807476169586e+03
3.342280954681926232e+03
3.308419220219482668e+03
3.274738068032451793e+03
3.241246962064445597e+03
3.207955622041336483e+03
3.174873511906736439e+03
3.142010607168777369e+03
3.109376115988811307e+03
3.076979758092711108e+03
3.044831508988608221e+03
3.012940321055595632e+03
2.981316169801804790e+03
2.949968519170848140e+03
2.918907088888597627e+03
2.888141598680925199e+03
2.857681512491443300e+03
2.827536294263764830e+03
2.797715663723760827e+03
2.768229340597303690e+03
2.739086788828005865e+03
2.710297472359479798e+03
2.681871366699856935e+03
2.653817935792749267e+03
2.626146387799510194e+03
2.598867209792790618e+03
2.571989098369423118e+03
2.545520750126241182e+03
2.519464467103583047e+03
2.493821272430487170e+03
2.468592445018252874e+03
2.443778752213659118e+03
2.419381728710265634e+03
2.395401886072591424e+03
2.371840758994194857e+03
2.348699114821855801e+03
2.325978232466873123e+03
2.303679135058285738e+03
2.281802845725133466e+03
2.260350643378714722e+03
2.239323039583548962e+03
2.218721824815454966e+03
2.198547766421212145e+03
2.178801631747599913e+03
2.159484699705917137e+03
2.140598504989722187e+03
2.122143431272405451e+03
2.104120885356395320e+03
2.086531890370731162e+03
2.069377597335582323e+03
2.052658901488857282e+03
2.036377081741855363e+03
2.020532905441356206e+03
2.005127907280918180e+03
1.990162598825061195e+03
1.975638642658473600e+03
1.961556678236805055e+03
1.947917984471354430e+03
1.934723584491161091e+03
1.921974245643003997e+03
1.909671630511572175e+03
1.897816506443645039e+03
1.886409896568261274e+03
1.875452824014460475e+03
1.864946567693541510e+03
1.854892150734543520e+03
1.845290340484245917e+03
1.836142671636207297e+03
1.827450039428336822e+03
1.819213339098544338e+03
1.811433849558128259e+03
1.804112721827257701e+03
1.797250595361582327e+03
1.790849132745790712e+03
1.784908973435532516e+03
1.779431268450976404e+03
1.774417168812291720e+03
1.769866418737218510e+03
1.765773774689431093e+03
1.762132458439045195e+03
1.758935947538435812e+03
1.756177591648848875e+03
1.753850868322659153e+03
1.751948871438852620e+03
1.750465206440934480e+03
1.749393350881279957e+03
1.748726398638874571e+03
1.748457827266094000e+03
1.748581114315313243e+03
1.749089609447778003e+03
1.749976534433603547e+03
1.751235494716295307e+03
1.752859584174838801e+03
1.754842536143869211e+03
1.757177444502372282e+03
1.759857786802723012e+03
1.762876912706167104e+03
1.766228171873950032e+03
1.769905041858446793e+03
1.773900872320903318e+03
1.778209012922564625e+03
1.782822813324676190e+03
1.787735623188483714e+03
1.792940920066362196e+03
1.798431925728427586e+03
1.804202117727054656e+03
1.810244973614619084e+03
1.816553715161236596e+03
1.823121819919281961e+03
1.829942637550001109e+03
1.837009389823509309e+03
1.844315554292182014e+03
1.851854736399524427e+03
1.859619902133392088e+03
1.867604912719550384e+03
1.875802606254724878e+03
1.884206843964680729e+03
1.892810591837273478e+03
1.901607455316008782e+03
1.910590656171001683e+03
1.919753927736887590e+03
1.929090363892652022e+03
1.938593314299540452e+03
1.948256128618798357e+03
1.958072284402800960e+03
1.968035259203923715e+03
1.978138274792282118e+03
1.988374680829121417e+03
1.998737699084557335e+03
2.009220423437575619e+03
2.019815947767161788e+03
2.030517365952301361e+03
2.041317899763110063e+03
2.052210515187443434e+03
2.063188561886547177e+03
2.074244750066016877e+03
2.085372813060488170e+03
2.096565333184426436e+03
2.107815532207947854e+03
2.119116631901167693e+03
2.130461726143071701e+03
2.141844036703775146e+03
2.153256657462263775e+03
2.164692170733003877e+03
2.176144565632890135e+03
2.187606424476388383e+03
2.199071096924744779e+03
2.210531421074684658e+03
2.221980746587453268e+03
2.233412167342036810e+03
2.244818777217420120e+03
2.256193414310329899e+03
2.267529684064270896e+03
2.278820424575969355e+03
2.290058985506670069e+03
2.301238204953099739e+03
2.312350921011983246e+03
2.323391250691346158e+03
2.334351264741134401e+03
2.345224824387113586e+03
2.356004256161489138e+03
2.366683677072287082e+03
2.377255413651712388e+03
2.387712815561011212e+03
2.398049232461428801e+03
2.408257502449691401e+03
2.418330719404783849e+03
2.428262232987952302e+03
2.438045137078182506e+03
2.447672269772199343e+03
2.457136980731248968e+03
2.466432363834317130e+03
2.475551512960388663e+03
2.484487521988450226e+03
2.493233484797487108e+03
2.501782751048744558e+03
2.510127903056688410e+03
2.518263825176123646e+03
2.526188215366711120e+03
2.533900562063932284e+03
2.541400609485526729e+03
2.548686822937935631e+03
2.555758946638899488e+03
2.562616724806158345e+03
2.569258878528413334e+03
2.575684640458885042e+03
2.581894010597573470e+03
2.587885710033179748e+03
2.593659227201183967e+03
2.599214050537067124e+03
2.604549156911789851e+03
2.609664034760832237e+03
2.614558172519674827e+03
2.619230802841538662e+03
2.623681158379643875e+03
2.627908216004951100e+03
2.631911975717461246e+03
2.635691414388134490e+03
2.639245764670191420e+03
2.642574514999112580e+03
2.645676898028118558e+03
2.648552146410430396e+03
2.651200004363787684e+03
2.653618937194632053e+03
2.655809200685223004e+03
2.657769515924262123e+03
2.659499371347229044e+03
2.660997999607345264e+03
2.662264889140090418e+03
2.663299528380945503e+03
2.664100382636351242e+03
2.664667963470827544e+03
2.665000736190816042e+03
2.665098189231796368e+03
2.664959811029249522e+03
2.664584834236395636e+03
2.663972491506455754e+03
2.663122271274909963e+03
2.662033406194979307e+03
2.660705128919884373e+03
2.659136927885105251e+03
2.657328035743862529e+03
2.655277429367117293e+03
2.652985364537129499e+03
2.650449794995820412e+03
2.647671488089969444e+03
2.644648397561498768e+03
2.641381802321706800e+03
2.637875027539970688e+03
2.634132421514707858e+03
2.630158588326593417e+03
2.625958387838563795e+03
2.621535912566776005e+03
2.616895766591905613e+03
2.612042809776889499e+03
2.606981390420143271e+03
2.601716112602343856e+03
2.596251580404166816e+03
2.590592142124029124e+03
2.584742657624866752e+03
2.578707219422836260e+03
2.572490687380873624e+03
2.566097921361914814e+03
2.559532758099856892e+03
2.552800313239895786e+03
2.545904679298187602e+03
2.538850971919928725e+03
2.531643283621275714e+03
2.524285962700645086e+03
2.516784124803231862e+03
2.509142118227453921e+03
2.501364547053985916e+03
2.493455759581245729e+03
2.485420359889908468e+03
2.477262952060651060e+03
2.468988140174149521e+03
2.460600272528820369e+03
2.452104208987599577e+03
2.443504297848903661e+03
2.434805143193408639e+03
2.426011093319531028e+03
2.417126752307947299e+03
2.408157235803853382e+03
2.399106124758885926e+03
2.389978534818240860e+03
2.380779325844854156e+03
2.371512334572622876e+03
2.362182676646742948e+03
2.352794444583370932e+03
2.343352242463182847e+03
2.333861185931374621e+03
2.324325111721843314e+03
2.314749135479784400e+03
2.305137605503614850e+03
2.295494614309490771e+03
2.285825277542608092e+03
2.276134199283643284e+03
2.266425472048752908e+03
2.256703699918613438e+03
2.246973231191640480e+03
2.237238414166251459e+03
2.227504108705381896e+03
2.217774151542928848e+03
2.208052890977308834e+03
2.198344931089197871e+03
2.188654620177012475e+03
2.178986306539169163e+03
2.169344594256343953e+03
2.159733575844693860e+03
2.150158111167154402e+03
2.140621909066493117e+03
2.131129701514516000e+03
2.121685708918509590e+03
2.112294663250279427e+03
2.102960657025982982e+03
2.093688294326296273e+03
2.084481795558505837e+03
2.075345509021027738e+03
2.066283783012278946e+03
2.057301477395195434e+03
2.048402173121413853e+03
2.039590985836130358e+03
2.030872008055501738e+03
2.022249588077944054e+03
2.013728074201874051e+03
2.005312070507967746e+03
1.997005541621252178e+03
1.988813347404663091e+03
1.980739836156617230e+03
1.972788972502141178e+03
1.964965488413040930e+03
1.957273604296603253e+03
1.949718052124634369e+03
1.942302668631030883e+03
1.935032313678728997e+03
1.927911079783885270e+03
1.920943571027175949e+03
1.914133879924757821e+03
1.907486610557306904e+03
1.901006239114369691e+03
1.894696858112102973e+03
1.888563199522312743e+03
1.882609227970025586e+03
1.876839675427047951e+03
1.871258890191795899e+03
1.865871220562686403e+03
1.860680759055875569e+03
1.855691598187520640e+03
1.850903993739880889e+03
1.846317434148436860e+03
1.841932175195448508e+03
1.837747577425266400e+03
1.833763512946760329e+03
1.829979342304281090e+03
1.826395321280088410e+03
1.823010938309662606e+03
1.819825681828484221e+03
1.816839551836553028e+03
1.814052292551609526e+03
1.811463520300264008e+03
1.809072851409126542e+03
1.806880285878197355e+03
1.804885312142956764e+03
1.803087674421144811e+03
1.801487244821631975e+03
1.800083511779898572e+03
1.798876347404814624e+03
1.797865495914120174e+03
1.797050701525555723e+03
1.796431452674601360e+03
1.796007749361257538e+03
1.795779080021004120e+03
1.795745316762711809e+03
1.795906203804120423e+03
1.796261357471840256e+03
1.796810649874741785e+03
1.797553441557175120e+03
1.798489988301399990e+03
1.799619522760637437e+03
1.800942172826017213e+03
1.802457171150759905e+03
1.804164773517125241e+03
1.806064468360593537e+03
1.808155744116645565e+03
1.810438728676410847e+03
1.812912782584240176e+03
1.815577905840133553e+03
1.818433714770701044e+03
1.821479953593682922e+03
1.824716110744559955e+03
1.828142442005591420e+03
1.831758052138868379e+03
1.835563069035520584e+03
1.839557109022158556e+03
1.843739660534262384e+03
1.848110979354092024e+03
1.852670298134868290e+03
1.857416849529811543e+03
1.862346924696154929e+03
1.867456814791131364e+03
1.872742171516324561e+03
1.878198646573318001e+03
1.883822147445954897e+03
1.889608453726948937e+03
1.895553472900143333e+03
1.901653240340511275e+03
1.907903151967376743e+03
1.914299371046842680e+03
1.920837677171622317e+03
1.927513722043299822e+03
1.934323541036847701e+03
1.941262913744980096e+03
1.948327747651539767e+03
1.955513566566980899e+03
1.962816533757405978e+03
1.970232300924399169e+03
1.977756903442933435e+03
1.985385993014592486e+03
1.993115221340959579e+03
2.000941007470397835e+03
2.008858747322231011e+03
2.016864220489172567e+03
2.024953206563935964e+03
2.033122124594883871e+03
2.041366114719080542e+03
2.049681468093759122e+03
2.058063580638242911e+03
2.066508743509765281e+03
2.075012608409909717e+03
2.083570954931389679e+03
2.092179562666918628e+03
2.100834339100340003e+03
2.109531319606626312e+03
2.118266155887362402e+03
2.127034627535260825e+03
2.135832514143035041e+03
2.144655595303398513e+03
2.153500162173585068e+03
2.162361482781787345e+03
2.171235592502979671e+03
2.180118654603264076e+03
2.189006320784224954e+03
2.197893986965186286e+03
2.206777816412250104e+03
2.215653716609260755e+03
2.224517595040061224e+03
2.233365103406234994e+03
2.242191893409365548e+03
2.250994895662335693e+03
2.259769506084469413e+03
2.268512655288648148e+03
2.277220506540976203e+03
2.285888967325296107e+03
2.294514456689971212e+03
2.303093649465624367e+03
2.311622453136098102e+03
2.320097030967496721e+03
2.328513802008182211e+03
2.336869185306517920e+03
2.345159344128606790e+03
2.353380441740552214e+03
2.361528641408457133e+03
2.369600617962944398e+03
2.377592278887857447e+03
2.385500043231558720e+03
2.393320330042411570e+03
2.401049302586518479e+03
2.408682868347723797e+03
2.416217957938909876e+03
2.423650223061659290e+03
2.430976338546595798e+03
2.438192211877561931e+03
2.445294773667440950e+03
2.452279675617816338e+03
2.459143336777050081e+03
2.465881920411246483e+03
2.472492101351027486e+03
2.478969531297977028e+03
2.485311140864977460e+03
2.491513093318132178e+03
2.497571296141284165e+03
2.503481912600536816e+03
2.509241873308772028e+03
2.514847085749834150e+03
2.520293457407565711e+03
2.525577663112590017e+03
2.530696377695529009e+03
2.535644997075707579e+03
2.540420196083747214e+03
2.545018393768011720e+03
2.549435497612344079e+03
2.553668438229626645e+03
2.557712611539183854e+03
2.561564948153897149e+03
2.565221611339870833e+03
2.568678508580947437e+03
2.571932314707749811e+03
2.574979704550900806e+03
2.577820166545880966e+03
2.580453956474949791e+03
2.582881074338107283e+03
2.585101775917613395e+03
2.587115805431208628e+03
2.588923674443411983e+03
2.590525127171963959e+03
2.591920675181384013e+03
2.593110062689412644e+03
2.594093801260569307e+03
2.594871379330334094e+03
2.595443308463226913e+03
2.595809588659247765e+03
2.595970731482916108e+03
2.595926481151972439e+03
2.595676581884156349e+03
2.595221801026248158e+03
2.594561882795987003e+03
2.593697082975633293e+03
2.592627145782927073e+03
2.591352582782388254e+03
2.589873393974016381e+03
2.588189835140071409e+03
2.586301906280553339e+03
2.584209607395462172e+03
2.581912938484797905e+03
2.579412411113080452e+03
2.576707513715789446e+03
2.573799013639705208e+03
2.570686655102566874e+03
2.567370693886635308e+03
2.563851129991910057e+03
2.560128219200650619e+03
2.556201705730597496e+03
2.552072101146270597e+03
2.547739405447669469e+03
2.543203618634794111e+03
2.538464996489904024e+03
2.533523283230740162e+03
2.528378990421821982e+03
2.523032118063149028e+03
2.517482921936981256e+03
2.511730890478799211e+03
2.505776791035382303e+03
2.499620623606730533e+03
2.493262132410583490e+03
2.486702084793721497e+03
2.479939969191624641e+03
2.472976041386552424e+03
2.465810812943024757e+03
2.458447864812678290e+03
2.450890010600371170e+03
2.443141342822259958e+03
2.435205186647721803e+03
2.427085123028393809e+03
2.418784477133653581e+03
2.410306829915137769e+03
2.401655762324483476e+03
2.392835366877847264e+03
2.383848201397827779e+03
2.374698358400580673e+03
2.365389418837743960e+03
2.355924707878694335e+03
2.346308062257328857e+03
2.336542551360764719e+03
2.326632267705158938e+03
2.316580024895369206e+03
2.306390171229811585e+03
2.296065776095604178e+03
2.285610420444383635e+03
2.275027685227787060e+03
2.264320895615192057e+03
2.253494144122754733e+03
2.242550500137592735e+03
2.231493288829083667e+03
2.220326602713384091e+03
2.209054022742131110e+03
2.197678618302441919e+03
2.186203970345954076e+03
2.174633915606563733e+03
2.162971779253648947e+03
2.151221142238846369e+03
2.139385585513793103e+03
2.127468562138996276e+03
2.115473780957222971e+03
2.103404567137850336e+03
2.091264373741385953e+03
2.079057293283986382e+03
2.066786267261638841e+03
2.054455132408239933e+03
2.042067086002037968e+03
2.029626220559189051e+03
2.017135605466810830e+03
2.004598949567670161e+03
1.992019961704534126e+03
1.979401839155650123e+03
1.966748290763784780e+03
1.954062769589445679e+03
1.941348856584269924e+03
1.928610132699894166e+03
1.915849923105696234e+03
1.903071425079923074e+03
1.890278091683082039e+03
1.877472992302290550e+03
1.864659835780315689e+03
1.851841563613145127e+03
1.839021373079026034e+03
1.826202973020725494e+03
1.813389560716490905e+03
1.800584205553439688e+03
1.787790360592078969e+03
1.775011351001786352e+03
1.762250374060808781e+03
1.749511010720783815e+03
1.736796202477698671e+03
1.724109530283190452e+03
1.711454191415506784e+03
1.698833383152894839e+03
1.686250558555861744e+03
1.673708914902655351e+03
1.661211905253782106e+03
1.648762854778620067e+03
1.636364832864286200e+03
1.624021164680157881e+03
1.611735303286742237e+03
1.599510573853416872e+03
1.587350173658428957e+03
1.575257427871155642e+03
1.563235789552104279e+03
1.551288328088392518e+03
1.539418368649397280e+03
1.527629364295625919e+03
1.515924640196455812e+03
1.504307265739004379e+03
1.492780693983778747e+03
1.481348377991286043e+03
1.470013387148643915e+03
1.458779046625229512e+03
1.447648809481550188e+03
1.436625745104723364e+03
1.425713434446385918e+03
1.414915074784785475e+03
1.404233863398169433e+03
1.393673125455914942e+03
1.383236314018529356e+03
1.372926626364259619e+03
1.362747387662483561e+03
1.352701795191448355e+03
1.342793302011661126e+03
1.333024849619109546e+03
1.323396949578313070e+03
1.313910241344921360e+03
1.304565108592324123e+03
1.295362062885040814e+03
1.286301232114201184e+03
1.277383383626584873e+03
1.268608645313321631e+03
1.259977400847801164e+03
1.251490289685673133e+03
1.243147695500326790e+03
1.234949746182892568e+03
1.226897209080149423e+03
1.218990212083227561e+03
1.211229266756646439e+03
1.203614884664925285e+03
1.196147193699194531e+03
1.188826833315103613e+03
1.181654187186041781e+03
1.174629638985399197e+03
1.167753572386565111e+03
1.161026371062929684e+03
1.154448546579012145e+03
1.148020354717072223e+03
1.141742307041629829e+03
1.135614787226074668e+03
1.129638178943795992e+03
1.123813121650443691e+03
1.118139487454887558e+03
1.112618299486166961e+03
1.107249429853152151e+03
1.102033773793751834e+03
1.096971331307966693e+03
1.092062613960315957e+03
1.087308261206449060e+03
1.082708400937495981e+03
1.078263544717976401e+03
1.073974204112409552e+03
1.069840634903055843e+03
1.065863156817739309e+03
1.062042473257674828e+03
1.058378776059557140e+03
1.054872512842340939e+03
1.051524131224980692e+03
1.048333950935301345e+03
1.045302547483387343e+03
1.042430176651498186e+03
1.039717286058589025e+03
1.037164323323614099e+03
1.034771544228833591e+03
1.032539140610941786e+03
1.030465194102990608e+03
1.028547658446901778e+03
1.026784103711207308e+03
1.025172611528958441e+03
1.023710815914252407e+03
1.022396542717880834e+03
1.021227681736200452e+03
1.020202058820003117e+03
1.019317244037820842e+03
1.018571319022705097e+03
1.017961981734317760e+03
1.017486994077885697e+03
1.017144245849765639e+03
1.016931498955184338e+03
1.016846579244933764e+03
1.016887312569805431e+03
1.017051460835026433e+03
1.017336913836953272e+03
1.017741305589682952e+03
1.018262653780702180e+03
1.018898592424107733e+03
1.019647139207386431e+03
1.020505864199070061e+03
1.021472785086645331e+03
1.022545535884209130e+03
1.023721942442553313e+03
1.024999958503599373e+03
1.026377218081444653e+03
1.027851738863575292e+03
1.029421090918523532e+03
1.031083227988210865e+03
1.032835911977864498e+03
1.034677032683840707e+03
1.036604224120236722e+03
1.038615440028974035e+03
1.040708506260844388e+03
1.042881056829945010e+03
1.045131109423762382e+03
1.047456362001958041e+03
1.049854576469759422e+03
1.052323642623522801e+03
1.054861386314040146e+03
1.057465505500973222e+03
1.060133953926243748e+03
1.062864493495078477e+03
1.065654758221574639e+03
1.068502829738783475e+03
1.071406278115237001e+03
1.074363121038421923e+03
1.077370992522435245e+03
1.080427462635808979e+03
1.083530101447074912e+03
1.086676479024765058e+03
1.089864037546281679e+03
1.093090474971286312e+03
1.096353105586051697e+03
1.099649499459109393e+03
1.102977354550121163e+03
1.106333985145359748e+03
1.109716961313356705e+03
1.113124108904904006e+03
1.116552614315143728e+03
1.120000175503737864e+03
1.123464234648088677e+03
1.126942361816727725e+03
1.130432127078187477e+03
1.133931100500999719e+03
1.137436596371436735e+03
1.140946440540290041e+03
1.144457819402701944e+03
1.147968686700594617e+03
1.151476100937979936e+03
1.154978015856779621e+03
1.158471745743266183e+03
1.161954860665971182e+03
1.165424930693427086e+03
1.168879398003035703e+03
1.172315832663329047e+03
1.175731804742838904e+03
1.179124884310097741e+03
1.182492513542507140e+03
1.185832134617469592e+03
1.189141573385776383e+03
1.192418016242570502e+03
1.195659289038643237e+03
1.198862833951396624e+03
1.202026093158233152e+03
1.205146636727684381e+03
1.208221906837152574e+03
1.211249601446299721e+03
1.214227162732527859e+03
1.217152160764368773e+03
1.220022165610354705e+03
1.222834747339017440e+03
1.225587220236629491e+03
1.228277282262852395e+03
1.230902375595088188e+03
1.233460070301869337e+03
1.235947936451727401e+03
1.238363799895454122e+03
1.240706893286270542e+03
1.242976449277396796e+03
1.245172339977703359e+03
1.247293798040410593e+03
1.249340184009869063e+03
1.251311242103819268e+03
1.253206332866611547e+03
1.255025072624855966e+03
1.256766566140643590e+03
1.258430685522844442e+03
1.260016791315809087e+03
1.261524371955017614e+03
1.262952787984821043e+03
1.264301783622959192e+03
1.265570463631523126e+03
1.266758828010512389e+03
1.267865853630888296e+03
1.268891156819260914e+03
1.269834353902240537e+03
1.270694933315307708e+03
1.271472255602812766e+03
1.272165937091366231e+03
1.272775082543058716e+03
1.273299819849020196e+03
1.273738997989081327e+03
1.274092489072112585e+03
1.274359781533594287e+03
1.274540108026747021e+03
1.274633084878181080e+03
1.274638200523377009e+03
1.274554815506685145e+03
1.274382674045845761e+03
1.274121008794079444e+03
1.273769436077996488e+03
1.273327316441947687e+03
1.272794394103672857e+03
1.272169773825263064e+03
1.271453199824458352e+03
1.270644160536739037e+03
1.269742016506455911e+03
1.268746256169089293e+03
1.267656367960119496e+03
1.266471968206156816e+03
1.265192417451551819e+03
1.263817204131785047e+03
1.262345816682336817e+03
1.260777743538687446e+03
1.259112473136317703e+03
1.257349366019577701e+03
1.255488422188467666e+03
1.253530792663156490e+03
1.251477628463813517e+03
1.249330464283997117e+03
1.247090834817266341e+03
1.244760146866050036e+03
1.242339551450516865e+03
1.239830839046485835e+03
1.237235288565255814e+03
1.234554306809255650e+03
1.231789300580913959e+03
1.228941804573789568e+03
1.226013097699181571e+03
1.223004714650648793e+03
1.219918190121749603e+03
1.216754547241523596e+03
1.213515576485789097e+03
1.210202684656974725e+03
1.206817022775250052e+03
1.203360253425303426e+03
1.199833783409563694e+03
1.196239019530459700e+03
1.192577240699290314e+03
1.188850237391874543e+03
1.185059032737250845e+03
1.181205161428978499e+03
1.177290286051746079e+03
1.173315557625722477e+03
1.169282382953336537e+03
1.165192424619277062e+03
1.161046961534842922e+03
1.156847272611332983e+03
1.152595276215695776e+03
1.148291867585840464e+03
1.143938709306456076e+03
1.139537208179971003e+03
1.135088643117684342e+03
1.130594676704284666e+03
1.126056587851071299e+03
1.121475911251602611e+03
1.116853925817177469e+03
1.112192166241355153e+03
1.107492039326563827e+03
1.102754951875233019e+03
1.097982310689790893e+03
1.093175522572666978e+03
1.088335994326289665e+03
1.083465388535347756e+03
1.078564856220010142e+03
1.073635932073835875e+03
1.068680086844818561e+03
1.063698919172082014e+03
1.058694155585879571e+03
1.053667522616465249e+03
1.048620746794092156e+03
1.043555362812319345e+03
1.038473289038095118e+03
1.033376060164978298e+03
1.028265402723222451e+03
1.023143107188646013e+03
1.018010900091502776e+03
1.012870252179786462e+03
1.007722953929315509e+03
1.002570859761473457e+03
9.974155043698191321e+02
9.922585503390411077e+02
9.871019160360878004e+02
9.819470722089529318e+02
9.767958093334552814e+02
9.716498539398482990e+02
9.665108046672555702e+02
9.613804519914957609e+02
9.562605224428225483e+02
9.511526146603594043e+02
9.460585191199249948e+02
9.409797065695131550e+02
9.359182872127670407e+02
9.308756039065507366e+02
9.258534471266825676e+02
9.208536073489811997e+02
9.158776192670053433e+02
9.109272733565735507e+02
9.060044240390692494e+02
9.011105420624863882e+02
8.962473539570784169e+02
8.914166501986638877e+02
8.866200294263665000e+02
8.818592821160048061e+02
8.771360069067026188e+02
8.724519942742782632e+02
8.678089707489854163e+02
8.632084710243829022e+02
8.586523495218541484e+02
8.541422048805228542e+02
8.496798275762074582e+02
8.452667523024668981e+02
8.409048974262494767e+02
8.365957976411139043e+02
8.323412434228788470e+02
8.281428973562327656e+02
8.240021662436047336e+02
8.199197534862090606e+02
8.158959788118704637e+02
8.119312898395436378e+02
8.080259423514884247e+02
8.041805118577891562e+02
8.003951262495758101e+02
7.966703610369330590e+02
7.930064720021205176e+02
7.894039067640929943e+02
7.858630489962399679e+02
7.823842184263862691e+02
7.789678626734865929e+02
7.756143014653656564e+02
7.723239824209780409e+02
7.690972252681484633e+02
7.659344136802667435e+02
7.628359952762873490e+02
7.598021618929052465e+02
7.568335529857698702e+02
7.539303603915760732e+02
7.510930317292784366e+02
7.483218867267017913e+02
7.456174369483655937e+02
7.429798742309648105e+02
7.404097101390190119e+02
7.379073283459179038e+02
7.354730485794860897e+02
7.331072545131133893e+02
7.308103298201893949e+02
7.285827221196688015e+02
7.264246871938113372e+02
7.243366726615716971e+02
7.223189982507747118e+02
7.203722394715047130e+02
7.184965242148916786e+02
7.166923640454551787e+02
7.149600786910200441e+02
7.133001797161058448e+02
7.117128589574072066e+02
7.101985640338790517e+02
7.087577425644758478e+02
7.073907142770224254e+02
7.060978628449082635e+02
7.048795079959584200e+02
7.037361612946922378e+02
7.026681424689345477e+02
7.016757712465100667e+02
7.007594313008085010e+02
6.999196341963494206e+02
6.991563799331328255e+02
6.984689011643793037e+02
6.978561747610497150e+02
6.973171136485400439e+02
6.968507586433759116e+02
6.964559587253883137e+02
6.961317547111030990e+02
6.958770595259161382e+02
6.956907860952233023e+02
6.955719752355503260e+02
6.955196038178580693e+02
6.955324568764126525e+02
6.956096391733045721e+02
6.957501275794948015e+02
6.959527710748143363e+02
6.962165465302239227e+02
6.965404947622492955e+02
6.969234008051565752e+02
6.973644333666013608e+02
6.978623774808496592e+02
6.984162739644272051e+02
6.990250357427300969e+02
6.996877036322838421e+02
7.004031266129195501e+02
7.011702815555979669e+02
7.019882092768448274e+02
7.028557587564913547e+02
7.037719068654980674e+02
7.047356304748259390e+02
7.057459064554357155e+02
7.068016477327234952e+02
7.079018311776499104e+02
7.090454336611758208e+02
7.102313681086972110e+02
7.114586113911749408e+02
7.127260764340046535e+02
7.140328040537124252e+02
7.153776432301290242e+02
7.167596347797802991e+02
7.181777555736269960e+02
7.196307906459352353e+02
7.211179726499256049e+02
7.226379587287341337e+02
7.241899175900165346e+02
7.257727621591687921e+02
7.273853414160216744e+02
7.290266961771011438e+02
7.306958672589328216e+02
7.323915757502178394e+02
7.341130543041768988e+02
7.358589600639459150e+02
7.376281420093558836e+02
7.394193851746729251e+02
7.412312188119030907e+02
7.430624919008773759e+02
7.449117336936020592e+02
7.467777931699079090e+02
7.486591995818013174e+02
7.505548019091130527e+02
7.524631933494143823e+02
7.543831589369711992e+02
7.563132279237897819e+02
7.582522492897011261e+02
7.601989441234061360e+02
7.621518416769110900e+02
7.641097269844819948e+02
7.660712571892548794e+02
7.680352173254958643e+02
7.700002005907759894e+02
7.719649280737962727e+02
7.739281848088227207e+02
7.758885000478617258e+02
7.778446588251789535e+02
7.797953182839107740e+02
7.817392634583230802e+02
7.836750236004220369e+02
7.856015116356035151e+02
7.875171928703089179e+02
7.894208523388041385e+02
7.913112750753550699e+02
7.931870542775330932e+02
7.950468470884741237e+02
7.968894385424441680e+02
7.987135497281442440e+02
8.005177098975807439e+02
8.023007040850194471e+02
8.040613173247264740e+02
8.057980788687079894e+02
8.075097737512300000e+02
8.091951230609934100e+02
8.108527199955696005e+02
8.124813495892243509e+02
8.140796689850940311e+02
8.156463353263144427e+02
8.171801336471517061e+02
8.186796571451769751e+02
8.201436908546561426e+02
8.215708279731605899e+02
8.229598535349560962e+02
8.243094246831788041e+02
8.256183264520947205e+02
8.268861751683142529e+02
8.281123313761877398e+02
8.292966032390205555e+02
8.304385431378578915e+02
8.315377673993100416e+02
8.325938284044225384e+02
8.336063424798055621e+02
8.345749898976343957e+02
8.354992590933894689e+02
8.363788303392460648e+02
8.372133199618144772e+02
8.380023442877051139e+02
8.387453917523981772e+02
8.394422705191990417e+02
8.400923411324580456e+02
8.406954117554805634e+02
8.412509708237467976e+02
8.417586986094320309e+02
8.422181474935817960e+02
8.426289338028062730e+02
8.429906738637158696e+02
8.433029840029207662e+02
8.435654166014664952e+02
8.437776519315281121e+02
8.439392423741511493e+02
8.440498042559457872e+02
8.441089539035225471e+02
8.441163076434914956e+02
8.440714818024631541e+02
8.439740287614827139e+02
8.438235648471605828e+02
8.436197703316720435e+02
8.433621336504975261e+02
8.430503350758120860e+02
8.426839909342263581e+02
8.422626536067854204e+02
8.417859394200997940e+02
8.412535286463446482e+02
8.406649097210004129e+02
8.400198268618073598e+02
8.393177045586808163e+02
8.385583509749259292e+02
8.377411906004583670e+02
8.368659037074532989e+02
8.359321705680858940e+02
8.349394796178366960e+02
8.338875111288808739e+02
8.327757535366989714e+02
8.316040150045959081e+02
8.303719118591822053e+02
8.290800196105424220e+02
8.277290416598908678e+02
8.263196814084419657e+02
8.248525783118451500e+02
8.233284997168799464e+02
8.217481490247607780e+02
8.201121017455719766e+02
8.184211891716580567e+02
8.166759868131034636e+02
8.148773259622524847e+02
8.130257821291897926e+02
8.111221226606945720e+02
8.091670509579813597e+02
8.071611425311347148e+02
8.051052286724988107e+02
8.030000127832882981e+02
8.008461343191524975e+02
7.986442327357408431e+02
7.963950753798328606e+02
7.940993656526429731e+02
7.917578069553853766e+02
7.893710387437098461e+02
7.869398283643954528e+02
7.844648152730919719e+02
7.819467028710135992e+02
7.793861945593749851e+02
7.767839937393903256e+02
7.741408038122741573e+02
7.714572642336759145e+02
7.687342062959399982e+02
7.659721415635858648e+02
7.631719652745229041e+02
7.603341250477056974e+02
7.574595800666085097e+02
7.545488418957509111e+02
7.516026778819122001e+02
7.486217914263067996e+02
7.456068219845842577e+02
7.425585369035239864e+02
7.394776395843402952e+02
7.363647055371178567e+02
7.332206299997657197e+02
7.300459245368036818e+02
7.268413564950110413e+02
7.236075653300372323e+02
7.203453823342266560e+02
7.170553830176637575e+02
7.137383347271279490e+02
7.103948129727037895e+02
7.070257769378654302e+02
7.036319939693922834e+02
7.002144871963236028e+02
6.967743436932632903e+02
6.933124586981208495e+02
6.898299192855001820e+02
6.863276206933106778e+02
6.828067139417213411e+02
6.792680942686415619e+02
6.757127848031103667e+02
6.721417447286020206e+02
6.685559971741556637e+02
6.649566292143755390e+02
6.613445360871706953e+02
6.577207409215803864e+02
6.540862668466438663e+02
6.504420730458352864e+02
6.467891826481937869e+02
6.431286187827585081e+02
6.394614045785687040e+02
6.357884352735336506e+02
6.321107979422573635e+02
6.284294517682141077e+02
6.247453559348781482e+02
6.210596614624183758e+02
6.173731996431793050e+02
6.136870575517649513e+02
6.100022583172145687e+02
6.063196971774373196e+02
6.026405251526023221e+02
5.989655735350537498e+02
5.952959293993959591e+02
5.916326158746679766e+02
5.879765281987790786e+02
5.843288813374633719e+02
5.806904426375000412e+02
5.770622991734933294e+02
5.734454740744823766e+02
5.698409904695063233e+02
5.662498075420394343e+02
5.626728205299909860e+02
5.591111804535299825e+02
5.555658464961305754e+02
5.520378417868321321e+02
5.485281255091086905e+02
5.450377207919995044e+02
5.415675228734137363e+02
5.381187467190856069e+02
5.346921596757941870e+02
5.312889767092738111e+02
5.279099331935211694e+02
5.245555726658383264e+02
5.212264066907448523e+02
5.179227549960656916e+02
5.146450652007551980e+02
5.113937209782032483e+02
5.081691699473644235e+02
5.049718597271933049e+02
5.018022059638621499e+02
4.986605283851956187e+02
4.955473385557133383e+02
4.924630521215873955e+02
4.894080207834251155e+02
4.863827241329635171e+02
4.833874818980274313e+02
4.804228695887012464e+02
4.774891110144624236e+02
4.745867497126129138e+02
4.717162333021074119e+02
4.688778815107706350e+02
4.660721419575572213e+02
4.632994302886393712e+02
4.605601621501891714e+02
4.578547851611612600e+02
4.551837149677278944e+02
4.525473032704961724e+02
4.499460296612032835e+02
4.473802778132388767e+02
4.448504633727750956e+02
4.423570019859841409e+02
4.399003412718205936e+02
4.374808649036742167e+02
4.350990205004995914e+02
4.327551917356864237e+02
4.304497622826243628e+02
4.281832437058330925e+02
4.259560196787021482e+02
4.237684099290564177e+02
4.216209899669802894e+02
4.195140155747336621e+02
4.174480622624010380e+02
4.154233858122422021e+02
4.134405297615592190e+02
4.114998458109592434e+02
4.096017496066145327e+02
4.077467207402621625e+02
4.059351109125092876e+02
4.041673357695281084e+02
4.024438109574908253e+02
4.007649840953519629e+02
3.991311749109364087e+02
3.975420317036368374e+02
3.959972667184110264e+02
3.944964643090868321e+02
3.930392727750569861e+02
3.916253084429318392e+02
3.902542196121041798e+02
3.889255586636193698e+02
3.876390378424351297e+02
3.863942415023793160e+02
3.851907859700622225e+02
3.840283195448766946e+02
3.829064585534329694e+02
3.818248193223413978e+02
3.807830501509947680e+02
3.797807993387858687e+02
3.788175872939775672e+02
3.778931582343100786e+02
3.770070645408288215e+02
3.761589545129265275e+02
3.753484764499959851e+02
3.745752147058650507e+02
3.738388175799264559e+02
3.731389013987906083e+02
3.724750824890678018e+02
3.718470411229332626e+02
3.712543296814323526e+02
3.706965964639579170e+02
3.701734897699026305e+02
3.696846578986593954e+02
3.692296532312735167e+02
3.688081240671377827e+02
3.684197506784275333e+02
3.680640854461880167e+02
3.677407766698120781e+02
3.674495046214749436e+02
3.671898216822220320e+02
3.669613761514461316e+02
3.667638163285399742e+02
3.665967585401139672e+02
3.664597871399957967e+02
3.663525824003608591e+02
3.662747286750369540e+02
3.662259062361993642e+02
3.662056674648933949e+02
3.662136926332943290e+02
3.662495980680124603e+02
3.663129681228757022e+02
3.664034830700592806e+02
3.665207592361734896e+02
3.666643490022637479e+02
3.668336129126805076e+02
3.670279115117742776e+02
3.672465733711131861e+02
3.674888950894828099e+02
3.677541732656686122e+02
3.680418004168037100e+02
3.683510411688911290e+02
3.686812560662814349e+02
3.690317736805426421e+02
3.694018586376778899e+02
3.697908714820376304e+02
3.701981727579724861e+02
3.706230270914854827e+02
3.710647950269271860e+02
3.715227731630831158e+02
3.719962900715213436e+02
3.724846743238099975e+02
3.729872864642994728e+02
3.735033911189929654e+02
3.740323488322409275e+02
3.745734242300464985e+02
3.751260418023251191e+02
3.756894342022974911e+02
3.762629939470965041e+02
3.768459536899429168e+02
3.774377379207520562e+02
3.780375792927446241e+02
3.786448703230536239e+02
3.792589395832470700e+02
3.798790516993281017e+02
3.805045352428647334e+02
3.811348147037724630e+02
3.817690587897069463e+02
3.824066919905836244e+02
3.830470428779706253e+02
3.836893441050885372e+02
3.843330201618528008e+02
3.849773676470490500e+02
3.856216511866803103e+02
3.862652632978796419e+02
3.869075325522150592e+02
3.875477235756897016e+02
3.881851649398715836e+02
3.888192491618937083e+02
3.894492088949766639e+02
3.900744366562535106e+02
3.906942610172922627e+02
3.913079466040960597e+02
3.919148219882328590e+02
3.925143436324007098e+02
3.931060319448624227e+02
3.936895352250108431e+02
3.942645337450212537e+02
3.948306758042863294e+02
3.953876416749814098e+02
3.959349837381519137e+02
3.964724462115379424e+02
3.969996454217498467e+02
3.975162616409629095e+02
3.980219111957873679e+02
3.985162423856161240e+02
3.989989035098419095e+02
3.994695748406400071e+02
3.999278727046207109e+02
4.003734773739592470e+02
4.008060051752659660e+02
4.012251363807161511e+02
4.016305192897025336e+02
4.020217702288355213e+02
4.023986014430727209e+02
4.027605972862420458e+02
4.031074700033012732e+02
4.034388039480781458e+02
4.037543113655304410e+02
4.040536085822685095e+02
4.043363438976850830e+02
4.046021656111729499e+02
4.048507539949074499e+02
4.050817573482812577e+02
4.052947600251222866e+02
4.054895062431706947e+02
4.056655803562543952e+02
4.058226626365486140e+02
4.059604013834461398e+02
4.060784129235572095e+02
4.061764095018397143e+02
4.062540074449038343e+02
4.063108230793599205e+02
4.063465686501656933e+02
4.063608285111490659e+02
4.063533149072677020e+02
4.063236441651319524e+02
4.062714965569170431e+02
4.061964884092332682e+02
4.060982999942559672e+02
4.059765476385954344e+02
4.058308796416444011e+02
4.056610082483606448e+02
4.054665497853544593e+02
4.052472164975836222e+02
4.050031043033955029e+02
4.047344370122674491e+02
4.044414064608942567e+02
4.041242044859708358e+02
4.037829909514095448e+02
4.034179896666876175e+02
4.030293285229350886e+02
4.026172952751941239e+02
4.021819858418121498e+02
4.017236879778314460e+02
4.012424976015994957e+02
4.007386385225934760e+02
4.002123025775084102e+02
3.996636816030389809e+02
3.990929994086625925e+02
3.985004158582915466e+02
3.978860588430558778e+02
3.972502161179976952e+02
3.965930475470294141e+02
3.959147129940634500e+02
3.952154362685770934e+02
3.944953772344827030e+02
3.937547597012575693e+02
3.929937755055966591e+02
3.922125525386297227e+02
3.914113465826166021e+02
3.905903494742521502e+02
3.897496891046662313e+02
3.888895892833362495e+02
3.880102738197394387e+02
3.871119025777881575e+02
3.861946673941773156e+02
3.852587601056017093e+02
3.843043405759737539e+02
3.833316326147706832e+02
3.823408600314699015e+02
3.813321507172012730e+02
3.803056965086596506e+02
3.792617212153223250e+02
3.782004166738841491e+02
3.771219427482574815e+02
3.760264912751371753e+02
3.749142860640005779e+02
3.737854869787600478e+02
3.726402858561103812e+02
3.714789065055289257e+02
3.703014768181456020e+02
3.691082206034377009e+02
3.678993616708825130e+02
3.666750918571749480e+02
3.654358268084871497e+02
3.641819501982087672e+02
3.629139735908593707e+02
3.616322806598286661e+02
3.603373829696362804e+02
3.590296002481069308e+02
3.577094760325426250e+02
3.563773939963331259e+02
3.550338017584330146e+02
3.536791469377969293e+02
3.523138771533795079e+02
3.509383760785704567e+02
3.495531233051068511e+02
3.481585664519433863e+02
3.467551211652521488e+02
3.453432030912053392e+02
3.439233237943225276e+02
3.424958669479933633e+02
3.410612801711725979e+02
3.396199791100322614e+02
3.381724113835271055e+02
3.367190565833940923e+02
3.352602983830230414e+02
3.337966163741510286e+02
3.323283942301677030e+02
3.308561115428101971e+02
3.293802159310330921e+02
3.279011230410086455e+02
3.264192485189090007e+02
3.249350719564711767e+02
3.234490409726499252e+02
3.219615072680523440e+02
3.204730143799806115e+02
3.189839140090418255e+02
3.174947177197556130e+02
3.160058091855116800e+02
3.145176360252646646e+02
3.130306458579691480e+02
3.115452863025798251e+02
3.100619730052688396e+02
3.085811535849907727e+02
3.071032756607003762e+02
3.056287548785696799e+02
3.041580388575533789e+02
3.026915432438236166e+02
3.012297476291175826e+02
2.997730996323898012e+02
2.983219829270299783e+02
2.968768451319928090e+02
2.954381338662328744e+02
2.940060729392275221e+02
2.925809501060189746e+02
2.911630211488670739e+02
2.897524779044666730e+02
2.883496720734248697e+02
2.869547635196541933e+02
2.855680080254143149e+02
2.841896933457475711e+02
2.828200752629136900e+02
2.814593456136075815e+02
2.801077921528714683e+02
2.787657026357476298e+02
2.774332369261484246e+02
2.761107147518985698e+02
2.747983279496929754e+02
2.734963642745738639e+02
2.722051114815835149e+02
2.709247294346342301e+02
2.696555378615508403e+02
2.683977605718106361e+02
2.671516373612821553e+02
2.659174399986164303e+02
2.646953922932908085e+02
2.634857500275650182e+02
2.622887849700901484e+02
2.611047209303434897e+02
2.599338296769760746e+02
2.587763190330740031e+02
2.576325087264619356e+02
2.565025746074435915e+02
2.553868044310611083e+02
2.542854539795744131e+02
2.531987310760694925e+02
2.521269234755886259e+02
2.510702709740004082e+02
2.500290293535645958e+02
2.490034384101497551e+02
2.479937219532331767e+02
2.470001837242484157e+02
2.460230475326727344e+02
2.450625371879834802e+02
2.441189404452229326e+02
2.431924971002596010e+02
2.422834309625708329e+02
2.413920138008076322e+02
2.405184854108385935e+02
2.396631335477059679e+02
2.388261660344957988e+02
2.380078066806854622e+02
2.372082952821434390e+02
2.364275678933048539e+02
2.356654966230397861e+02
2.349219855530008090e+02
2.341969067920580017e+02
2.334901324490815284e+02
2.328015825921151531e+02
2.321310813708552701e+02
2.314785968125194415e+02
2.308439530668040334e+02
2.302270702017528663e+02
2.296277883534535817e+02
2.290460275899500004e+02
2.284816760065034202e+02
2.279346216983752527e+02
2.274047207880443011e+02
2.268918933435543863e+02
2.263959795009931781e+02
2.259168993284044689e+02
2.254545569074408320e+02
2.250087923741899090e+02
2.245795098103042733e+02
2.241665973110452796e+02
2.237699269852830071e+02
2.233894189010613047e+02
2.230249291808590044e+02
2.226763299335462136e+02
2.223435412271667531e+02
2.220264351705907586e+02
2.217248678862970621e+02
2.214387914151119787e+02
2.211680299067318742e+02
2.209124874428093221e+02
2.206720521186057056e+02
2.204465960429911036e+02
2.202360392840093084e+02
2.200402219777480184e+02
2.198590801786422162e+02
2.196924380363882960e+02
2.195402316054213827e+02
2.194023329946114984e+02
2.192786143128288074e+02
2.191689636553346077e+02
2.190733010901727482e+02
2.189914507670395949e+02
2.189233487403702156e+02
2.188688511326434707e+02
2.188278620255119620e+02
2.188002375414545213e+02
2.187858977485149694e+02
2.187846827827809761e+02
2.187963208756014524e+02
2.188204763127604906e+02
2.188568933119982489e+02
2.189052201727075158e+02
2.189651531534548212e+02
2.190364044991978858e+02
2.191186384957207167e+02
2.192115514015898157e+02
2.193148554617629600e+02
2.194282309484153473e+02
2.195513741201135360e+02
2.196839812354239712e+02
2.198257165801307167e+02
2.199762923991914647e+02
2.201353889647815265e+02
2.203027185218586226e+02
2.204779613425979790e+02
2.206607976991749069e+02
2.208509238501558514e+02
2.210480520404986180e+02
2.212518625423784044e+02
2.214620356279704936e+02
2.216782515694501399e+02
2.219002385981663394e+02
2.221276609999030995e+02
2.223602150332268934e+02
2.225976129430954984e+02
2.228395190152929217e+02
2.230856295083856651e+02
2.233356406809402301e+02
2.235892487915230902e+02
2.238461660850919941e+02
2.241060408610397303e+02
2.243685693779328290e+02
2.246334638807289537e+02
2.249004206279946914e+02
2.251691198919052113e+02
2.254392259582446059e+02
2.257104830447530617e+02
2.259825394508233671e+02
2.262551234078044615e+02
2.265278992014804373e+02
2.268005630904177394e+02
2.270728113331828695e+02
2.273443242019511104e+02
2.276148139416801826e+02
2.278839608245453690e+02
2.281514770955043616e+02
2.284169950675587586e+02
2.286802749448399652e+02
2.289410929178706908e+02
2.291992411635648637e+02
2.294544958724451362e+02
2.297066652078166840e+02
2.299555733193758726e+02
2.302009804112541929e+02
2.304426946467567632e+02
2.306805241891887590e+02
2.309142612154641085e+02
2.311436979024967115e+02
2.313686104408092774e+02
2.315888389664893907e+02
2.318041436836685421e+02
2.320143487420431256e+02
2.322192143457445468e+02
2.324185966172516942e+02
2.326122397743047827e+02
2.327999359938177406e+02
2.329815254118781809e+02
2.331567842190087845e+02
2.333255205785147268e+02
2.334875106809186605e+02
2.336425467031345420e+02
2.337904687812499560e+02
2.339310051466139271e+02
2.340640119217052870e+02
2.341892493106555264e+02
2.343065734359434487e+02
2.344156965425268027e+02
2.345164747528845055e+02
2.346086522847567153e+02
2.346921012470135679e+02
2.347665658573952499e+02
2.348318542792069081e+02
2.348877586893624994e+02
2.349340872511671705e+02
2.349706321415348214e+02
2.349971855373793801e+02
2.350135556020060221e+02
2.350195185259374000e+02
2.350149144452611552e+02
2.349994875777175025e+02
2.349730460866115891e+02
2.349354141216398375e+02
2.348863678733249003e+02
2.348256995185806772e+02
2.347532012343211534e+02
2.346686971702426661e+02
2.345719795032591719e+02
2.344628723830670367e+02
2.343414077824487265e+02
2.342076016877955169e+02
2.340615180446723400e+02
2.339032048122528806e+02
2.337327419224933749e+02
2.335501133890025187e+02
2.333554471029102615e+02
2.331487590506078220e+02
2.329300971912689135e+02
2.326995094840672493e+02
2.324570598745677898e+02
2.322027643491617255e+02
2.319367348125877584e+02
2.316589552784546413e+02
2.313695376515010196e+02
2.310684659453356744e+02
2.307558680510884699e+02
2.304317279823682156e+02
2.300961096847398437e+02
2.297491090765507522e+02
2.293907261578009695e+02
2.290210408604466465e+02
2.286400851572703061e+02
2.282479070074456047e+02
2.278445703565375311e+02
2.274301071773285514e+02
2.270045974017748449e+02
2.265680889890500964e+02
2.261205979255456100e+02
2.256622041432174797e+02
2.251929556012395039e+02
2.247129002587853392e+02
2.242220700886374800e+02
2.237205450227521055e+02
2.232083570339116818e+02
2.226855700676811693e+02
2.221522160968430342e+02
2.216083590669622367e+02
2.210540469372124619e+02
2.204893276667674513e+02
2.199142652011921371e+02
2.193288915132689851e+02
2.187332545621717372e+02
2.181274182934652970e+02
2.175114466527146249e+02
2.168853556263109965e+02
2.162492091598193156e+02
2.156030711988045425e+02
2.149469897024404190e+02
2.142810286162918487e+02
2.136053637906624374e+02
2.129202350214207797e+02
2.122258181588704247e+02
2.115223529988799953e+02
2.108100313781442878e+02
2.100890771061406213e+02
2.093596660331726298e+02
2.086220379551088229e+02
2.078764006950353291e+02
2.071229460896469732e+02
2.063618979484210456e+02
2.055934640944436751e+02
2.048178523508009050e+02
2.040352545541875884e+02
2.032459264868635387e+02
2.024500280127410861e+02
2.016477829412975495e+02
2.008394150820103050e+02
2.000251322579653674e+02
1.992051103194663710e+02
1.983796050487731009e+02
1.975487922961891627e+02
1.967128958711919040e+02
1.958721235968673398e+02
1.950266832963015986e+02
1.941767827925807524e+02
1.933226299087909013e+02
1.924644484544093075e+02
1.916024462525220997e+02
1.907367991534328837e+02
1.898677629394014161e+02
1.889954974743400840e+02
1.881202585405087007e+02
1.872422219882108436e+02
1.863616276133150507e+02
1.854786512661249844e+02
1.845935167561179071e+02
1.837064638791624134e+02
1.828176524991708618e+02
1.819273224120117902e+02
1.810356494679888044e+02
1.801428894493617179e+02
1.792492182064341364e+02
1.783548755350745978e+02
1.774600372855867079e+02
1.765649272674477857e+02
1.756697373173526842e+02
1.747747072311699412e+02
1.738800288455944383e+02
1.729859259701034375e+02
1.720925264958268599e+02
1.712000382458508057e+02
1.703085891113051673e+02
1.694183709288847410e+02
1.685295275761106950e+02
1.676422189168954162e+02
1.667566208015424820e+02
1.658728930939642794e+02
1.649911956580731385e+02
1.641116883577814747e+02
1.632345470433928938e+02
1.623599315788197259e+02
1.614879858415831393e+02
1.606189016683779869e+02
1.597528229367253516e+02
1.588899254969288677e+02
1.580303372401184276e+02
1.571742819757713789e+02
1.563218556222350912e+02
1.554732819889869120e+02
1.546286889671567337e+02
1.537882524070481622e+02
1.529521161861823373e+02
1.521204721412540835e+02
1.512934481633932933e+02
1.504712520756860954e+02
1.496540117692623255e+02
1.488419030944256178e+02
1.480351019014795781e+02
1.472337200951628517e+02
1.464379974713440049e+02
1.456480299483704641e+02
1.448640253493283012e+02
1.440861115653474087e+02
1.433144804331226396e+02
1.425492918165663525e+02
1.417906736068084683e+02
1.410388336269350305e+02
1.402939157544672071e+02
1.395560798533173283e+02
1.388255017737890284e+02
1.381023253934034187e+02
1.373867265624641334e+02
1.366788811312747782e+02
1.359789169909652173e+02
1.352870259782303322e+02
1.346033679569824528e+02
1.339280947979383711e+02
1.332613823514016644e+02
1.326033425221109781e+02
1.319540392556313009e+02
1.313134245927888912e+02
1.306815305063662436e+02
1.300583410099721107e+02
1.294438481104108689e+02
1.288380518076825467e+02
1.282409441085914921e+02
1.276525330063333143e+02
1.270728185009080420e+02
1.265017766127288183e+02
1.259394313213825001e+02
1.253857426608909691e+02
1.248407505972323435e+02
1.243044151644285193e+02
1.237767523488707440e+02
1.232577541573633795e+02
1.227474205899064543e+02
1.222457436533043165e+02
1.217527233475569943e+02
1.212683596726644737e+02
1.207926366422355215e+02
1.203255542562701379e+02
1.198671364943551794e+02
1.194173433905125421e+02
1.189761909311334875e+02
1.185436711230223636e+02
1.181197839661791988e+02
1.177045134742127601e+02
1.172978756335142521e+02
1.168998624508880795e+02
1.165104579399429952e+02
1.161296700938746369e+02
1.157574909194873669e+02
1.153939204167811852e+02
1.150389585857561059e+02
1.146925894400208676e+02
1.143548129795754988e+02
1.140256451908112325e+02
1.137050620941411836e+02
1.133930716827610041e+02
1.130896659634750563e+02
1.127948369430877449e+02
1.125085926147946509e+02
1.122309169922045697e+02
1.119618180685131108e+02
1.117012878505246505e+02
1.114493263382391888e+02
1.112059175452654927e+02
1.109710774579947952e+02
1.107447661104490209e+02
1.105268875842807148e+02
1.103173139883600129e+02
1.101159014451657612e+02
1.099225460431549379e+02
1.097370959116107798e+02
1.095594551321858745e+02
1.093894638409678350e+02
1.092270021400224067e+02
1.090719581246109016e+02
1.089241959104078461e+02
1.087835796130876957e+02
1.086499973279117910e+02
1.085233051773590205e+02
1.084033832634950869e+02
1.082901116883857355e+02
1.081833465745098124e+02
1.080829760171286580e+02
1.079888561387211610e+02
1.079008670413530240e+02
1.078188888270899781e+02
1.077427936048021309e+02
1.076724374969683424e+02
1.076077006056543439e+02
1.075484710261214758e+02
1.074946048808485841e+02
1.074459662855101953e+02
1.074024433353676073e+02
1.073639161324865796e+02
1.073302328061503346e+02
1.073012814516202411e+02
1.072769341777663783e+02
1.072570551002632300e+02
1.072415243211765414e+02
1.072302139493764059e+02
1.072229881005373073e+02
1.072197348699205861e+02
1.072203103800051167e+02
1.072245947328566160e+02
1.072324680305408151e+02
1.072437784023409506e+02
1.072584299299096102e+02
1.072762707425300448e+02
1.072971809422679570e+02
1.073210406311890921e+02
1.073477059317723246e+02
1.073770729324745901e+02
1.074089897625791394e+02
1.074433365241517180e+02
1.074799933192580284e+02
1.075188242635725544e+02
1.075597174523566650e+02
1.076025609808716723e+02
1.076472189647920601e+02
1.076935874925748209e+02
1.077415546594812668e+02
1.077909845811858958e+02
1.078417733461456578e+02
1.078938010564262981e+02
1.079469478140935195e+02
1.080011097076042716e+02
1.080561508526330670e+02
1.081119593444412459e+02
1.081684232782901205e+02
1.082254227562454361e+02
1.082828378803729237e+02
1.083405567459339096e+02
1.083984594549941107e+02
1.084564261096192723e+02
1.085143368118750971e+02
1.085720876502185490e+02
1.086295427403241263e+02
1.086865981706487787e+02
1.087431340432582232e+02
1.087990304602181908e+02
1.088541755167900362e+02
1.089084493150394479e+02
1.089617239638365618e+02
1.090139035448339513e+02
1.090648521737060861e+02
1.091144579457143209e+02
1.091626009629243725e+02
1.092091773137932051e+02
1.092540591071909262e+02
1.092971264451832525e+02
1.093382674230315246e+02
1.093773541496058499e+02
1.094142827133631926e+02
1.094489412095648788e+02
1.094811937538854210e+02
1.095109364347817404e+02
1.095380413611239874e+02
1.095624046213690832e+02
1.095838983243871496e+02
1.096024025722439177e+02
1.096178054602007137e+02
1.096299950835188781e+02
1.096388515442641420e+02
1.096442549445022365e+02
1.096460853862988643e+02
1.096442389581110035e+02
1.096386916803517835e+02
1.096294115802387381e+02
1.096163746781850108e+02
1.095995729809949779e+02
1.095789585294949404e+02
1.095545393168805077e+02
1.095262833703692138e+02
1.094941587171785784e+02
1.094581493709173543e+02
1.094182473383899463e+02
1.093744046604226412e+02
1.093266213370154105e+02
1.092748653953858025e+02
1.092191208491425840e+02
1.091593717118945079e+02
1.090955780176634988e+02
1.090277317732539046e+02
1.089558010058832735e+02
1.088797777223559962e+02
1.087996299498895780e+02
1.087153417020928003e+02
1.086268810061831829e+02
1.085342398689650878e+02
1.084373943108516869e+02
1.083363123590604999e+02
1.082309780272002797e+02
1.081213833220754168e+02
1.080074802845121980e+02
1.078892689145106232e+02
1.077667092460926028e+02
1.076398012792581227e+02
1.075085050480291073e+02
1.073728045660143238e+02
1.072326838468225105e+02
1.070881189108668394e+02
1.069390777853648160e+02
1.067855524771208309e+02
1.066275110133524180e+02
1.064649374076683159e+02
1.062978076804816965e+02
1.061261058454013124e+02
1.059498079228403071e+02
1.057688739468205767e+02
1.055833119105377733e+02
1.053930818480137646e+02
1.051981677728573317e+02
1.049985536986772416e+02
1.047941996594954048e+02
1.045850976621161834e+02
1.043712397133439822e+02
1.041527057451349663e+02
1.039295916758365763e+02
1.037019774374049774e+02
1.034699509549919867e+02
1.032336081469450164e+02
1.029930449316114931e+02
1.027483492341432338e+02
1.024996249660832461e+02
1.022469440661921283e+02
1.019904104460129020e+02
1.017301120306973701e+02
1.014661367453973497e+02
1.011985805084602532e+02
1.009275392382335070e+02
1.006531008598688999e+02
1.003753532985182488e+02
1.000943924725289804e+02
9.981030630705288331e+01
9.952319072043738402e+01
9.923313363783428542e+01
9.894023097759101404e+01
9.864457066485937276e+01
9.834624861798677387e+01
9.804534476892941086e+01
9.774196302923033386e+01
9.743619132404131733e+01
9.712812557170980199e+01
9.681783771099635771e+01
9.650544763983525343e+01
9.619103529018266840e+01
9.587468858719041975e+01
9.555649545601031036e+01
9.523655980818537614e+01
9.491495358247617276e+01
9.459179667681698334e+01
9.426716102996837776e+01
9.394114256027778254e+01
9.361382919289698634e+01
9.328532483936903930e+01
9.295570943165013489e+01
9.262507089489206180e+01
9.229351314063785594e+01
9.196112409403933441e+01
9.162798368705267649e+01
9.129420382441654169e+01
9.095986443808712352e+01
9.062505345321619643e+01
9.028987478134683897e+01
8.995440835443520200e+01
8.961873410443749322e+01
8.928287601094055503e+01
8.894682608074876384e+01
8.861060829344900469e+01
8.827419866945439253e+01
8.793762918154740760e+01
8.760088384333681688e+01
8.726397864121386760e+01
8.692691357517853135e+01
8.658968065203522713e+01
8.625229585817515954e+01
8.591477517998957580e+01
8.557710263108724291e+01
8.523927821146816086e+01
8.490132590071918628e+01
8.456323770564469555e+01
8.422501362624468868e+01
8.388666964891041289e+01
8.354820577364185397e+01
8.320961400724340251e+01
8.287091033610629154e+01
8.253209476023052105e+01
8.219317527281170044e+01
8.185415187384984392e+01
8.151502456334495150e+01
8.117580133449264679e+01
8.083649018048852497e+01
8.049708310813699086e+01
8.015760409702488687e+01
7.981803716076097999e+01
7.947839029254087961e+01
7.913867947875584719e+01
7.879888873301462127e+01
7.845904203490405848e+01
7.811913139122856364e+01
7.777915680198810833e+01
7.743913425357395397e+01
7.709906374598607215e+01
7.675894527922449129e+01
7.641878684648482079e+01
7.607858844776704643e+01
7.573835008307119665e+01
7.539808773878847603e+01
7.505779342172328938e+01
7.471748311826685551e+01
7.437714883522357923e+01
7.403679856578905571e+01
7.369644030315892280e+01
7.335607404733316628e+01
7.301569979831180035e+01
