# bin_1_1
1.875201262751245192e-05
1.886703169296948440e-05
1.898648729326809842e-05
1.911054656204632545e-05
1.923938269842098437e-05
1.937317460504713184e-05
1.951210785270205566e-05
1.965637442354842973e-05
1.980617402830316454e-05
1.996171156449083595e-05
2.012319987404742459e-05
2.029085956213690217e-05
2.046491858027677012e-05
2.064561206460598504e-05
2.083318331200109891e-05
2.102788406615058159e-05
2.122997499601711891e-05
2.143972330539064826e-05
2.165740713346602555e-05
2.188331310010177425e-05
2.211773607920251554e-05
2.236098032036176910e-05
2.261336205303711579e-05
2.287520334292680695e-05
2.314683932295712876e-05
2.342861439460584619e-05
2.372088187169187870e-05
2.402400752129727081e-05
2.433836556363270598e-05
2.466434218998718128e-05
2.500233455009426764e-05
2.535274836785100317e-05
2.571600377734879078e-05
2.609252716657025066e-05
2.648276020139126558e-05
2.688715208212496475e-05
2.730616465032648701e-05
2.774026834819655075e-05
2.818994670856647076e-05
2.865569060215322522e-05
2.913800336647384557e-05
2.963739467787287704e-05
3.015438757537686190e-05
3.068950960489048949e-05
3.124330054895072271e-05
3.181630397789170814e-05
3.240907297101023021e-05
3.302216569610517570e-05
3.365614412251996654e-05
3.431157903748282862e-05
3.498903879484691927e-05
3.568909639179156535e-05
3.641232781877226643e-05
3.715930382195985383e-05
3.793059452038119900e-05
3.872676858529562193e-05
3.954838336817400647e-05
4.039598965871423381e-05
4.127013118616071948e-05
4.217133470764386401e-05
4.310011625055385149e-05
4.405697383493687087e-05
4.504238650092201297e-05
4.605680007151649190e-05
4.710063120012957807e-05
4.817425511609742651e-05
4.927801855322240597e-05
5.041225422558104807e-05
5.157728669917869781e-05
5.277339659360736506e-05
5.400075563043993106e-05
5.525933639034263809e-05
5.654881202376839085e-05
5.786861881555120538e-05
5.921826106050696696e-05
6.059748688543435024e-05
6.200633338680405977e-05
6.344490433579538747e-05
6.491308420809474122e-05
6.641021074225213639e-05
6.793504277082031161e-05
6.948580056512617059e-05
7.106067335643252974e-05
7.265799940691805515e-05
7.427668200111483491e-05
7.591596437308672498e-05
7.757515560384076799e-05
7.925314094818385112e-05
8.094788221971540871e-05
8.265671590175930413e-05
8.437709754419443742e-05
8.610722159215670015e-05
8.784625041879855710e-05
8.959300994161604667e-05
9.134465207973204662e-05
9.309658586654804223e-05
9.484312478414167824e-05
9.658041227535294935e-05
9.830018991215793030e-05
9.999956257180264881e-05
1.016739250710045806e-04
1.033181252675019268e-04
1.049265329302729552e-04
1.064931896184071966e-04
1.080118382392914074e-04
1.094758686632443405e-04
1.108784748101415262e-04
1.122128423394488727e-04
1.134723351145732173e-04
1.146503132320161661e-04
1.157395730221639097e-04
1.167319704931724426e-04
1.176187109394573132e-04
1.183911491084262612e-04
1.190414502069705272e-04
1.195625805189029457e-04
1.199460193181792786e-04
1.201877047426605841e-04
1.202780922873372666e-04
1.202094359828833681e-04
1.199745989273511010e-04
1.195679292981921657e-04
1.189854172760473200e-04
1.182232862770516210e-04
1.172773108870542004e-04
1.161425006300355691e-04
1.148154940734966514e-04
1.132971244136210033e-04
1.115935227301099845e-04
1.097142138019221980e-04
1.076693976505755691e-04
1.054695651655627217e-04
1.031270061779250916e-04
1.006569248359303248e-04
9.807702443258669417e-05
9.540601528856194847e-05
9.266240171658302776e-05
8.986552065284151322e-05
8.703552766885919167e-05
8.419388245124164870e-05
8.136255929612270523e-05
7.856361905251453136e-05
7.581832159604190912e-05
7.314650642083699483e-05
7.056608880494414000e-05
6.809074216606287948e-05
6.572961396487513605e-05
6.348663777745226452e-05
6.136063486169436555e-05
5.934586837999004195e-05
5.743262888931990797e-05
5.560838759598875196e-05
5.385731333939544873e-05
5.216031293507858197e-05
5.049625423226518958e-05
4.884354429502732979e-05
4.718306744193780919e-05
4.549920473864483997e-05
4.378125242589348096e-05
4.202338782308583434e-05
4.022561903086643137e-05
3.839261552621184932e-05
3.653524134713990676e-05
3.466967732248719638e-05
3.281774853179972957e-05
3.100419794357367194e-05
2.925493588865400748e-05
2.759322146068800236e-05
2.603777821210748522e-05
2.460209238856409029e-05
2.329017624310107191e-05
2.209704565650176788e-05
2.100912710052995188e-05
2.000532483988703378e-05
1.906061560317918817e-05
1.815024776131184050e-05
1.725599258565061462e-05
1.636874695739485590e-05
1.548994742506852677e-05
1.462800516411457143e-05
1.379365941079770058e-05
1.299850252711241789e-05
1.225220208860805206e-05
1.156088178192708392e-05
1.092597816687429457e-05
1.034419664085692596e-05
9.808030219131365896e-06
9.306271924536353501e-06
8.827863984811017541e-06
8.366410408649821353e-06
7.920658283163660112e-06
7.502878934781165772e-06
7.101588489846436607e-06
6.730379535064205051e-06
6.389809565173101425e-06
5.994171928749547031e-06
5.700325946832315930e-06
5.419747157906785860e-06
5.154915766034938619e-06
4.903272522668332906e-06
4.671287939049224516e-06
4.452857314110864035e-06
4.249321600937041762e-06
4.056302998937975164e-06
3.873812560946618511e-06
3.702503629741589259e-06
3.541062621199893956e-06
3.389399845493014967e-06
3.245779341655137881e-06
3.110136581845608358e-06
2.981764352199731055e-06
2.860094663970760913e-06
2.744983812864395552e-06
2.635411620983237128e-06
2.531425014662521983e-06
2.432231347447114048e-06
2.337839529695950235e-06
2.247547576511613697e-06
2.161294458700290389e-06
2.078694824605221521e-06
1.999479716574067035e-06
1.923511901566941344e-06
1.850381782827930113e-06
1.780099617635749789e-06
1.712249325441263703e-06
1.646878849686965843e-06
1.583654783128132747e-06
1.522566069682683451e-06
1.463428741769195074e-06
1.406134547536326898e-06
1.350639187878359606e-06
1.296765920274068582e-06
1.244548260956733506e-06
1.193805861001537247e-06
1.144586470439416407e-06
1.096751193491489925e-06
1.050311281985274099e-06
1.005204884838249278e-06
9.613878068011794971e-07
9.188681343759396150e-07
8.775644108493010243e-07
8.375192332267346479e-07
7.986499531577107680e-07
7.609992372092604260e-07
7.245071673016923445e-07
6.891875972143672150e-07
6.550246082858708518e-07
6.219928035921783919e-07
5.901137087603424460e-07
5.593361455898727087e-07
5.296951491491898889e-07
5.011373132404065785e-07
4.736895427109866791e-07
4.473120986341569317e-07
4.220046896098588080e-07
3.977576463950839270e-07
3.745368165514057513e-07
3.523563882238720124e-07
3.311608568332155539e-07
3.109699561206567568e-07
2.917258349641518301e-07
2.734373205825684142e-07
2.560588225699431052e-07
2.395735480464937708e-07
2.239625118373606033e-07
2.091790063910488721e-07
1.952248649314588775e-07
1.820365649738945383e-07
1.696217203734400696e-07
1.579169174210177667e-07
1.469206664490287373e-07
1.365838933295922555e-07
1.268840973842560144e-07
1.177972429119975655e-07
1.092777659690552054e-07
1.013209111625994150e-07
9.387026148772199451e-08
8.692781990193649905e-08
8.043980142211068059e-08
7.440209526060269013e-08
6.877499951794002904e-08
6.353981658500785065e-08
5.867677186177253787e-08
5.415219379496973571e-08
4.996092590411982370e-08
4.606352684495175672e-08
4.246015633996703081e-08
3.911455486622072502e-08
3.602307807149281941e-08
3.316013802813587169e-08
3.051319323353033394e-08
2.806974799241289259e-08
2.580880732113179730e-08
2.372697156027369042e-08
2.180067848930985481e-08
2.002970028941331912e-08
1.839304860927679775e-08
1.688822329348211005e-08
1.550100053542724513e-08
1.422394781143468878e-08
1.305034087397224805e-08
1.196843818523443308e-08
1.097644791897303905e-08
1.006167595957296567e-08
9.223908837661954611e-09
8.452167234677926444e-09
7.744935940686561195e-09
7.095051884836638695e-09
6.498446397062348003e-09
5.951865410078193454e-09
5.449203209374901049e-09
4.989635590407156649e-09
4.566783077395186219e-09
4.180505075792706364e-09
3.825438277075881551e-09
3.500727769125693626e-09
3.203000635961111740e-09
2.930142523621220153e-09
2.680689783090599086e-09
2.451618705514363010e-09
2.242583138576948514e-09
2.050522472447282611e-09
1.875352230681117421e-09
1.714570131432565529e-09
1.567714706651530538e-09
1.433267836337604328e-09
1.310168378714181090e-09
1.197789356965928706e-09
1.094682097782472537e-09
1.000708962361314724e-09
9.144453961721843504e-10
8.358421773800589268e-10
7.637666729082939250e-10
6.979614234290989994e-10
6.377935598152051261e-10
5.827340250128173225e-10
5.291579223062021913e-10
4.833860276462436276e-10
4.417200547846157526e-10
3.881257605628398128e-10
3.546282319783379570e-10
3.062642808215806253e-10
2.797679479903125632e-10
2.555890728950980607e-10
2.026769006983263059e-10
1.851709472369456823e-10
1.286890335541181864e-10
1.175756565281541191e-10
1.073657514334198640e-10
6.421898104479710227e-11
5.864015846173687533e-11
2.172464602658523637e-11
1.983864233500681433e-11
2.099243567600903644e-12
3.453656739208595483e-14
3.152071286891575846e-14
2.325257347485473645e-16
2.121756886497208060e-16
4.303619525245053482e-20
0.000000000000000000e+00
0.000000000000000000e+00
0.000000000000000000e+00
0.000000000000000000e+00
0.000000000000000000e+00
0.000000000000000000e+00
0.000000000000000000e+00
0.000000000000000000e+00
0.000000000000000000e+00
0.000000000000000000e+00
0.000000000000000000e+00
0.000000000000000000e+00
0.000000000000000000e+00
0.000000000000000000e+00
0.000000000000000000e+00
0.000000000000000000e+00
0.000000000000000000e+00
0.000000000000000000e+00
0.000000000000000000e+00
0.000000000000000000e+00
0.000000000000000000e+00
0.000000000000000000e+00
0.000000000000000000e+00
0.000000000000000000e+00
0.000000000000000000e+00
0.000000000000000000e+00
0.000000000000000000e+00
0.000000000000000000e+00
0.000000000000000000e+00
0.000000000000000000e+00
0.000000000000000000e+00
0.000000000000000000e+00
0.000000000000000000e+00
0.000000000000000000e+00
0.000000000000000000e+00
0.000000000000000000e+00
0.000000000000000000e+00
0.000000000000000000e+00
0.000000000000000000e+00
0.000000000000000000e+00
0.000000000000000000e+00
