# bin_4_1
5.153607923213540195e-12
5.185107668906680017e-12
5.217821450989879228e-12
5.251795503063037414e-12
5.287077825366218950e-12
5.323717279054696687e-12
5.361759830097108206e-12
5.401257468263690806e-12
5.442264978455252084e-12
5.484839221467771005e-12
5.529039224227171366e-12
5.574926275211883673e-12
5.622564026977868944e-12
5.672018005072660827e-12
5.723346745203718815e-12
5.776616623386436538e-12
5.831899921902020165e-12
5.889271722917663879e-12
5.948810049302489644e-12
6.010596017680661233e-12
6.074708771313952905e-12
6.141218067059082738e-12
6.210210980674628041e-12
6.281779302616377445e-12
6.356018560505833737e-12
6.433028180585256641e-12
6.512891594939586736e-12
6.595697634881815949e-12
6.681553979318928296e-12
6.770572887961662453e-12
6.862870923848650968e-12
6.958537136754099088e-12
7.057675273207725766e-12
7.160411727453372023e-12
7.266878691701495375e-12
7.377194080440767071e-12
7.491449069680198142e-12
7.609783709109925504e-12
7.732347027745094752e-12
7.859268760016298108e-12
7.990641205750011787e-12
8.126621048002289109e-12
8.267376193231143976e-12
8.413015218347469093e-12
8.563656340018918638e-12
8.719479183501598201e-12
8.880646638241290959e-12
9.047235840605466796e-12
9.219425570816143379e-12
9.397408080046965101e-12
9.581254722765724272e-12
9.771128464538535434e-12
9.967237947074610206e-12
1.016964934596273663e-11
1.037851564083834302e-11
1.059405254621189966e-11
1.081630278852949237e-11
1.104542840756401660e-11
1.128163291339098250e-11
1.152492404582956704e-11
1.177549233204779538e-11
1.203348127891842248e-11
1.229889403545862227e-11
1.257196119116355058e-11
1.285268690031506339e-11
1.314115090027317934e-11
1.343751761031054714e-11
1.374168946739634849e-11
1.405381039981829825e-11
1.437382283330967090e-11
1.470185948128141875e-11
1.503811834162456204e-11
1.538227916360284793e-11
1.573428410745313786e-11
1.609392898771061570e-11
1.646073416512897775e-11
1.683455722992328664e-11
1.721723230966750685e-11
1.760996658523200645e-11
1.801002705793995369e-11
1.841575700873636110e-11
1.882014642616767438e-11
1.921589382409847957e-11
1.961546564291234547e-11
2.002564275889279688e-11
2.044911486041176020e-11
2.088543695133181508e-11
2.132698769294822557e-11
2.177016314407619290e-11
2.221411764923740785e-11
2.265687366199186903e-11
2.310181957722336209e-11
2.354812015444507567e-11
2.399348941180575176e-11
2.443682095780260753e-11
2.487707028594385648e-11
2.531307650601611349e-11
2.574376507418639946e-11
2.616801524478158075e-11
2.658416090668533975e-11
2.699094364687170206e-11
2.738660608992539971e-11
2.776985251623409190e-11
2.813865950428679980e-11
2.849163187307978352e-11
2.882655552138932446e-11
2.914167217520898812e-11
2.943439712229688990e-11
2.970330371749703704e-11
2.994599607237196357e-11
3.016139426997237708e-11
3.034796157114664451e-11
3.049828190596095254e-11
3.061064331056379880e-11
3.068592051951925885e-11
3.072911519874254964e-11
3.074487631818024972e-11
3.072827957421896678e-11
3.066364929821303513e-11
3.053851830843006868e-11
3.035580000643560528e-11
3.012741961898842881e-11
2.985047202398086430e-11
2.952348495315216131e-11
2.912910692595691984e-11
2.867909669527000047e-11
2.817702128154711532e-11
2.763873306112988140e-11
2.706333880397109357e-11
2.645410282742070423e-11
2.581051030233346986e-11
2.513121055186021996e-11
2.441736855747139515e-11
2.367739515248135089e-11
2.291367179202136304e-11
2.213030164266111150e-11
2.135024664085074055e-11
2.057013300366361750e-11
1.980890316452131957e-11
1.906495675087867919e-11
1.834824386594998009e-11
1.766082543220401387e-11
1.700708562212368771e-11
1.639004490894964621e-11
1.582138589229221670e-11
1.529865105887938305e-11
1.482979957907762907e-11
1.439459278233927868e-11
1.399831594449721385e-11
1.362179905481866173e-11
1.326936652530200175e-11
1.292073624979998465e-11
1.257626481531771353e-11
1.221465481343843541e-11
1.182755516543921967e-11
1.140867162744491549e-11
1.094492917560342606e-11
1.043388412041758614e-11
9.894856696450553269e-12
9.329321572279634171e-12
8.739628825049488785e-12
8.163623072011914305e-12
7.610702978174570127e-12
7.103011222057718504e-12
6.655014932865498835e-12
6.275287852003929431e-12
5.981921127834377045e-12
5.737390379019052761e-12
5.553603444653477374e-12
5.367096788268266395e-12
5.172891997774238450e-12
4.969711860686104897e-12
4.719558030952760251e-12
4.436115674225887195e-12
4.128200234296786552e-12
3.825180999873895988e-12
3.555135670697093759e-12
3.326155720397286759e-12
3.155739613192533763e-12
3.034125308670274365e-12
2.911337215974665058e-12
2.786891402807032615e-12
2.653112820201550516e-12
2.488924051089545679e-12
2.326271176070262069e-12
2.177050141389247312e-12
2.058532351481560709e-12
1.963971692684524859e-12
1.880201744737363252e-12
1.792864939529487349e-12
1.696547391188440339e-12
1.599204610279028061e-12
1.512664602170462523e-12
1.443255238801371722e-12
1.378942718954512665e-12
1.314788290541752650e-12
1.250047698041843765e-12
1.189094243586345427e-12
1.134978939660525956e-12
1.085376398119928436e-12
1.037960139010985168e-12
9.913117625886215695e-13
9.481474964557525365e-13
9.084494842982467234e-13
8.707548098928324815e-13
8.344316100733338327e-13
8.005487656897942843e-13
7.685972773859087917e-13
7.381633576741709322e-13
7.092984133959359713e-13
6.816963831192603092e-13
6.555644997262074160e-13
6.304921385015438580e-13
6.067218389528208844e-13
5.838837086493558609e-13
5.621036450961902826e-13
5.411825615322074552e-13
5.210678690192868730e-13
5.017727252265818036e-13
4.831055926635375739e-13
4.651832695420475617e-13
4.477815817944463416e-13
4.310335148626824260e-13
4.147591379112640614e-13
3.990324753785146798e-13
3.837696071464827518e-13
3.689440113561925669e-13
3.545785588135735918e-13
3.405749633515800868e-13
3.270107392669933550e-13
3.137699682178793336e-13
3.009363461607337210e-13
2.884194430392011641e-13
2.762664890492969029e-13
2.644423366869501894e-13
2.529321222404966267e-13
2.417640036864400665e-13
2.308781174633048014e-13
2.203352558926329198e-13
2.100646348581733564e-13
2.001298806302886277e-13
1.904766586482987364e-13
1.811396271637323307e-13
1.721030464910270769e-13
1.633534814338795096e-13
1.549208839485988863e-13
1.467561267721410687e-13
1.389131360289700791e-13
1.313332658957095207e-13
1.240697205552301383e-13
1.170768701765580642e-13
1.103801409232723074e-13
1.039676802229678230e-13
9.782118119101797480e-14
9.196823464930714571e-14
8.635910154912745353e-14
8.104053985490379612e-14
7.595467011293381875e-14
7.114420804714576081e-14
6.656481712319364944e-14
6.223262766321405964e-14
5.813537355287654697e-14
5.425112280896307130e-14
5.060145632131511625e-14
4.713968459385974810e-14
4.390132419983600769e-14
4.083527214945853872e-14
3.797167886981104924e-14
3.527338669444688944e-14
3.274838530731144972e-14
3.038647570771461540e-14
2.816771211631695983e-14
2.610666872928363275e-14
2.416753219307338047e-14
2.237352200013777650e-14
2.068804920342675727e-14
1.912944797358732567e-14
1.767267135902615499e-14
1.632043100148725666e-14
1.506651241697884803e-14
1.389637710152586065e-14
1.281897248724761822e-14
1.181121815132140730e-14
1.088658233371187915e-14
1.002283023441784625e-14
9.229803506234424115e-15
8.493154684017099341e-15
7.813103862368420748e-15
7.186682869846070889e-15
6.604751619859088530e-15
6.072422398822605906e-15
5.576524947390221760e-15
5.124211141078455971e-15
4.703415995820981888e-15
4.318946278950868225e-15
3.963455551430233151e-15
3.636401564407867000e-15
3.336623792818089108e-15
3.058934474954316841e-15
2.806090571389972228e-15
2.571184900857922135e-15
2.357779372213754662e-15
2.159823491242557119e-15
1.979501860515433413e-15
1.813340240454358198e-15
1.660762101310344909e-15
1.521410538916226509e-15
1.392542117747128780e-15
1.275578095522511151e-15
1.167099800694315146e-15
1.068801538290109920e-15
9.778092375045873705e-16
8.950610416804301234e-16
8.190049439903350472e-16
7.492262603825482661e-16
6.856625199123765085e-16
6.269313701761032012e-16
5.737407432917153935e-16
5.244634871363584037e-16
4.798796346828784944e-16
4.386734372509428162e-16
4.012287397300284715e-16
3.668806972285495412e-16
3.353739883283877043e-16
3.067295963597364982e-16
2.802727975852396805e-16
2.563469385256008471e-16
2.341966866845353959e-16
2.141727967543329039e-16
1.956875955131330597e-16
1.788909546399556832e-16
1.635070404403328723e-16
1.493918168808799878e-16
1.365769336229225718e-16
1.247414211193328549e-16
1.140486927147231935e-16
1.041552069746725636e-16
9.521593772077466951e-17
8.697316429838898028e-17
7.948198552711563592e-17
7.263311669468000715e-17
6.636620310774554119e-17
6.063344310419293816e-17
5.537862532880722228e-17
1.825978170148335426e-19
1.667912653994539382e-19
1.522011513098831028e-19
1.390315583126247134e-19
1.268541815964930917e-19
1.158589443591932500e-19
1.057294879994223283e-19
9.652829362930666996e-20
8.812307029698294261e-20
8.041357019309634414e-20
7.343126612951338694e-20
6.698847204965515415e-20
6.118431666013027861e-20
5.582186285918047474e-20
4.853255559104664416e-20
0.000000000000000000e+00
0.000000000000000000e+00
0.000000000000000000e+00
0.000000000000000000e+00
0.000000000000000000e+00
0.000000000000000000e+00
0.000000000000000000e+00
0.000000000000000000e+00
0.000000000000000000e+00
0.000000000000000000e+00
0.000000000000000000e+00
0.000000000000000000e+00
0.000000000000000000e+00
0.000000000000000000e+00
0.000000000000000000e+00
0.000000000000000000e+00
0.000000000000000000e+00
0.000000000000000000e+00
0.000000000000000000e+00
0.000000000000000000e+00
0.000000000000000000e+00
0.000000000000000000e+00
0.000000000000000000e+00
0.000000000000000000e+00
0.000000000000000000e+00
0.000000000000000000e+00
0.000000000000000000e+00
0.000000000000000000e+00
0.000000000000000000e+00
0.000000000000000000e+00
0.000000000000000000e+00
0.000000000000000000e+00
0.000000000000000000e+00
0.000000000000000000e+00
0.000000000000000000e+00
0.000000000000000000e+00
0.000000000000000000e+00
0.000000000000000000e+00
0.000000000000000000e+00
0.000000000000000000e+00
0.000000000000000000e+00
