# bin_3_3
1.587946354660607227e-06
1.597947477423056474e-06
1.608338800414957684e-06
1.619135419212463746e-06
1.630352894691581332e-06
1.642007488679235261e-06
1.654116067793921988e-06
1.666695994848426041e-06
1.679765422592950091e-06
1.693343208608183193e-06
1.707448804548064366e-06
1.722102498789435928e-06
1.737325296545093378e-06
1.753138884728244639e-06
1.769565931760731665e-06
1.786629664353703174e-06
1.804354434070711711e-06
1.822765424647534116e-06
1.841888728199180515e-06
1.861751407400917555e-06
1.882381452474887141e-06
1.903807837196838639e-06
1.926060573105598423e-06
1.949170946264512475e-06
1.973171284714358820e-06
1.998094968093449270e-06
2.023976731551933017e-06
2.050852106764794770e-06
2.078758454099103031e-06
2.107734222656871937e-06
2.137819163873993420e-06
2.169054491988129045e-06
2.201482423313013712e-06
2.235147234747263502e-06
2.270094645722998560e-06
2.306371629329061664e-06
2.344026446059811463e-06
2.383109672136507020e-06
2.423673451273844609e-06
2.465771348777394560e-06
2.509458256353613438e-06
2.554791728538441630e-06
2.601831014194188098e-06
2.650636781164718679e-06
2.701271329267060116e-06
2.753799908036604409e-06
2.808289250325321256e-06
2.864807267516809821e-06
2.923425169916585752e-06
2.984216024945949296e-06
3.047253882333813381e-06
3.112615807816699339e-06
3.180381495442662778e-06
3.250631201583156191e-06
3.323448207781514398e-06
3.398918814015259335e-06
3.477129243310031438e-06
3.558169553933234714e-06
3.642132081421575122e-06
3.729108785857423082e-06
3.819196491834351041e-06
3.912492929923105288e-06
4.009095713287571378e-06
4.109108124339855457e-06
4.212631591877846362e-06
4.319770459944077736e-06
4.430631614104763677e-06
4.545319355099586864e-06
4.663944660990545047e-06
4.786615031729581708e-06
4.913440078182059728e-06
5.044530954286318306e-06
5.179995023420899785e-06
5.319947115028487841e-06
5.464492351127147946e-06
5.613742575622077194e-06
5.767805422732584019e-06
5.926786588461416750e-06
6.090791910849827171e-06
6.259920494705713970e-06
6.434276632199510458e-06
6.613949099009374771e-06
6.799037595679085522e-06
6.989622015536641840e-06
7.185789713374243869e-06
7.387614088322217760e-06
7.595164953940735079e-06
7.808505394529264884e-06
8.027688069340373464e-06
8.252759991391386208e-06
8.483755157173187588e-06
8.720698922785206640e-06
8.963601473553890704e-06
9.212464116922139520e-06
9.459886554418887419e-06
9.720397099724874590e-06
9.986780885461025471e-06
1.025896465509529095e-05
1.053684483950361803e-05
1.082030994781177706e-05
1.110928174072647213e-05
1.140370531765671427e-05
1.170340911704477287e-05
1.200792610031913837e-05
1.231640373437482535e-05
1.262836185823785744e-05
1.294198134529664567e-05
1.325762090254761330e-05
1.357576723974630544e-05
1.389732478143029180e-05
1.422308201865755763e-05
1.455296450820695539e-05
1.488585702829622313e-05
1.522025989461539081e-05
1.555489821243274639e-05
1.588899373387792156e-05
1.622200920340175143e-05
1.655337779150295821e-05
1.688232470520399038e-05
1.720790401841011471e-05
1.752915409513881414e-05
1.784510956723225995e-05
1.815475830971809132e-05
1.845702653410389999e-05
1.875077242686805782e-05
1.903479643879298574e-05
1.930784022582089578e-05
1.956858469488366193e-05
1.981563985626249658e-05
2.004758001580208361e-05
2.026295190795292047e-05
2.046029968383118774e-05
2.063806610062275904e-05
2.079454008627166259e-05
2.092800562833541390e-05
2.103707868490197310e-05
2.112092881382694122e-05
2.117923624837089435e-05
2.121164562981402296e-05
2.121691755818130872e-05
2.119262774176053300e-05
2.113563792620437069e-05
2.104289841182387761e-05
2.091236525490819322e-05
2.074334515182347111e-05
2.053582388840158955e-05
2.028979843770068202e-05
2.000551423687048190e-05
1.968439493819154550e-05
1.932945616599436955e-05
1.894441254242133305e-05
1.855335348112433874e-05
1.811568390849057153e-05
1.765395165426817068e-05
1.716952643644390400e-05
1.666452569054963892e-05
1.614310903895172414e-05
1.560966692967184749e-05
1.507019312967805845e-05
1.453090394815523022e-05
1.399783059340562159e-05
1.347623656319470365e-05
1.297067015731680750e-05
1.248479478776174195e-05
1.202232313962454306e-05
1.158625491253887586e-05
1.117980928042376114e-05
1.080404511680274159e-05
1.045939394190003531e-05
1.014366565678116333e-05
9.853015827606610550e-06
9.582162645833567925e-06
9.325432249067373098e-06
9.076085605476337021e-06
8.827239550736284718e-06
8.571340001945732765e-06
8.300886602606623722e-06
8.009427801244892761e-06
7.693053943005977074e-06
7.350563908288152482e-06
6.983811489615352933e-06
6.598588162434747136e-06
6.203460702136407822e-06
5.809878311881601893e-06
5.429510637191491921e-06
5.074937014038464733e-06
4.757182074660947371e-06
4.481985839550570160e-06
4.251050304074097579e-06
4.059992989725828426e-06
3.898609902062350052e-06
3.753159213021667609e-06
3.609305291911964940e-06
3.456037814785267497e-06
3.328042982292276347e-06
3.135011975476885455e-06
2.902048672616548794e-06
2.703899666771920942e-06
2.518077208867150817e-06
2.354734308171839718e-06
2.217710600447206586e-06
2.103662747195892824e-06
2.004630321958769323e-06
1.909433796899082776e-06
1.811087804301249731e-06
1.729048227212598297e-06
1.603710779340172057e-06
1.503204516162078627e-06
1.412276853342548604e-06
1.332664378740115707e-06
1.262013499958042223e-06
1.196139248157549334e-06
1.131769814996226885e-06
1.068649398786178359e-06
1.008188292878547260e-06
9.521198240629595109e-07
9.010911621810630969e-07
8.541283784374150451e-07
8.096095154978189937e-07
7.670200541028882775e-07
7.268847493799272347e-07
6.895639455086654190e-07
6.549227020253372421e-07
6.224403944332448127e-07
5.917567963813342038e-07
5.628596413590798917e-07
5.358241560536581386e-07
5.105102911779306858e-07
4.866636908156282841e-07
4.642169173741509670e-07
4.430956256514187901e-07
4.231993523834592892e-07
4.044015316259092688e-07
3.866342607657372229e-07
3.698363205529285759e-07
3.539488244780422992e-07
3.389108341347654464e-07
3.246485391828487173e-07
3.111167895594488982e-07
2.982453524625288933e-07
2.859920198852752146e-07
2.743066054611583984e-07
2.631494886423627544e-07
2.524801779818254312e-07
2.422653388367387848e-07
2.324751146094794723e-07
2.230749110851974314e-07
2.140469808856021866e-07
2.053602911182635911e-07
1.969975308906633139e-07
1.889372826339659224e-07
1.811631210025994196e-07
1.736579200923695583e-07
1.664078534059661757e-07
1.594014984278506542e-07
1.526234824690374314e-07
1.460682172122523228e-07
1.397221394154290163e-07
1.335791066445134794e-07
1.276306089302487138e-07
1.218708376832608847e-07
1.162934463099867793e-07
1.108935807039885762e-07
1.056683390585185442e-07
1.006111349092392948e-07
9.572178462499564708e-08
9.099433713735680060e-08
8.642738778497047053e-08
8.201766357675061874e-08
7.776346195017794682e-08
7.366243886596432100e-08
6.971258969325918626e-08
6.591359102210123610e-08
6.226121868923241728e-08
5.875613223857853178e-08
5.539403604717406184e-08
5.217383996478806265e-08
4.909266229530388207e-08
4.614854322014849032e-08
4.333880612219945760e-08
4.066048613781944462e-08
3.811226583123876644e-08
3.568904299304644842e-08
3.338982175731185158e-08
3.120953894738557721e-08
2.914553851655772910e-08
2.719375740607751494e-08
2.535074069387137406e-08
2.361253291642367709e-08
2.197481024939291210e-08
2.043487209987531537e-08
1.898706620462464221e-08
1.762898623167821577e-08
1.635552948604316839e-08
1.516329212708590706e-08
1.404808914221949177e-08
1.300622769580159741e-08
1.203382861648638828e-08
1.112677907462569377e-08
1.028234958791328119e-08
9.495905591675432141e-09
8.765010048605160204e-09
8.085778139376107456e-09
7.455370269849319782e-09
6.870615552358836033e-09
6.328731384772022188e-09
5.826936616802644163e-09
5.362310876503657741e-09
4.932931216903577073e-09
4.535784814591261801e-09
4.169139198738839587e-09
3.830598978360289376e-09
3.518327429931520732e-09
3.230368827882366596e-09
2.965029270531152835e-09
2.720669527936610007e-09
2.495555803453965769e-09
2.288576196759582402e-09
2.098043597770416793e-09
1.922939531650490180e-09
1.761970854961223065e-09
1.614115935170202743e-09
1.478312226691264980e-09
1.353652066579002146e-09
1.239277174991969952e-09
1.134265633150964451e-09
1.038041764091572228e-09
9.497461197634782885e-10
8.688420873554660221e-10
7.946870835322395689e-10
7.267622389010686684e-10
6.645356519120426906e-10
6.075559796587346437e-10
5.554067203964479361e-10
5.076305668471676868e-10
4.639485564252451822e-10
4.239489031311464492e-10
3.873673014979205831e-10
3.539007354122492962e-10
3.233003434297716217e-10
2.953138228602025757e-10
2.697265850503077759e-10
2.463464084846357395e-10
2.249563423372279513e-10
2.054264338067588521e-10
1.875670657779329256e-10
1.712533358384812400e-10
1.563467701803770641e-10
1.427320567898686977e-10
1.302934062249441016e-10
1.189312955008029062e-10
1.085597382098579462e-10
9.907867220439462762e-11
9.042887130453338528e-11
8.252537772291914780e-11
7.531084553701437732e-11
6.872342636128696189e-11
6.271114064554223974e-11
5.722228052204489191e-11
5.221176103098233604e-11
4.764095859482326522e-11
4.339441015954414517e-11
3.839631729501519129e-11
3.503195498528017079e-11
2.773542587406949889e-11
1.883082071786323344e-11
9.921389660776323829e-12
9.051821806186178784e-12
2.755657822086909343e-12
2.849258472636051041e-13
6.373175831531963062e-15
3.141470018808144933e-17
0.000000000000000000e+00
0.000000000000000000e+00
0.000000000000000000e+00
0.000000000000000000e+00
0.000000000000000000e+00
0.000000000000000000e+00
0.000000000000000000e+00
0.000000000000000000e+00
0.000000000000000000e+00
0.000000000000000000e+00
0.000000000000000000e+00
0.000000000000000000e+00
0.000000000000000000e+00
0.000000000000000000e+00
0.000000000000000000e+00
0.000000000000000000e+00
0.000000000000000000e+00
0.000000000000000000e+00
0.000000000000000000e+00
0.000000000000000000e+00
0.000000000000000000e+00
0.000000000000000000e+00
0.000000000000000000e+00
0.000000000000000000e+00
0.000000000000000000e+00
0.000000000000000000e+00
0.000000000000000000e+00
0.000000000000000000e+00
