# bin_4_3
1.197907999236573766e-07
1.205467225358499812e-07
1.213321677235723244e-07
1.221482753694427187e-07
1.229962236016213900e-07
1.238772442646998902e-07
1.247926178158693725e-07
1.257436714548344202e-07
1.267317832034945104e-07
1.277583720890564065e-07
1.288249215816486526e-07
1.299329756855457633e-07
1.310841179122992565e-07
1.322799942181389844e-07
1.335223273371579618e-07
1.348129026759390610e-07
1.361535643142111296e-07
1.375462171558686464e-07
1.389928611678052253e-07
1.404955352680476494e-07
1.420563650830401047e-07
1.436775783925159436e-07
1.453614739189517047e-07
1.471104105885153717e-07
1.489268739577045615e-07
1.508133787787004270e-07
1.527725753086288499e-07
1.548072279306603983e-07
1.569201506414788758e-07
1.591143069402715576e-07
1.613926928119183121e-07
1.637584686183896181e-07
1.662149259053471711e-07
1.687654122881764923e-07
1.714134400011549119e-07
1.741625593997040325e-07
1.770165741511421166e-07
1.799793169448937685e-07
1.830548146265158411e-07
1.862471125857862772e-07
1.895605662622702259e-07
1.929995540947891720e-07
1.965686332985904796e-07
2.002724558069616096e-07
2.041159531865061608e-07
2.081041347623098050e-07
2.122420522667507183e-07
2.165351546323974744e-07
2.209889190097612260e-07
2.256089306043905422e-07
2.304010847951509218e-07
2.353713969556734238e-07
2.405260022119300785e-07
2.458712685000294473e-07
2.514137803575556886e-07
2.571601760623893344e-07
2.631173961307027094e-07
2.692925751014826153e-07
2.756927991033124411e-07
2.823256773408914827e-07
2.891988517828185688e-07
2.963198642641522857e-07
3.036969821743545958e-07
3.113382693587271366e-07
3.192519242137914810e-07
3.274466264850268155e-07
3.359306598644958808e-07
3.447131227434144178e-07
3.538028449402684561e-07
3.632086665221221328e-07
3.729400416792036319e-07
3.830057318569786085e-07
3.934155801306461424e-07
4.041786604707401683e-07
4.153044389212002357e-07
4.268025257228512313e-07
4.386819452141431335e-07
4.509526470574077289e-07
4.636232777412385792e-07
4.767039284267053758e-07
4.902029690014480613e-07
5.041300064477506921e-07
5.184935111738391759e-07
5.333020330288214678e-07
5.485640142211077193e-07
5.642869916072279370e-07
5.804790572584482159e-07
5.971466282839105355e-07
6.142971451732548799e-07
6.319356925092892758e-07
6.500687482880576494e-07
6.686998851752683276e-07
6.878342924634972665e-07
7.074738462748744700e-07
7.276223631432246377e-07
7.482798057454946692e-07
7.694477713087435742e-07
7.911234042292688622e-07
8.133052085415425236e-07
8.359881113497996067e-07
8.591720923762771833e-07
8.828509621357565544e-07
9.070131883666530780e-07
9.316390217321464725e-07
9.567070638424684806e-07
9.822132949556264255e-07
1.008201483505747618e-06
1.034662157059475336e-06
1.061489057114445088e-06
1.088451342661360076e-06
1.115318127590538393e-06
1.142216116919327487e-06
1.169464988501571228e-06
1.197278245381604778e-06
1.225611729501657010e-06
1.254204124623288690e-06
1.282854073422892191e-06
1.311464168614628386e-06
1.340025377340004664e-06
1.368547451948298675e-06
1.396962858951903542e-06
1.425178600512692537e-06
1.453115517709362957e-06
1.480696180696208332e-06
1.507844688408752577e-06
1.534474628622888503e-06
1.560495348155454253e-06
1.585806350164624961e-06
1.610309794481845934e-06
1.633896882521567371e-06
1.656460073215356484e-06
1.677881463509198991e-06
1.698037356317518633e-06
1.716793988382761295e-06
1.734022856019598380e-06
1.749610873219500222e-06
1.763443400416000557e-06
1.775398460082058753e-06
1.785195478237531099e-06
1.792681101094011928e-06
1.797860982635830889e-06
1.800957761082080860e-06
1.802130998516843700e-06
1.801100157326753165e-06
1.797165224925497822e-06
1.789780619370310839e-06
1.779013506475307991e-06
1.765148865370827807e-06
1.748287697265329475e-06
1.728025921682950088e-06
1.704165792629901055e-06
1.676847111803614554e-06
1.646676078705314474e-06
1.614095340652445515e-06
1.579332361123011031e-06
1.542472503826953338e-06
1.503493570763041218e-06
1.462430408388510876e-06
1.419496180216491284e-06
1.375014740363638514e-06
1.329262176562384704e-06
1.282941802274052902e-06
1.236627818399597165e-06
1.190885535142351558e-06
1.146167201047175563e-06
1.102812500924708068e-06
1.061149418592402564e-06
1.021408150792805684e-06
9.838501199632710870e-07
9.488644530409363027e-07
9.167056591743986148e-07
8.875085221682054666e-07
8.609207545937885103e-07
8.365581054884035677e-07
8.139544132306567859e-07
7.926562182480356495e-07
7.721495555016653904e-07
7.518204881979259125e-07
7.309694035801675328e-07
7.088114210543210950e-07
6.847817982006512316e-07
6.583161542154253134e-07
6.291332877893120806e-07
5.976396274138236310e-07
5.643062292999610293e-07
5.296262942270125210e-07
4.948663163257153104e-07
4.611726841980865839e-07
4.297456106341787593e-07
4.016216707438134481e-07
3.775860704639481284e-07
3.581536377830148048e-07
3.427637319832420539e-07
3.304350927313146644e-07
3.194829646781487170e-07
3.083188331461123356e-07
2.962635825299743315e-07
2.821427001883786560e-07
2.656292243829915267e-07
2.474254912908886782e-07
2.289843972276624104e-07
2.118834365753263363e-07
1.972315339721841056e-07
1.859100321887151939e-07
1.774513289913424970e-07
1.701499104210059633e-07
1.627497112791112085e-07
1.547017608062920198e-07
1.453434433369975626e-07
1.353364944778328654e-07
1.259604063071156059e-07
1.180862807757390834e-07
1.118409419873203834e-07
1.065143885388802448e-07
1.012397331309376182e-07
9.552113744105683802e-08
8.962117895845309326e-08
8.415538458502187836e-08
7.954254613315914507e-08
7.552032874733600728e-08
7.159895219290607863e-08
6.766017828904239199e-08
6.387793887866413344e-08
6.045796810006364250e-08
5.737461405380903716e-08
5.446941490774168044e-08
5.165805685313690794e-08
4.900777438207136188e-08
4.657450308029924176e-08
4.429872618009727401e-08
4.213805299157463959e-08
4.010802435891908608e-08
3.821650549467380742e-08
3.643586184932430523e-08
3.475460032238095222e-08
3.316657068891201672e-08
3.166880793365897889e-08
3.025623525736171170e-08
2.892257715732540598e-08
2.766387888696894226e-08
2.647150915252094072e-08
2.534274697764390152e-08
2.427057758811448044e-08
2.325232689577447887e-08
2.228291025465652104e-08
2.135925288307847119e-08
2.047804417021790533e-08
1.963564082766892605e-08
1.883041924629586471e-08
1.805836521690341522e-08
1.731854818782936012e-08
1.660778704526234753e-08
1.592502786889720755e-08
1.526801248335229251e-08
1.463542960139530446e-08
1.402591648219865716e-08
1.343780171826740266e-08
1.287059085424011063e-08
1.232239626943946819e-08
1.179301593121419665e-08
1.128098805228569250e-08
1.078599823515783213e-08
1.030705833207275991e-08
9.843681252104339676e-09
9.395405934343066094e-09
8.961514153496504943e-09
8.542047244243078369e-09
8.136113892057566382e-09
7.743853993511631181e-09
7.364575244204288266e-09
6.998291306601722094e-09
6.644557649873598254e-09
6.303234854841460676e-09
5.974211807474564432e-09
5.657110514924829174e-09
5.352119271111870719e-09
5.058670882690048901e-09
4.776949762509773406e-09
4.506474586540399005e-09
4.247281947958411997e-09
3.999033892313104034e-09
3.761602110281813412e-09
3.534881748200561054e-09
3.318475562673526707e-09
3.112478648521477079e-09
2.916326517501949091e-09
2.730072930291018566e-09
2.553217066867996391e-09
2.385672393014882451e-09
2.227051063996856322e-09
2.077102712381254945e-09
1.935622198407723912e-09
1.802121399149961088e-09
1.676550981624615177e-09
1.558339791971090453e-09
1.447406174436711809e-09
1.343264242834838162e-09
1.245733780696829442e-09
1.154438268870304283e-09
1.069076265808497086e-09
9.894203655253485634e-10
9.150190867017936929e-10
8.457627316420222184e-10
7.811937389543713078e-10
7.211877629288423573e-10
6.653746624954205071e-10
6.135767659972849572e-10
5.655164791810023359e-10
5.209501395772885265e-10
4.797094625147356283e-10
4.414777045308127362e-10
4.061610021810535183e-10
3.734660661053493039e-10
3.432934144320136648e-10
3.154142210126935259e-10
2.897042839353306156e-10
2.659972646075572676e-10
2.441380410451214065e-10
2.240276527416179701e-10
2.054802982409968501e-10
1.884366521244546776e-10
1.727346882974121166e-10
1.583127355036019317e-10
1.450473663803255456e-10
1.328661576986592865e-10
1.216816126547284605e-10
1.114074197729819254e-10
1.019925197911559807e-10
9.333915821735759317e-11
8.541498225762807635e-11
7.813838121455480873e-11
7.147583794697642679e-11
6.536621817655357594e-11
5.977142502402465253e-11
5.464905421296600771e-11
4.995479887696630334e-11
4.566435771512431794e-11
4.172972966384966427e-11
3.813468986793978292e-11
3.484048301170969831e-11
3.183024182050067519e-11
2.907530252904806335e-11
2.655685343039600795e-11
2.425542324930070110e-11
2.214938548876255733e-11
2.022776567505568068e-11
1.846802625946906431e-11
1.686242829203109374e-11
1.539324405305001027e-11
1.405237169455917590e-11
1.282682103938325747e-11
1.170763669738252276e-11
1.068616686235751582e-11
9.752159836236585240e-12
8.900817034946813274e-12
8.121854719242980126e-12
7.411684665930845939e-12
6.762393763835376043e-12
6.170208160940644960e-12
5.629395175271064690e-12
5.135814174226224328e-12
4.685598202839051801e-12
4.273700962099695884e-12
3.899167499008111093e-12
3.553256982753121087e-12
3.235151388471351162e-12
2.932787427428661848e-12
2.675069035306445940e-12
2.271019138184970229e-12
1.091660445172707506e-12
1.643541125855589223e-13
1.084353195040917836e-14
0.000000000000000000e+00
0.000000000000000000e+00
0.000000000000000000e+00
0.000000000000000000e+00
0.000000000000000000e+00
0.000000000000000000e+00
0.000000000000000000e+00
0.000000000000000000e+00
0.000000000000000000e+00
0.000000000000000000e+00
0.000000000000000000e+00
0.000000000000000000e+00
0.000000000000000000e+00
0.000000000000000000e+00
0.000000000000000000e+00
0.000000000000000000e+00
0.000000000000000000e+00
0.000000000000000000e+00
0.000000000000000000e+00
0.000000000000000000e+00
0.000000000000000000e+00
0.000000000000000000e+00
0.000000000000000000e+00
0.000000000000000000e+00
0.000000000000000000e+00
0.000000000000000000e+00
0.000000000000000000e+00
0.000000000000000000e+00
