# bin_4_4
7.379674183707004099e-07
7.426294786341972703e-07
7.474736909939855410e-07
7.525071243736856340e-07
7.577371110079507904e-07
7.631712158399873644e-07
7.688173310897107726e-07
7.746836710616123574e-07
7.807787603909421632e-07
7.871113820258940577e-07
7.936906574901089429e-07
8.005261206487951459e-07
8.076276654302628659e-07
8.150054890086659262e-07
8.226701615105261819e-07
8.306327511575636335e-07
8.389046987545009735e-07
8.474977365584503888e-07
8.564241948155850048e-07
8.656968910246019407e-07
8.753289379635982853e-07
8.853340563436860501e-07
8.957265494737706368e-07
9.065209696860871201e-07
9.177326430045880119e-07
9.293774903548165184e-07
9.414717379976392966e-07
9.540325531108968591e-07
9.670774116019161508e-07
9.806245128709855149e-07
9.946929282850629584e-07
1.009302005460804120e-06
1.024472271823738688e-06
1.040224374828368488e-06
1.056580291839532840e-06
1.073562338716327449e-06
1.091193963799222221e-06
1.109498995050840594e-06
1.128502491256632676e-06
1.148230090039777264e-06
1.168708653898660954e-06
1.189965300036367523e-06
1.212028881791755629e-06
1.234928453108344415e-06
1.258694784813638296e-06
1.283358737562043415e-06
1.308953048229503601e-06
1.335511201677224270e-06
1.363067136269295838e-06
1.391657013133872048e-06
1.421317246244677471e-06
1.452085369181965981e-06
1.484000758189281262e-06
1.517103243617875023e-06
1.551433878423752533e-06
1.587035572087709501e-06
1.623951822841256154e-06
1.662226966615181112e-06
1.701907821945920081e-06
1.743041666840307325e-06
1.785676233735206367e-06
1.829861855916082922e-06
1.875649762149303507e-06
1.923091632661987153e-06
1.972241068585366093e-06
2.023151967354085497e-06
2.075880846520112193e-06
2.130484512278562785e-06
2.187020014069319856e-06
2.245546706189723683e-06
2.306123363094173947e-06
2.368811648326658669e-06
2.433672879500328884e-06
2.500768651760686563e-06
2.570162337161612656e-06
2.641915784349544810e-06
2.716093568606651022e-06
2.792758006561346199e-06
2.871974075645294547e-06
2.953804731321453559e-06
3.038313136681355838e-06
3.125562494917862145e-06
3.215613571501472267e-06
3.308528684137431133e-06
3.404365677176426665e-06
3.503184564312421848e-06
3.605039469015891317e-06
3.709986692205052338e-06
3.818075678330135319e-06
3.929357477605582640e-06
4.043875531057537054e-06
4.161673920562876000e-06
4.282788497176167591e-06
4.407254504237262671e-06
4.535098450498687353e-06
4.666345441310883635e-06
4.801011412817223914e-06
4.939108788631713756e-06
5.080639408155710829e-06
5.225598382090513783e-06
5.373969996320709256e-06
5.525740362400615214e-06
5.680885295459782846e-06
5.839362682666444987e-06
6.001103643813307275e-06
6.115838354738553400e-06
6.282474880820983218e-06
6.452186067949887517e-06
6.624989388721097925e-06
6.800702403155485912e-06
6.978748652698882305e-06
7.158165986141395625e-06
7.341355686792360467e-06
7.522573673427409739e-06
7.705419730890411358e-06
7.890681934781789818e-06
8.078572537758759245e-06
8.268606211681924729e-06
8.459845152561414473e-06
8.651454554932226870e-06
8.842961476152727123e-06
9.034056939808838755e-06
9.224439822713482079e-06
9.413713316183951619e-06
9.601357070234113562e-06
9.786829408948428719e-06
9.969594335915901498e-06
1.014909197721860900e-05
1.032472693632934832e-05
1.049586833860929439e-05
1.066184732564614190e-05
1.082196972448939845e-05
1.097550657106358889e-05
1.112168998946532916e-05
1.125969930567644080e-05
1.138870117781938774e-05
1.150785429545057354e-05
1.161637198757587101e-05
1.171342818440915430e-05
1.179789762700022798e-05
1.186862281725027816e-05
1.192478300153097977e-05
1.196622461702283064e-05
1.199343689009128221e-05
1.200647141563753069e-05
1.200395240834591462e-05
1.198341975887165556e-05
1.194265547425799615e-05
1.188051456341015072e-05
1.179687882867757589e-05
1.169165874668092584e-05
1.156427898794815055e-05
1.141427558914900622e-05
1.124223557262900369e-05
1.104993910898550913e-05
1.083983491315441652e-05
1.061397174861405902e-05
1.037348432808669020e-05
1.011877882171510899e-05
9.850474218034612555e-06
9.569535573195216320e-06
9.277449830271397848e-06
8.976959612391825807e-06
8.671263710552354589e-06
8.364018818857044197e-06
8.058938041259837805e-06
7.759263332284578455e-06
7.467668956929862741e-06
7.181301911943666714e-06
6.912400787556087804e-06
6.657779465287146250e-06
6.419420285216445400e-06
6.198989250250762446e-06
6.041505141858134586e-06
5.855841595111145248e-06
5.685781352567360413e-06
5.528746768992031787e-06
5.381411169600561622e-06
5.240417637494254916e-06
5.101666870951655171e-06
4.960635373431802024e-06
4.812938139272249600e-06
4.654014914698669548e-06
4.480322066053420155e-06
4.290668194053741579e-06
4.085300223057611947e-06
3.866281000498088668e-06
3.638634322255556166e-06
3.408138856108824202e-06
3.182171476094820336e-06
2.968545744611249424e-06
2.774279834619571319e-06
2.605259604861810565e-06
2.463637222565033800e-06
2.348728266717333461e-06
2.254593520261432250e-06
2.172966352448856427e-06
2.095535663443648303e-06
2.013228377515087483e-06
1.920492074516386350e-06
1.815222170132798839e-06
1.699707880265462670e-06
1.580429276045524890e-06
1.465918976001388106e-06
1.364773488162193903e-06
1.281331821045028524e-06
1.213916022596655966e-06
1.157689686516117091e-06
1.105665211115614669e-06
1.050607340214560322e-06
9.907823930898971754e-07
9.279880943202900057e-07
8.666310589726404143e-07
8.114663127336958777e-07
7.644085259713106239e-07
7.237609266352708867e-07
6.859035247473839076e-07
6.482112946795150174e-07
6.103869761080230553e-07
5.742156798199438394e-07
5.411232342908702631e-07
5.112684314400116174e-07
4.837119471314001717e-07
4.574102504339713728e-07
4.322117336195459077e-07
4.085267307130085809e-07
3.865956310227781068e-07
3.662258970484971991e-07
3.471270865863686457e-07
3.291334590225846353e-07
3.122032208605660824e-07
2.963660731416747789e-07
2.815714623948682929e-07
2.676853359486932613e-07
2.546289717282813341e-07
2.423830412191317087e-07
2.308710596799880764e-07
2.200242686138730514e-07
2.097955133463403521e-07
2.001572484808239268e-07
1.910745035736014267e-07
1.825069831456831278e-07
1.744187827035211327e-07
1.667687447486260363e-07
1.595272895834697643e-07
1.526594768213487611e-07
1.461405123377597493e-07
1.399422112828418980e-07
1.340423107802593181e-07
1.284192405226145412e-07
1.230515342356532077e-07
1.179225861738872319e-07
1.130138998093556508e-07
1.083129582129301383e-07
1.038041812964292276e-07
9.947692427896658242e-08
9.531871868556814287e-08
9.131987517789001782e-08
8.747116083930172113e-08
8.376294428663262976e-08
8.018842400971130482e-08
7.673938888042085628e-08
7.341086171015602956e-08
7.019595756099750942e-08
6.709048727965786061e-08
6.408921907176970978e-08
6.118839343701825946e-08
5.838463396581069182e-08
5.567402535824105494e-08
5.305446978859635640e-08
5.052260485314171049e-08
4.807699032012238223e-08
4.571471656149745073e-08
4.343450915331468778e-08
4.123427651494966264e-08
3.911268045192371352e-08
3.706858505649185259e-08
3.510008892810085423e-08
3.320658477734130700e-08
3.138616911644937313e-08
2.963828286123879588e-08
2.796103787786938014e-08
2.635369291082548670e-08
2.481474717570276363e-08
2.334307614258180417e-08
2.193767766144265241e-08
2.059670523361765017e-08
1.931936679197571636e-08
1.810363905026390314e-08
1.694856783782657200e-08
1.585203715082405688e-08
1.481279390848294283e-08
1.382894214175278914e-08
1.289875788637027454e-08
1.202066168223801218e-08
1.119237882422771338e-08
1.041253601344811181e-08
9.678827549915823421e-09
8.989811950992547459e-09
8.343227080682154928e-09
7.737448222835616835e-09
7.170451509738211908e-09
6.640301451137766625e-09
6.145260584095409711e-09
5.683176267396576349e-09
5.252593233849929841e-09
4.851499032281395219e-09
4.478506589485889035e-09
4.131774663989799980e-09
3.809895503990579484e-09
3.511293736100086079e-09
3.234456388951268017e-09
2.978064952628952741e-09
2.740605207070768238e-09
2.521012814766411217e-09
2.317936393942580415e-09
2.130410187321894103e-09
1.957253057520762710e-09
1.797538902204563139e-09
1.650292916827157346e-09
1.514575980926272545e-09
1.389589460356170147e-09
1.274452905498379312e-09
1.168535003771577812e-09
1.071068129407221122e-09
9.814942364026013969e-10
8.991612102867702194e-10
8.235493608738255933e-10
7.541329400090789553e-10
6.904011686909393813e-10
6.319299516048977819e-10
5.782607182993517421e-10
5.290610771367856375e-10
4.839367434303121487e-10
4.425980904486389032e-10
4.047164972365463710e-10
3.700264275312900421e-10
3.382670755826357895e-10
3.091819319895020079e-10
2.825634562596335728e-10
2.581883548424539683e-10
2.358938818413603594e-10
2.154899347561968558e-10
1.968358129854747299e-10
1.797752671844379991e-10
1.641803447730025445e-10
1.499283922707946295e-10
1.368970323514893917e-10
1.249898518475213433e-10
1.141026446735733538e-10
1.041592720495735273e-10
9.507165035190436900e-11
8.677411735461984402e-11
7.919496166327043249e-11
7.227459916737731998e-11
6.595714453934363130e-11
6.018601269005491400e-11
5.491779111133613288e-11
5.010511179295361447e-11
4.571335659173732059e-11
4.170281193078990481e-11
3.804372133380544156e-11
3.470409124268104305e-11
3.165693942092476898e-11
2.887743934274335917e-11
2.634009624882685622e-11
2.402606169320123582e-11
2.191441576923438858e-11
1.998254024164920412e-11
1.779435407930928902e-11
1.350231149827274036e-11
8.968883360443750540e-12
5.082496334487425686e-12
5.666800077132116886e-13
6.929800283886506762e-14
4.127263486056190976e-15
8.442754633740340268e-18
0.000000000000000000e+00
0.000000000000000000e+00
0.000000000000000000e+00
0.000000000000000000e+00
0.000000000000000000e+00
0.000000000000000000e+00
0.000000000000000000e+00
0.000000000000000000e+00
0.000000000000000000e+00
0.000000000000000000e+00
0.000000000000000000e+00
0.000000000000000000e+00
0.000000000000000000e+00
0.000000000000000000e+00
0.000000000000000000e+00
0.000000000000000000e+00
0.000000000000000000e+00
0.000000000000000000e+00
0.000000000000000000e+00
0.000000000000000000e+00
0.000000000000000000e+00
0.000000000000000000e+00
0.000000000000000000e+00
