# bin_2_1
9.699673583354366882e-07
9.759941884883730897e-07
9.822549435415037510e-07
9.887584987983128549e-07
9.955137953394164788e-07
1.002530237289428012e-06
1.009817806660989844e-06
1.017386868587398503e-06
1.025248183666170368e-06
1.033412923232403291e-06
1.041892677930911381e-06
1.050699433646211930e-06
1.059845268286474475e-06
1.069342196748695430e-06
1.079203404380463525e-06
1.089442714585264024e-06
1.100074480642727993e-06
1.111113605099439076e-06
1.122575469223518349e-06
1.134475219947350341e-06
1.146827935290525505e-06
1.159650581823549886e-06
1.172960890894705062e-06
1.186777277805790343e-06
1.201118667382226880e-06
1.216002829314074816e-06
1.231448370989940001e-06
1.247476329678469072e-06
1.264108601036148682e-06
1.281367700272582045e-06
1.299274179576403623e-06
1.317849512731123624e-06
1.337118676211373326e-06
1.357107664275070301e-06
1.377841821531649490e-06
1.399343119001057435e-06
1.421639144623139463e-06
1.444759608604869333e-06
1.468733612694002228e-06
1.493584741853566539e-06
1.519343889580913695e-06
1.546044951342952423e-06
1.573718545638706784e-06
1.602390571260128156e-06
1.632097423346299553e-06
1.662876784822106308e-06
1.694755378831097695e-06
1.727767845206591690e-06
1.761956344660835473e-06
1.797353121951754836e-06
1.833989007434588436e-06
1.871909998381600920e-06
1.911152432379537085e-06
1.951745244012015688e-06
1.993737982533814559e-06
2.037167659540505119e-06
2.082063524777299870e-06
2.128479210944418659e-06
2.176446693766244115e-06
2.225999963008142871e-06
2.277195182597034219e-06
2.330053521314342182e-06
2.384620956597430339e-06
2.440946467125995620e-06
2.499045885784806124e-06
2.558978664060214811e-06
2.620768337269416389e-06
2.684447759585882741e-06
2.750069789213961935e-06
2.817638293608783568e-06
2.887212188437145048e-06
2.958800217533361180e-06
3.032435026414335242e-06
3.108152655245862369e-06
3.185949283278473950e-06
3.265877563088830006e-06
3.347916030279863156e-06
3.432108117139850478e-06
3.518436197091944547e-06
3.606918454965336303e-06
3.697553502730546929e-06
3.790319944775347574e-06
3.885242478589686355e-06
3.982256053371733652e-06
4.081339176852038084e-06
4.182468913805258524e-06
4.285633253859244115e-06
4.390691852677245867e-06
4.497817661900897423e-06
4.606548188981796482e-06
4.716529491706636398e-06
4.827659008727966287e-06
4.938960473887929112e-06
5.051205102474327544e-06
5.164709129017080684e-06
5.279745448871577570e-06
5.397013239128048103e-06
5.515640381478573636e-06
5.635480743031674589e-06
5.811894877088322820e-06
5.933542289740144600e-06
6.055143647285663864e-06
6.176534824415245384e-06
6.297480664261090713e-06
6.425141539480024289e-06
6.544412609706776014e-06
6.662270263950593691e-06
6.778371905756959698e-06
6.892354978406204197e-06
7.003831906783730027e-06
7.112391623082098326e-06
7.217601562442421924e-06
7.319009539548818605e-06
7.416139849151609635e-06
7.508494539288348621e-06
7.595548129926462561e-06
7.676763142734255007e-06
7.751593221753262490e-06
7.819494002752905035e-06
7.879894794955045000e-06
7.932185604672682995e-06
7.975713988468394034e-06
8.009976379413086470e-06
8.034739107257840221e-06
8.050031863164758148e-06
8.055750452355150181e-06
8.051237076394072249e-06
8.035180691359285226e-06
8.006136750673931599e-06
7.963220549465936042e-06
7.906237433150902679e-06
7.835250943055515173e-06
7.750056654093724428e-06
7.650409005772377161e-06
7.536479297412260612e-06
7.409261121503212365e-06
7.270133998422200127e-06
7.120411153376129803e-06
6.960933773664714331e-06
6.792217753888512446e-06
6.614670284873281389e-06
6.428939298850892469e-06
6.227968448824890047e-06
6.029701073888992447e-06
5.827770824829011014e-06
5.570224555790852506e-06
5.369434306083673655e-06
5.172210669256741465e-06
4.979511332511944549e-06
4.793318450472889315e-06
4.614792736363690713e-06
4.445212637424860942e-06
4.285494807970085866e-06
4.137158768223592452e-06
3.999852171637692837e-06
3.874395858850807036e-06
3.758665399644074177e-06
3.651803215476375815e-06
3.551551536571583308e-06
3.455657641096083375e-06
3.361883491668750183e-06
3.267748974204696582e-06
3.170099103883637231e-06
3.066808512586551231e-06
2.955501598604341903e-06
2.835007132702198782e-06
2.705097243610504503e-06
2.567242957143061784e-06
2.423886157282410807e-06
2.277050842838326675e-06
2.133620080929449454e-06
1.994274342572896667e-06
1.867346829625233175e-06
1.752679732334092375e-06
1.654718102609787099e-06
1.572630110707491836e-06
1.503809253428593491e-06
1.445425441147472697e-06
1.391013447730255132e-06
1.336270603201382723e-06
1.278835633718218211e-06
1.213742966136445706e-06
1.144999115356521794e-06
1.071425508290460532e-06
9.998840711396906368e-07
9.336377151164613763e-07
8.753511470413816275e-07
8.276560063700485827e-07
7.867719112934233242e-07
7.507234342020193211e-07
7.152331251411135050e-07
6.790039154103336690e-07
6.402071451020209957e-07
6.025670571743181034e-07
5.660726630545006519e-07
5.342767286709115898e-07
5.061057405074329564e-07
4.808621908823864969e-07
4.568017338234484273e-07
4.329943097162030194e-07
4.099127997136662710e-07
3.880217923154337909e-07
3.683191092360585558e-07
3.499744616707129137e-07
3.329739725540629437e-07
3.166229416702583491e-07
3.011530849980687524e-07
2.867070937746898162e-07
2.732028023797188197e-07
2.606325746209681040e-07
2.486713487522447017e-07
2.374744158714220130e-07
2.269081021659065521e-07
2.169651649759920958e-07
2.076253478927661051e-07
1.987629368538459481e-07
1.904422680611454010e-07
1.825225479643414754e-07
1.750717409067758262e-07
1.679539571682160309e-07
1.612272544832457562e-07
1.548144692705668672e-07
1.487145569506942912e-07
1.429129059141623235e-07
1.373539521457600880e-07
1.320681998822187710e-07
1.269783355545094156e-07
1.221265993807142777e-07
1.174443292191774298e-07
1.129597285277662907e-07
1.086327461552419974e-07
1.044624707271034815e-07
1.004441202901387560e-07
9.655009035895682334e-08
9.279940811607835499e-08
8.915381454675876729e-08
8.563756829062040247e-08
8.221729241074004179e-08
7.890893021805029490e-08
7.569479793697814044e-08
7.257436819002379167e-08
6.954922668636983772e-08
6.660395883805279515e-08
6.375278465230160709e-08
6.097436692248941304e-08
5.828520658347323425e-08
5.566717071228174407e-08
5.313092953548254447e-08
5.066844263906177763e-08
4.827926229958457100e-08
4.596771013115814698e-08
4.372324560067704340e-08
4.155799173369296519e-08
3.945723567844592109e-08
3.743397659857447536e-08
3.547589748553935914e-08
3.359089346891527086e-08
3.177443455041741773e-08
3.002508159613339260e-08
2.834783953988437630e-08
2.673293873577958875e-08
2.519107559616542692e-08
2.370908395219385855e-08
2.229771790890283239e-08
2.094602710630708818e-08
1.965965388330688234e-08
1.843453520315148538e-08
1.726768106002190647e-08
1.616325555402708756e-08
1.511122897299387549e-08
1.412026745351329920e-08
1.317795571817432576e-08
1.229254154192054470e-08
1.145402037830542430e-08
1.066590967656650961e-08
9.924296613542818017e-09
9.225544923048011218e-09
8.572465219484556957e-09
7.956306031047283134e-09
7.383135092611793058e-09
6.843011992289004282e-09
6.341404750941163108e-09
5.870712054390457265e-09
5.432772115407858419e-09
5.024677476473846928e-09
4.643343792544996871e-09
4.290518678394138132e-09
3.960021229221125949e-09
3.655568711961236407e-09
3.370600494958964558e-09
3.108266462277051219e-09
2.863805223911386873e-09
2.637996703350425973e-09
2.429136507474276495e-09
2.235097046542742956e-09
2.056922098236382913e-09
1.890861263890594847e-09
1.738974940651616414e-09
1.597497656297353497e-09
1.468058663031049729e-09
1.348058663841715267e-09
1.237747825669145813e-09
1.136281259959859569e-09
1.042370578906587470e-09
9.566128140339809432e-10
8.769553358050703239e-10
8.044595752067241193e-10
7.371618263912507150e-10
6.758400662886766651e-10
6.192047585604171510e-10
5.672936767672932425e-10
5.197388560773675650e-10
4.758255833033815075e-10
4.358803431856460019e-10
3.988566175696021646e-10
3.652729578238155288e-10
3.341707756614094652e-10
3.058999019676732193e-10
2.798623051239178430e-10
2.560325451617614849e-10
2.342676049827421072e-10
2.141940443247006447e-10
1.959832252365520438e-10
1.791267138379300980e-10
1.638684027138809541e-10
1.497609575796843588e-10
1.369546019792020525e-10
1.251847670706917274e-10
1.144192002943393813e-10
1.046083696653645781e-10
9.556505056598849664e-11
8.737615794368982683e-11
7.980244721084481837e-11
7.295557730203729625e-11
6.663286490520653618e-11
6.089648572077076519e-11
5.563307799157562987e-11
5.081856320553592213e-11
4.643833819731470716e-11
4.240120147152462000e-11
3.874995579088924109e-11
3.537177259319150094e-11
3.232253756091653915e-11
2.950944405054448905e-11
2.695432798467672994e-11
2.461638328682637736e-11
2.244092369942804235e-11
2.050080440886113290e-11
1.871328777118016521e-11
1.679187245306177775e-11
1.532772248508331375e-11
1.190645213708097975e-11
1.087038148683627281e-11
4.649653695676630870e-12
6.953164284920310720e-13
6.346081592156021412e-13
5.591341426785066084e-14
5.101989862686835558e-14
7.566992932097119058e-16
0.000000000000000000e+00
0.000000000000000000e+00
0.000000000000000000e+00
0.000000000000000000e+00
0.000000000000000000e+00
0.000000000000000000e+00
0.000000000000000000e+00
0.000000000000000000e+00
0.000000000000000000e+00
0.000000000000000000e+00
0.000000000000000000e+00
0.000000000000000000e+00
0.000000000000000000e+00
0.000000000000000000e+00
0.000000000000000000e+00
0.000000000000000000e+00
0.000000000000000000e+00
0.000000000000000000e+00
0.000000000000000000e+00
0.000000000000000000e+00
0.000000000000000000e+00
0.000000000000000000e+00
0.000000000000000000e+00
0.000000000000000000e+00
0.000000000000000000e+00
0.000000000000000000e+00
0.000000000000000000e+00
0.000000000000000000e+00
0.000000000000000000e+00
0.000000000000000000e+00
0.000000000000000000e+00
0.000000000000000000e+00
0.000000000000000000e+00
0.000000000000000000e+00
0.000000000000000000e+00
0.000000000000000000e+00
0.000000000000000000e+00
0.000000000000000000e+00
0.000000000000000000e+00
0.000000000000000000e+00
0.000000000000000000e+00
