# bin_3_2
3.051628436230246591e-07
3.070802234744669174e-07
3.090723095921492578e-07
3.111419880574191233e-07
3.132922546523362225e-07
3.155262236132190619e-07
3.178471158340142304e-07
3.202582568354702166e-07
3.227631070491074836e-07
3.253652072968642811e-07
3.280682714315626781e-07
3.308761577883833187e-07
3.337928901941589316e-07
3.368226478148601887e-07
3.399697554317133215e-07
3.432386608155801305e-07
3.466339395848635670e-07
3.501603305949581518e-07
3.538227895854576656e-07
3.576265066967239181e-07
3.615768788535739374e-07
3.656794256291603053e-07
3.699398281808989743e-07
3.743638829641582529e-07
3.789577150789978623e-07
3.837277630179752507e-07
3.886806962937808779e-07
3.938232822494492535e-07
3.991623643114383261e-07
4.047051680405908483e-07
4.104593631540304562e-07
4.164328776630149183e-07
4.226336623531844322e-07
4.290697500637528444e-07
4.357497946407673632e-07
4.426829579138263891e-07
4.498784035928023406e-07
4.573452003344709250e-07
4.650931106534335050e-07
4.731326196762024688e-07
4.814741093742677139e-07
4.901277513508383501e-07
4.991047389156869237e-07
5.084169802189235525e-07
5.180758316154472131e-07
5.280928207139943244e-07
5.384810510076972953e-07
5.492534249832387083e-07
5.604221243294040858e-07
5.720011119479389170e-07
5.840048382068553077e-07
5.964463476165328434e-07
6.093404812957657205e-07
6.227031158725148295e-07
6.365480793780322722e-07
6.508913556231324589e-07
6.657499614280797643e-07
6.811383236643291331e-07
6.970739960479566473e-07
7.135745940769741110e-07
7.306550984780124676e-07
7.483351293149127168e-07
7.666316470520735958e-07
7.855612482938398343e-07
8.051448663688131184e-07
8.253976872193662271e-07
8.463399763919726615e-07
8.679906624044721006e-07
8.903657231506424220e-07
9.134878062344857634e-07
9.373712929993431928e-07
9.620377747418076084e-07
9.875047079397670639e-07
1.013788742857816699e-06
1.040911409735987613e-06
1.068884918591638510e-06
1.097732476225983472e-06
1.127464810229480539e-06
1.158102586744246595e-06
1.189658279090793863e-06
1.222146974421906744e-06
1.255584083909381413e-06
1.289978173607707445e-06
1.325346232121736458e-06
1.361691347959686928e-06
1.399030352460725845e-06
1.437361761943930641e-06
1.476700351160213619e-06
1.517040608533745284e-06
1.558392419970859960e-06
1.600746280107640671e-06
1.644106728355597890e-06
1.688462852049512400e-06
1.733815981486846245e-06
1.780147703993550001e-06
1.827439778119977293e-06
1.875658762080971067e-06
1.924787510454382764e-06
1.974829919993027473e-06
2.025810056476378739e-06
2.077658686160346601e-06
2.130169888352894241e-06
2.182959925328809614e-06
2.235772705927991755e-06
2.288779560506930985e-06
2.342326899142119276e-06
2.396892221881409278e-06
2.452455788467761609e-06
2.508644328445004296e-06
2.565171452622679555e-06
2.621685940271340713e-06
2.678170664463023711e-06
2.734564893657670326e-06
2.790795666063089321e-06
2.846715485833449023e-06
2.902155843832690082e-06
2.956967138784339627e-06
3.010988503176165026e-06
3.064066626641588365e-06
3.116014401499451645e-06
3.166653781759315116e-06
3.215778173460821185e-06
3.263188087269405217e-06
3.308667212497272971e-06
3.351982465310841263e-06
3.392909719421594078e-06
3.431168216820662879e-06
3.466547317706033921e-06
3.498749834649090869e-06
3.527604912037263454e-06
3.552746698126527749e-06
3.573937961086967150e-06
3.590668150812944600e-06
3.603002327453290668e-06
3.610984501329262698e-06
3.614847012587094166e-06
3.614397307392876477e-06
3.608793298995985924e-06
3.597029939888238036e-06
3.578620110027447918e-06
3.553873676451199403e-06
3.522733544380876714e-06
3.485362833617781656e-06
3.440920294882212010e-06
3.389859872178150147e-06
3.332422352705832383e-06
3.269706661897481944e-06
3.202337464209551907e-06
3.130582657740832190e-06
3.054696420830701186e-06
2.974603348036519974e-06
2.890672460585003900e-06
2.803288077749416387e-06
2.713279840418803645e-06
2.621299908842426660e-06
2.528858888186456083e-06
2.436826957763702656e-06
2.346312593267669327e-06
2.258176018305003723e-06
2.172970611932085644e-06
2.091383674844492554e-06
2.013897861309490246e-06
1.941060202334822155e-06
1.873650053161206178e-06
1.811652222104452569e-06
1.755316386575929561e-06
1.703686646523405521e-06
1.656046008022917887e-06
1.611636292521791876e-06
1.569108030616991346e-06
1.527753237407157827e-06
1.486043379996070260e-06
1.442644992236412728e-06
1.396254694811273181e-06
1.345753926124119382e-06
1.290474451288648010e-06
1.230369829876000032e-06
1.166214040111523166e-06
1.099062875726531813e-06
1.030427833241461323e-06
9.629097710491652872e-07
8.981966722653721738e-07
8.390137148285738952e-07
7.868652038740938704e-07
7.427522769831711543e-07
7.070025321436039982e-07
6.781973209799717416e-07
6.535769788216066092e-07
6.308034360330603649e-07
6.070172140571957382e-07
5.809245758731540826e-07
5.507417435772484967e-07
5.172241541100510229e-07
4.817539405424570332e-07
4.471485542466600435e-07
4.158673281473685122e-07
3.896458869114819411e-07
3.691158835810055283e-07
3.522123837691107507e-07
3.370808919891923936e-07
3.213444610878985413e-07
3.043408047729336471e-07
2.857319215212738548e-07
2.671094106654073697e-07
2.501252338833519693e-07
2.357152969194332259e-07
2.236508502597005205e-07
2.127026154001316164e-07
2.017805768289736978e-07
1.905211156219217748e-07
1.795154057145631252e-07
1.694171278782660680e-07
1.605645640474851588e-07
1.524999903291640302e-07
1.446973150701103131e-07
1.371064226952428490e-07
1.299567557353829023e-07
1.233974898233365158e-07
1.173316297586175957e-07
1.116172993160979776e-07
1.061738037347534974e-07
1.010686358246188171e-07
9.631117498353617510e-08
9.183420391550916412e-08
8.761993244280607860e-08
8.364256090798470557e-08
7.991998852573401397e-08
7.639634290468557096e-08
7.307229923706618514e-08
6.992171199551340864e-08
6.694209532754873126e-08
6.412370949018342155e-08
6.144773605900029562e-08
5.891644276309246350e-08
5.650304687066893302e-08
5.421418819694456890e-08
5.202608257445739258e-08
4.994201616344190580e-08
4.794723197914246910e-08
4.603816537997767124e-08
4.420966635917860668e-08
4.245150362817892250e-08
4.076605918479487341e-08
3.914033590083930174e-08
3.757868421539616430e-08
3.606989081952985634e-08
3.461625707816592383e-08
3.321116011803520929e-08
3.185317042128075201e-08
3.054069694558231669e-08
2.926869732490749022e-08
2.803948997037509000e-08
2.684646062537286422e-08
2.569282791230307108e-08
2.457294730705082052e-08
2.348874513835464371e-08
2.243716485557796486e-08
2.141783485195830187e-08
2.043072098097132528e-08
1.947319806103203454e-08
1.854753370503835080e-08
1.764995403589304872e-08
1.678315325629502530e-08
1.594384577883626061e-08
1.513373891611245217e-08
1.435120537684885733e-08
1.359620407935743186e-08
1.286923235008942624e-08
1.216844478487952190e-08
1.149590093434456949e-08
1.084869242736679373e-08
1.022905264446091362e-08
9.634346872346748459e-09
9.065868129246688670e-09
8.522258571271780612e-09
8.003159041680039562e-09
7.508936598787483168e-09
7.037579862305997368e-09
6.590660302814737798e-09
6.165300429693866506e-09
5.763093353465184524e-09
5.381523865008231269e-09
5.021271404141654866e-09
4.680971650208656233e-09
4.359811193246233286e-09
4.057882321337664423e-09
3.773081521162271594e-09
3.506410352532467006e-09
3.255287392085869081e-09
3.020643611416810439e-09
2.800396284355805658e-09
2.594729645145839970e-09
2.402540837866383849e-09
2.222928399399100643e-09
2.055878811033782630e-09
1.899698243426884356e-09
1.754952413741181581e-09
1.619785860100825263e-09
1.494660365364453047e-09
1.378182307596581073e-09
1.270308533591674879e-09
1.170335768609288832e-09
1.077565318275231921e-09
9.919808385826383660e-10
9.124750013880638635e-10
8.393423845693040061e-10
7.714640864324911612e-10
7.090432017287458041e-10
6.512859887909550306e-10
5.980987251738910865e-10
5.491018752587097055e-10
5.038528028948356364e-10
4.623500175813580587e-10
4.239631736117969385e-10
3.888370081458110587e-10
3.563726013014280549e-10
3.266510838429394268e-10
2.992671158598449534e-10
2.741429957964273296e-10
2.510959820456087337e-10
2.298775708175467420e-10
2.104938136380770035e-10
1.926168759248335121e-10
1.763148424436959840e-10
1.612916283980584416e-10
1.475767449234162560e-10
1.349778300058470391e-10
1.234445665389962911e-10
1.128957789659994700e-10
1.032021932030378232e-10
9.437068193207480936e-11
8.624059463060345154e-11
7.884288534683575874e-11
7.203877014425437125e-11
6.583777508561744940e-11
6.015302235883828453e-11
5.495556164130753243e-11
5.021144353010551300e-11
4.585664247524498621e-11
4.189630819527570030e-11
3.825472856754926484e-11
3.494559067491910545e-11
3.190609548904380634e-11
2.913869385813586690e-11
2.660539953300512947e-11
2.429058808613206612e-11
2.218070481420061118e-11
2.024499638542912769e-11
1.848666570743393029e-11
1.687094361878028688e-11
1.540371227582197651e-11
1.405725932885269532e-11
1.283184610978244983e-11
1.171130249006256213e-11
1.068758492857533310e-11
9.755559616355423265e-12
8.900505794975395581e-12
8.124836294007569445e-12
7.411204567153460010e-12
6.764876659070734394e-12
6.068108340242413448e-12
4.681116854005124060e-12
1.975253001176194088e-12
1.801837587416618079e-12
2.747134465245076794e-13
1.686529748982901065e-14
0.000000000000000000e+00
0.000000000000000000e+00
0.000000000000000000e+00
0.000000000000000000e+00
0.000000000000000000e+00
0.000000000000000000e+00
0.000000000000000000e+00
0.000000000000000000e+00
0.000000000000000000e+00
0.000000000000000000e+00
0.000000000000000000e+00
0.000000000000000000e+00
0.000000000000000000e+00
0.000000000000000000e+00
0.000000000000000000e+00
0.000000000000000000e+00
0.000000000000000000e+00
0.000000000000000000e+00
0.000000000000000000e+00
0.000000000000000000e+00
0.000000000000000000e+00
0.000000000000000000e+00
0.000000000000000000e+00
0.000000000000000000e+00
0.000000000000000000e+00
0.000000000000000000e+00
0.000000000000000000e+00
0.000000000000000000e+00
0.000000000000000000e+00
0.000000000000000000e+00
0.000000000000000000e+00
0.000000000000000000e+00
0.000000000000000000e+00
0.000000000000000000e+00
