# bin_5_5
4.121832642252767872e-07
4.147917589896341684e-07
4.175022617380597985e-07
4.203187268896344481e-07
4.232452658213547308e-07
4.262861473774786847e-07
4.294457982917363860e-07
4.327288205138416240e-07
4.361399852389671436e-07
4.396842414447622924e-07
4.433667386236218712e-07
4.471928185908545303e-07
4.511680144195947954e-07
4.552980793529699321e-07
4.595889785541784524e-07
4.640469080194709944e-07
4.686782823597499807e-07
4.734897670585745934e-07
4.784882917681963480e-07
4.836810185623658078e-07
4.890753980612591348e-07
4.946791476176502404e-07
5.005002726832400115e-07
5.065470685116253682e-07
5.128281695500555683e-07
5.193524925836243242e-07
5.261293055077027941e-07
5.331682132942349253e-07
5.404791391698407797e-07
5.480724380736263932e-07
5.559587833648495316e-07
5.641492641995951708e-07
5.726553589622959102e-07
5.814889498526250589e-07
5.906623755607143267e-07
6.001884056425206149e-07
6.100802637756299446e-07
6.203515999912164801e-07
6.310166299724635408e-07
6.420900220798078427e-07
6.535869658681401812e-07
6.655231407175673508e-07
6.779148348855538079e-07
6.907788847016218190e-07
7.041326210896696849e-07
7.179940786478113890e-07
7.323818228620656539e-07
7.473150751902202794e-07
7.628136331749557499e-07
7.788980411855014404e-07
7.955894730949844614e-07
8.129096967553335843e-07
8.308813353889674934e-07
8.495276575882961806e-07
8.688725473004886426e-07
8.889408206077836485e-07
9.097579501357592545e-07
9.313500681143247982e-07
9.537442792752646114e-07
9.769683429240397435e-07
1.001050814311162763e-06
1.026021159702864334e-06
1.051909444262024132e-06
1.078746790256683221e-06
1.106565042954624716e-06
1.135396662205283865e-06
1.165275286462323304e-06
1.196235046536782513e-06
1.228311052975855035e-06
1.261539136450940219e-06
1.295955663054080469e-06
1.331598266356148286e-06
1.368504756898640758e-06
1.406714009125290902e-06
1.446265360643664727e-06
1.487198779236130175e-06
1.529554960382337571e-06
1.573374470248972181e-06
1.618699340700394177e-06
1.665570881562324975e-06
1.714031537357967525e-06
1.764123405966919728e-06
1.815888766731882379e-06
1.869369780291145459e-06
1.924608643523000362e-06
1.981646925667535313e-06
2.040525870639710432e-06
2.101286614821488595e-06
2.163968363385640189e-06
2.228611199224392796e-06
2.295251724168848894e-06
2.363927873566771059e-06
2.434673179085781958e-06
2.507522349717213496e-06
2.582505121353092981e-06
2.659651819780895295e-06
2.738987299779080298e-06
2.820536363354411944e-06
2.904317754481194026e-06
2.990349574126075801e-06
3.078643327618078026e-06
3.169209743214467427e-06
3.262051997149539334e-06
3.357171345194837423e-06
3.454558680972236660e-06
3.554202114281485183e-06
3.656082985547345525e-06
3.760186325968984793e-06
3.866483374429262951e-06
3.974928619525282822e-06
4.085439875127313079e-06
4.197938704812335803e-06
4.312418342939743495e-06
4.428932031372404709e-06
4.547436454112030446e-06
4.667514985226448576e-06
4.788374677795045573e-06
4.909422585896044852e-06
5.030834397651464388e-06
5.153541028734035410e-06
5.278309342115980982e-06
5.404989713140716927e-06
5.532799906676290661e-06
5.660895489526579554e-06
5.788882381493016480e-06
5.987534282815610046e-06
6.116525421751572762e-06
6.244955523853854153e-06
6.372429015339124120e-06
6.498577258233008819e-06
6.623052969186192374e-06
6.745493615431557640e-06
6.865512155845335388e-06
7.006333461339497886e-06
7.120603625414820810e-06
7.231113146035360384e-06
7.337383409822694832e-06
7.438906024311279402e-06
7.535152169126954044e-06
7.625544715991852480e-06
7.709501910332003022e-06
7.786448008379448082e-06
7.855877082638695151e-06
7.917245583234524845e-06
7.969764242222435093e-06
8.012481551188209490e-06
8.044763260234411882e-06
8.066951851731605174e-06
8.079847363948512671e-06
8.083596449040719546e-06
8.076589389072747678e-06
8.056060217120732518e-06
8.020237313342967059e-06
7.969407822534094174e-06
7.904623774663334943e-06
7.825648106843920840e-06
7.731271573899152683e-06
7.620801307055724317e-06
7.495552708089972519e-06
7.357735648078945604e-06
7.209318156706346657e-06
7.051094550378950740e-06
6.860411954861014444e-06
6.683722671255697890e-06
6.497930949899274135e-06
6.304008388829458340e-06
6.103414465447533393e-06
5.826268145398823325e-06
5.621291744318604229e-06
5.417172051610495539e-06
5.215969681507484690e-06
5.019752299159538300e-06
4.829961163347453090e-06
4.647905234953306078e-06
4.474734482214604321e-06
4.311827198415188166e-06
4.160634297795081694e-06
4.022266369485861369e-06
3.896425112683265176e-06
3.781901625003462693e-06
3.676601060355548129e-06
3.578642906036067432e-06
3.485826371353934614e-06
3.395759107191536759e-06
3.305465971127710825e-06
3.211864232329591917e-06
3.111619092637026164e-06
3.001991305840068985e-06
2.881106243374362436e-06
2.748588309634943181e-06
2.605929018130119428e-06
2.455574371381480066e-06
2.300942966628754749e-06
2.147091092896056284e-06
1.999763552968111042e-06
1.863778857274669399e-06
1.743930492145254514e-06
1.643211672319281008e-06
1.562279403124098363e-06
1.498452323149888922e-06
1.445803327570111501e-06
1.397391198915544360e-06
1.347013458782877282e-06
1.290377307396204442e-06
1.224156887177519532e-06
1.147659047300501910e-06
1.065573649607813936e-06
9.844257125888134090e-07
9.109467001228083768e-07
8.501202968838718462e-07
8.035464859651298543e-07
7.676453573251349342e-07
7.355354789297617438e-07
7.017976113157131218e-07
6.637382142343258608e-07
6.210292675790882995e-07
5.767411591104217929e-07
5.366744171397957296e-07
5.036283523267774443e-07
4.770380997855723176e-07
4.534116884284102763e-07
4.292340102796926885e-07
4.033964123509401299e-07
3.775147139967377030e-07
3.542504028257463358e-07
3.343479379108235349e-07
3.165476449391040942e-07
2.990330885255672446e-07
2.816344070901029311e-07
2.652038395651617918e-07
2.503691897691169879e-07
2.368930326495783567e-07
2.241018675451235624e-07
2.118362442631030747e-07
2.003410396262130093e-07
1.897498153112069514e-07
1.798515017453103563e-07
1.704936425003956618e-07
1.617344732147843475e-07
1.535726371496816289e-07
1.459140207399035142e-07
1.386924980780284786e-07
1.318983911859947733e-07
1.255102654043507637e-07
1.195081520852531342e-07
1.138669164594720523e-07
1.085596078501745439e-07
1.035593949052499660e-07
9.884200636758564522e-08
9.438706553054317042e-08
9.017196432455358784e-08
8.618187929933869884e-08
8.239767629188503602e-08
7.880535997041552691e-08
7.539073713621442761e-08
7.214116517842002610e-08
6.904460446317802378e-08
6.609027334367526966e-08
6.326921815269376149e-08
6.057101073681298692e-08
5.798920081163147146e-08
5.551509439541214013e-08
5.314237219488976076e-08
5.086468824744196041e-08
4.867638033765440535e-08
4.657207167577117155e-08
4.454685145441894599e-08
4.259690338495553665e-08
4.071740056352327247e-08
3.890571076308893615e-08
3.715804109134499664e-08
3.547185719731815711e-08
3.384470070138003359e-08
3.227441631894137099e-08
3.075893897529689431e-08
2.929625134467343626e-08
2.788501970452076295e-08
2.652311339622579829e-08
2.520967583050964498e-08
2.394312070291511202e-08
2.272246253675160825e-08
2.154669829307366179e-08
2.041490276176016153e-08
1.932614877429001715e-08
1.827935813865802232e-08
1.727394588641044889e-08
1.630863198150786701e-08
1.538299510692589023e-08
1.449610144198164497e-08
1.364732402790365791e-08
1.283596362810787505e-08
1.206129631335377692e-08
1.132255229322254472e-08
1.061871607643181893e-08
9.949181924897384067e-09
9.312715400117418966e-09
8.708705203432026054e-09
8.136138598814268395e-09
7.594159184568309900e-09
7.081830298035177863e-09
6.598199301674129609e-09
6.142298494177175933e-09
5.712939744516701864e-09
5.309311206779319712e-09
4.930095945653663964e-09
4.574433634356609461e-09
4.241182863618459353e-09
3.929314413413759447e-09
3.637769270539061814e-09
3.365537320605667017e-09
3.111646355570815936e-09
2.874991419610147640e-09
2.654788390237266165e-09
2.449930104963207822e-09
2.259630454022969460e-09
2.082968528328980765e-09
1.919113428478800151e-09
1.767241000952040732e-09
1.626592988152973052e-09
1.496466007047783412e-09
1.376084270342117419e-09
1.264899307958340480e-09
1.162185194121368851e-09
1.067410831542202683e-09
9.799974787814968558e-10
8.994242293125187222e-10
8.251846769334607313e-10
7.568198497933058995e-10
6.939169550656534283e-10
6.360224418187604292e-10
5.828202141431236922e-10
5.339048066944244652e-10
4.889741166378946922e-10
4.477136528393043523e-10
4.098405642115719073e-10
3.750830964150385856e-10
3.431962190839433578e-10
3.139650422469237752e-10
2.871524636996221939e-10
2.625952276151657631e-10
2.400880122669307290e-10
2.194754464742210125e-10
2.006006852004143452e-10
1.833228518958563438e-10
1.675075623373862147e-10
1.530335331508716734e-10
1.397967863188510269e-10
1.276817186365113860e-10
1.166093944817724237e-10
1.064821503282857197e-10
9.722498442413913007e-11
8.876372058571377141e-11
8.103195561502227995e-11
7.396658740078688654e-11
6.751032290283617969e-11
6.161514207836586649e-11
5.622705148639250741e-11
5.130931442634364114e-11
4.681719858492222740e-11
4.271582480589228133e-11
3.897115135745485175e-11
3.555292621102105588e-11
3.243245059748338452e-11
2.958343120862694406e-11
2.698435373294679720e-11
2.461077018685109323e-11
2.244608512184224624e-11
2.047046633444510206e-11
1.866820098969796361e-11
1.702401170859262503e-11
1.552448554064168697e-11
1.415712899454647871e-11
1.290965572543613875e-11
1.158371987396029190e-11
9.574570510053318047e-12
6.863078437663692683e-12
1.965469274515604255e-12
4.942730954310353178e-13
2.843454730292726189e-15
1.585044001104857221e-17
0.000000000000000000e+00
0.000000000000000000e+00
0.000000000000000000e+00
0.000000000000000000e+00
0.000000000000000000e+00
0.000000000000000000e+00
0.000000000000000000e+00
0.000000000000000000e+00
0.000000000000000000e+00
0.000000000000000000e+00
0.000000000000000000e+00
0.000000000000000000e+00
0.000000000000000000e+00
0.000000000000000000e+00
0.000000000000000000e+00
0.000000000000000000e+00
0.000000000000000000e+00
0.000000000000000000e+00
0.000000000000000000e+00
0.000000000000000000e+00
