# bin_3_1
2.102785392750982446e-12
2.115928956911617116e-12
2.129583885745764513e-12
2.143769718131295460e-12
2.158506296222064742e-12
2.173814336449782013e-12
2.189715788636176672e-12
2.206233443843871822e-12
2.223390968237167240e-12
2.241212938770722267e-12
2.259724880757693218e-12
2.278953174513623367e-12
2.298924627271529956e-12
2.319666098913273417e-12
2.341206704353390162e-12
2.363576945336358300e-12
2.386808505139136172e-12
2.410934300782567956e-12
2.435988340162045181e-12
2.462004512302347041e-12
2.489016792689037666e-12
2.517062768737414943e-12
2.546181716015048821e-12
2.576414466168541650e-12
2.607803030501401332e-12
2.640387834722937573e-12
2.674210855142658061e-12
2.709318864075289302e-12
2.745760564941087664e-12
2.783586164096488938e-12
2.822842855193444333e-12
2.863579566922364384e-12
2.905852042525659149e-12
2.949718400048247855e-12
2.995235967441110236e-12
3.042456640691304426e-12
3.091442531938977685e-12
3.142260318730947345e-12
3.194976038324297919e-12
3.249646613115784727e-12
3.306342195134726679e-12
3.365139231799399891e-12
3.426108919858022780e-12
3.489314409388748266e-12
3.554838302040034645e-12
3.622766553734146073e-12
3.693165816357285883e-12
3.766117429125145513e-12
3.841717693941788362e-12
3.920045457375716523e-12
4.001177394793730309e-12
4.085219321071704982e-12
4.172259923523187149e-12
4.262374655126711956e-12
4.355678642922050469e-12
4.452264208964857317e-12
4.552209693499625264e-12
4.655641058393954955e-12
4.762643803914849709e-12
4.873307991945066271e-12
4.987768042895780661e-12
5.106091065281552242e-12
5.228394215472537456e-12
5.354800764214158749e-12
5.485370440860529010e-12
5.620250979415625178e-12
5.759518203742994948e-12
5.903269343840236168e-12
6.051642488565507657e-12
6.204677130351291219e-12
6.362529347313673587e-12
6.525248771138356170e-12
6.692941147599904566e-12
6.865716211714826052e-12
7.043603769602592537e-12
7.226755572225237242e-12
7.415163192060770473e-12
7.608968959532971650e-12
7.808173570302255391e-12
8.012867070406229742e-12
8.223092916072332873e-12
8.438859051756617498e-12
8.660245036949287081e-12
8.887187065968677431e-12
9.119762103417081402e-12
9.357879272770342830e-12
9.601676142647643230e-12
9.850991388201434019e-12
1.010580859227830789e-11
1.036595140394049403e-11
1.063120895215838210e-11
1.090147509653348892e-11
1.117752797213239340e-11
1.145911317850223692e-11
1.174561056096573869e-11
1.203525226835421905e-11
1.232472664549016992e-11
1.261479223383051845e-11
1.290792834484815291e-11
1.320559682433201528e-11
1.350814846994591220e-11
1.381493544029589298e-11
1.412546640712284330e-11
1.443811288271166208e-11
1.475198200645995207e-11
1.506629500529948736e-11
1.538051108338945447e-11
1.569367540948643200e-11
1.600540279004733100e-11
1.631505993848742113e-11
1.662163005697202968e-11
1.692433964547243738e-11
1.722217292967879162e-11
1.751429898052148594e-11
1.779954771156862807e-11
1.807706172128834033e-11
1.834546899525767501e-11
1.860385152182935715e-11
1.885072959903826295e-11
1.908501402024948436e-11
1.930504038447091077e-11
1.950967887295664607e-11
1.969739330037569654e-11
1.986702756015907343e-11
2.001757395523612371e-11
2.014533838912255248e-11
2.024975287683876905e-11
2.032903154297729552e-11
2.038566987538789504e-11
2.041949554626636545e-11
2.043012368660946242e-11
2.041134342990575911e-11
2.035919423996514548e-11
2.027281906423680778e-11
2.015263236424773578e-11
1.999733066500015860e-11
1.980428210761674260e-11
1.957295560096924254e-11
1.930252228016165562e-11
1.899948777754354624e-11
1.866224550742967547e-11
1.829846103799157930e-11
1.790679493147432316e-11
1.749245007404339055e-11
1.705281108447539928e-11
1.659139734543910528e-11
1.611012556053237401e-11
1.560973708711209795e-11
1.509788336596059148e-11
1.457830465585282472e-11
1.405961845671969272e-11
1.354392372867023111e-11
1.304048725245587938e-11
1.254995268754766648e-11
1.207850638428097932e-11
1.162719985052929249e-11
1.120115542311901198e-11
1.080327356656864608e-11
1.043715849876915148e-11
1.009957348729207630e-11
9.793211893390882155e-12
9.507844147394483638e-12
9.247714927660639767e-12
8.998592605594104359e-12
8.761725050576542905e-12
8.526478567984061466e-12
8.285457981007196200e-12
8.032781379513654006e-12
7.761099167669134083e-12
7.462751667075669953e-12
7.139906767118623299e-12
6.794010021457459744e-12
6.425229927622780538e-12
6.043365711921116425e-12
5.663383292136381994e-12
5.289998590208966291e-12
4.940740821753957363e-12
4.624128484544714643e-12
4.352776154142322352e-12
4.122337603485550694e-12
3.939335005118374310e-12
3.782408639494566976e-12
3.644083507682945577e-12
3.511402964883500191e-12
3.372040941113470625e-12
3.211447272407628133e-12
3.032940103752528938e-12
2.841542890750909955e-12
2.647257784554184167e-12
2.463679779925684985e-12
2.301237191073238482e-12
2.173149874369644160e-12
2.062838216099411712e-12
1.967309814095340917e-12
1.880291785577265599e-12
1.785995515835657416e-12
1.684591610241324284e-12
1.581414098729131468e-12
1.485178231097177501e-12
1.397866360504187767e-12
1.323408845141646008e-12
1.256192290851452538e-12
1.192064330096087234e-12
1.128508489251377576e-12
1.066619766107144837e-12
1.009730429378865379e-12
9.569584813353655294e-13
9.080347338565878012e-13
8.615929588388272815e-13
8.182040753869631250e-13
7.774091055751022128e-13
7.392905392995983489e-13
7.033379794518138120e-13
6.693812901182744873e-13
6.377226744133740131e-13
6.081979823537155321e-13
5.803952513474117009e-13
5.537932841254314542e-13
5.291095492981551196e-13
5.058719451471869715e-13
4.839391322169274447e-13
4.631635120053272383e-13
4.435575805772598213e-13
4.250464390450706477e-13
4.074002749129305749e-13
3.907639784751756005e-13
3.748683944268421809e-13
3.598556925669843841e-13
3.454939259299262179e-13
3.318544249269777076e-13
3.188137282800865330e-13
3.063357492981402851e-13
2.944177474727067393e-13
2.829394665772255911e-13
2.719712406796184678e-13
2.613697457193235513e-13
2.512124939599778321e-13
2.413856843751603239e-13
2.319284224573967456e-13
2.227871594924978444e-13
2.139437568688840919e-13
2.054066606465327282e-13
1.971137734588257123e-13
1.891103513311288534e-13
1.813227483650784796e-13
1.737983316872190230e-13
1.664798909865423754e-13
1.593920165524653997e-13
1.525114840237091792e-13
1.458285273662343571e-13
1.393559048110677858e-13
1.330576619444727447e-13
1.269678949728548745e-13
1.210436550527595593e-13
1.153191999910538125e-13
1.097616759640252341e-13
1.043892234142390577e-13
9.919114620314569335e-14
9.416038616550423549e-14
8.931120816149240841e-14
8.461722917299522473e-14
8.010729857790257914e-14
7.574928725083025363e-14
7.157091554284684185e-14
6.754742381222985884e-14
6.369223670626274380e-14
5.999831136803147279e-14
5.645688011756471069e-14
5.308144162705268971e-14
4.984640678045845157e-14
4.677618628798868316e-14
4.384037779129492686e-14
4.106092221245586938e-14
3.841478009915208002e-14
3.591009078580843449e-14
3.354018239236873019e-14
3.129377045946097252e-14
2.918152423325678400e-14
2.717870991171953794e-14
2.530380625470602976e-14
2.352965153933987308e-14
2.187141820001425891e-14
2.030970963488576988e-14
1.884801835444344368e-14
1.748082413299684469e-14
1.619723059185491945e-14
1.500454396919734342e-14
1.388330532243087451e-14
1.284558744844833211e-14
1.187172810689907187e-14
1.097068226040212954e-14
1.012935184073108323e-14
9.348509672393232988e-15
8.624755547240215248e-15
7.949945521083008750e-15
7.328627060843620342e-15
6.748127946202409242e-15
6.215411778977450324e-15
5.718515747829068651e-15
5.262084829579124980e-15
4.838654807037894913e-15
4.447926457312595763e-15
4.088229643394207201e-15
3.754423075512306205e-15
3.449126875379951177e-15
3.165104330871839711e-15
2.906016711697930443e-15
2.665405781181003688e-15
2.445457971321302251e-15
2.242385954983164206e-15
2.055680960943223365e-15
1.884661571565097920e-15
1.726422457013710352e-15
1.582380716315536155e-15
1.448757177449422196e-15
1.327352022824330689e-15
1.214953010177993054e-15
1.112515252396702459e-15
1.018266899906398739e-15
9.317944442842788160e-16
8.528714201030535672e-16
7.799733354089001555e-16
7.138294303463653639e-16
6.525824748036544868e-16
5.970761313429583214e-16
5.457997371966511929e-16
4.991459159407909611e-16
4.563321725059524142e-16
4.170888462946346373e-16
3.813644494396808119e-16
3.483977481505014694e-16
3.185500568610111384e-16
2.909450990377091283e-16
2.659649600070795149e-16
2.429256380684970307e-16
2.219798210727443032e-16
2.027961316682838988e-16
1.852168419125304834e-16
1.692447471477478427e-16
1.545117155026441552e-16
1.411916571418131996e-16
1.288818849049843088e-16
1.177510960703182331e-16
1.074973745892054175e-16
9.817657545242532490e-17
8.965281840682170252e-17
8.184006789113370655e-17
7.475169864776170051e-17
6.821410849060115163e-17
6.230929809927155938e-17
5.685590191731900950e-17
5.192687471490266336e-17
4.739174657224772424e-17
4.327422265128167025e-17
3.950522733075176900e-17
3.605242423757318527e-17
1.654257402840846246e-17
1.509367071237065696e-17
7.131697821167400396e-18
0.000000000000000000e+00
0.000000000000000000e+00
0.000000000000000000e+00
0.000000000000000000e+00
0.000000000000000000e+00
0.000000000000000000e+00
0.000000000000000000e+00
0.000000000000000000e+00
0.000000000000000000e+00
0.000000000000000000e+00
0.000000000000000000e+00
0.000000000000000000e+00
0.000000000000000000e+00
0.000000000000000000e+00
0.000000000000000000e+00
0.000000000000000000e+00
0.000000000000000000e+00
0.000000000000000000e+00
0.000000000000000000e+00
0.000000000000000000e+00
0.000000000000000000e+00
0.000000000000000000e+00
0.000000000000000000e+00
0.000000000000000000e+00
0.000000000000000000e+00
0.000000000000000000e+00
0.000000000000000000e+00
0.000000000000000000e+00
0.000000000000000000e+00
0.000000000000000000e+00
0.000000000000000000e+00
0.000000000000000000e+00
0.000000000000000000e+00
0.000000000000000000e+00
0.000000000000000000e+00
0.000000000000000000e+00
0.000000000000000000e+00
0.000000000000000000e+00
0.000000000000000000e+00
0.000000000000000000e+00
0.000000000000000000e+00
