# bin_5_3
6.590040206450999614e-12
6.631682067002195693e-12
6.674950865818975815e-12
6.719909752168589732e-12
6.766624303015292404e-12
6.815162420352160590e-12
6.865594699453611983e-12
6.917994558433358670e-12
6.972438240324852808e-12
7.029004381015173545e-12
7.087773694321139244e-12
7.148831258263331420e-12
7.212265502216542887e-12
7.278168044054495924e-12
7.346633782953322533e-12
7.417761679163637693e-12
7.491654337968869610e-12
7.568415668112374105e-12
7.648155148675277140e-12
7.730987439383178945e-12
7.817030917922071965e-12
7.906408690206541510e-12
7.999249017042808579e-12
8.095680870186469805e-12
8.195839708992499120e-12
8.299868435930762608e-12
8.407914159389396037e-12
8.520130820202574225e-12
8.636674489819253241e-12
8.757704420750271819e-12
8.883392036365804256e-12
9.013913544419526506e-12
9.149453576038101166e-12
9.290193727531097296e-12
9.436327669866553380e-12
9.588059336591155358e-12
9.745601083559393367e-12
9.909164082204831271e-12
1.007896632751704529e-11
1.025524308673881410e-11
1.043823899219343085e-11
1.062819164990152786e-11
1.082535374676994963e-11
1.102999484893716976e-11
1.124239336603030794e-11
1.146281301530544588e-11
1.169155171050814341e-11
1.192892010999200705e-11
1.217521170361430465e-11
1.243074517588313219e-11
1.269586367081105851e-11
1.297089700926522811e-11
1.325618415536489043e-11
1.355210442510977280e-11
1.385901946462610312e-11
1.417729680974020515e-11
1.450735527529736758e-11
1.484957739438642029e-11
1.520437276633882259e-11
1.557219884260102974e-11
1.595345060485844410e-11
1.634859278205352408e-11
1.675810856740451738e-11
1.718241525008679165e-11
1.762204136109216271e-11
1.807745306341241579e-11
1.854914158590061475e-11
1.903767079374606146e-11
1.954348681598124347e-11
2.006718732723476001e-11
2.060927181310970777e-11
2.117028539582936144e-11
2.175083879596787454e-11
2.235140029537161068e-11
2.297264764006705457e-11
2.361504385729393820e-11
2.427925096137486889e-11
2.496580129142028079e-11
2.567526827389570593e-11
2.640829584345076125e-11
2.716534491558293188e-11
2.794713804123250114e-11
2.875406595352385783e-11
2.958687668034567949e-11
3.044592615173591394e-11
3.133193539735549313e-11
3.224525296184642821e-11
3.318652747503987604e-11
3.415612108509129235e-11
3.515457468662727841e-11
3.618227191942530368e-11
3.723961789692037548e-11
3.832700572546936788e-11
3.944469081857816806e-11
4.059304914797412129e-11
4.177218856066785747e-11
4.298242654132529540e-11
4.422374496935218322e-11
4.549639203548082278e-11
4.680017281079112574e-11
4.813518346575194674e-11
4.950102761469708238e-11
5.089754756163883305e-11
5.232454356996980156e-11
5.378206865469575983e-11
5.526892616853244106e-11
5.678418927916540266e-11
5.832620950143420824e-11
5.989359869730328703e-11
6.149151874844977809e-11
6.312007556726542834e-11
6.477128543317048392e-11
6.643100348758675699e-11
6.807710330245315019e-11
6.972492070178317495e-11
7.139860368288887605e-11
7.311122524234081942e-11
7.485701798118016573e-11
7.661166511630020390e-11
7.836876481115732969e-11
8.012005632797885480e-11
8.186914179063891301e-11
8.361698228932349979e-11
8.535669636846305003e-11
8.708284675543347318e-11
8.879093381112314996e-11
9.047607546234312623e-11
9.213385723512458304e-11
9.375866286377592075e-11
9.534504875968737592e-11
9.688641459967669433e-11
9.837736409361103861e-11
9.981035216276087687e-11
1.011797105907919942e-10
1.024771452283296026e-10
1.036961043955608978e-10
1.048266982697065896e-10
1.058628192879577809e-10
1.067961385891407044e-10
1.076210908219090630e-10
1.083323304829826849e-10
1.089026167091416851e-10
1.093294590431188089e-10
1.096128845312532790e-10
1.097763799935172939e-10
1.098303816539533960e-10
1.097480830082333882e-10
1.094705869651442058e-10
1.089663588704546994e-10
1.082609814580731073e-10
1.073746774989949130e-10
1.063121483933393658e-10
1.050251522162241504e-10
1.035149790724964465e-10
1.017895008252158522e-10
9.991125386797895702e-11
9.788708598189204259e-11
9.573868986571821704e-11
9.345923372221029050e-11
9.105198236099934420e-11
8.851111303311113781e-11
8.586339327221568057e-11
8.312635274240319696e-11
8.030512707280072453e-11
7.747470635515534125e-11
7.464269290385427446e-11
7.186485684458698358e-11
6.914971558428248814e-11
6.652811753352148547e-11
6.401239130764175418e-11
6.161918277751322064e-11
5.935972385370475741e-11
5.727097831220712982e-11
5.535571568183551630e-11
5.363528749507183757e-11
5.205613357782212769e-11
5.061840785744275038e-11
4.926895698121775954e-11
4.800652871141184863e-11
4.677049409992082463e-11
4.554777224939160097e-11
4.427342323238104290e-11
4.290386860389927026e-11
4.141357555489191381e-11
3.975528491537183560e-11
3.791787029950118913e-11
3.595503150291006883e-11
3.388024314486367049e-11
3.171638110840534696e-11
2.958882825810921853e-11
2.753115814896710883e-11
2.564385453165864501e-11
2.397592744119528655e-11
2.257552265342310262e-11
2.148704515372721792e-11
2.061723301731073614e-11
1.995073498476805448e-11
1.930206672937895249e-11
1.862004619427661803e-11
1.788643924968520955e-11
1.696921741818360240e-11
1.590650312382447286e-11
1.474052141652293544e-11
1.359875280754295579e-11
1.257093541964838007e-11
1.170869247318312331e-11
1.109737426746671717e-11
1.065351841928440121e-11
1.021986138974809195e-11
9.768699325993408556e-12
9.272725608630185857e-12
8.645671810328798810e-12
8.018875780072770573e-12
7.448709439382229443e-12
7.003840886639741331e-12
6.659654712046692196e-12
6.355010978268935544e-12
6.031267355271415746e-12
5.661255898000386298e-12
5.292995645918402553e-12
4.964356975944760150e-12
4.708731423876663975e-12
4.472598153277152149e-12
4.231735164410374367e-12
3.986101903572219901e-12
3.756339359551508812e-12
3.556873977174183092e-12
3.375336062375905322e-12
3.200175869498754399e-12
3.027541019506109546e-12
2.869266437083939778e-12
2.726032502403091427e-12
2.589278388449400918e-12
2.458985221112985684e-12
2.338097219532403922e-12
2.225810937454871320e-12
2.119273347066796173e-12
2.019114805460649990e-12
1.924340010807251480e-12
1.835416335967981307e-12
1.751455690179274986e-12
1.672485695795895549e-12
1.597987768172921226e-12
1.527466657034192910e-12
1.460931115029354283e-12
1.397649121314149941e-12
1.337854364333444105e-12
1.280817499248561707e-12
1.226748309975902015e-12
1.175115967920939693e-12
1.125932311050003834e-12
1.078967469169388597e-12
1.033985527497379601e-12
9.910293697239673141e-13
9.497336762323726266e-13
9.102437241946157747e-13
8.722008954931229659e-13
8.357272258898185694e-13
8.005724729816637610e-13
7.667453335380822156e-13
7.341574946518174475e-13
7.026836075734632846e-13
6.723759363965693216e-13
6.430402595386581716e-13
6.147779495885968551e-13
5.874014953039691002e-13
5.609931498318644500e-13
5.354333589007425713e-13
5.107345477806989401e-13
4.868737494860654439e-13
4.637802052208656307e-13
4.415097353358518202e-13
4.199480154683220848e-13
3.991757035241414189e-13
3.790825688450072821e-13
3.597323237249307239e-13
3.410606735833711581e-13
3.230765735429732159e-13
3.057812941216099564e-13
2.891215774383862583e-13
2.731499019100073359e-13
2.577797926442416989e-13
2.430771203010268210e-13
2.289586822776543891e-13
2.154732041587275418e-13
2.025737159237551436e-13
1.902590701541413938e-13
1.785340745021147208e-13
1.673464125667211868e-13
1.567384853085549893e-13
1.466320781674439381e-13
1.370771718478827645e-13
1.280000158602508112e-13
1.194324198203051301e-13
1.113314003950976942e-13
1.036848555011723668e-13
9.649315984159192121e-14
8.970565869339233004e-14
8.335082029179151745e-14
7.736126029870759487e-14
7.176965413899600946e-14
6.651508488936721679e-14
6.161380594080261386e-14
5.703020206006674640e-14
5.274824992744256382e-14
4.876547824246526928e-14
4.504141531584308858e-14
4.159236339082809080e-14
3.836971328509869778e-14
3.539163167122863436e-14
3.261661731113442218e-14
3.005129159540937519e-14
2.767233340962125676e-14
2.546658403795126572e-14
2.343199092064350124e-14
2.154212818587998063e-14
1.980557437956716276e-14
1.819289625358005919e-14
1.671314900914870707e-14
1.534248499291883886e-14
1.408300375888540461e-14
1.292196316248820778e-14
1.185079330190608243e-14
1.086853193188114569e-14
9.960164715674176755e-15
9.130007041829182235e-15
8.362258484378172306e-15
7.661126069483578348e-15
7.014369445399067897e-15
6.422354131882032762e-15
5.878894276116926445e-15
5.379074296033213011e-15
4.922604880125532094e-15
4.501677737042758300e-15
4.118393352157309396e-15
3.764903872780200824e-15
3.443067012078748179e-15
3.147046296823572684e-15
2.876696654765998805e-15
2.629249441703681577e-15
2.402096441662837904e-15
2.195220640395709281e-15
2.004789443427799510e-15
1.831798212392060786e-15
1.672544509637679079e-15
1.527817642242854493e-15
1.394970350207810419e-15
1.273787849551757134e-15
1.163104116865537076e-15
1.061602612287398295e-15
9.693378588961971072e-16
8.844982607126683736e-16
8.075458885328143932e-16
7.367904172572345756e-16
6.725556151122514828e-16
6.136789620455403230e-16
5.599945060703537229e-16
5.110341074493489109e-16
4.661546877205323136e-16
4.254090784576630012e-16
3.879632866018361024e-16
3.540277159563819015e-16
3.228505264910949378e-16
2.945614197745323009e-16
2.686638211716520738e-16
2.450527467420304505e-16
2.235482432956981350e-16
2.038433155579499979e-16
1.859853504322410882e-16
1.696080108566626099e-16
1.526188586239538436e-16
1.389149333458136279e-16
0.000000000000000000e+00
0.000000000000000000e+00
0.000000000000000000e+00
0.000000000000000000e+00
0.000000000000000000e+00
0.000000000000000000e+00
0.000000000000000000e+00
0.000000000000000000e+00
0.000000000000000000e+00
0.000000000000000000e+00
0.000000000000000000e+00
0.000000000000000000e+00
0.000000000000000000e+00
0.000000000000000000e+00
0.000000000000000000e+00
0.000000000000000000e+00
0.000000000000000000e+00
0.000000000000000000e+00
0.000000000000000000e+00
0.000000000000000000e+00
0.000000000000000000e+00
0.000000000000000000e+00
0.000000000000000000e+00
0.000000000000000000e+00
0.000000000000000000e+00
0.000000000000000000e+00
0.000000000000000000e+00
0.000000000000000000e+00
