# bin_5_4
8.496165691041967806e-08
8.549900410612701264e-08
8.605735834557328522e-08
8.663753539527139764e-08
8.724038000049700422e-08
8.786676767290292201e-08
8.851761091149282987e-08
8.919385794768450445e-08
8.989649128786833673e-08
9.062652796003495059e-08
9.138502421535505810e-08
9.217308095433821761e-08
9.299183995162812397e-08
9.384247790182905445e-08
9.472622182497543338e-08
9.564434969744726105e-08
9.659818181715923070e-08
9.758908214425973723e-08
9.861847705923272273e-08
9.968784500652840643e-08
1.007987049822431091e-07
1.019526496290254970e-07
1.031513286238083000e-07
1.043964370362562139e-07
1.056897515813601622e-07
1.070331076915913708e-07
1.084283945975405537e-07
1.098775988881937561e-07
1.113827511618065819e-07
1.129459718748845404e-07
1.145694595856755936e-07
1.162554722527789664e-07
1.180063850198666002e-07
1.198246143486397193e-07
1.217127092978406361e-07
1.236732598137646015e-07
1.257089995703608853e-07
1.278227103072255462e-07
1.300173158348737595e-07
1.322957904906476346e-07
1.346612727291116917e-07
1.371169437752185041e-07
1.396661605097352686e-07
1.423123213973307516e-07
1.450590119769371384e-07
1.479098862504261005e-07
1.508687296098078663e-07
1.539394875004981160e-07
1.571261676709200246e-07
1.604329840797038014e-07
1.638642292543748476e-07
1.674243356224417131e-07
1.711179277840738723e-07
1.749497016275934341e-07
1.789245218146340217e-07
1.830474433467191497e-07
1.873236079893849016e-07
1.917583124609598918e-07
1.963570611873022240e-07
2.011254831816829832e-07
2.060693333819824587e-07
2.111945285908256387e-07
2.165072161428530963e-07
2.220136392621978902e-07
2.277201673682069168e-07
2.336333617896003259e-07
2.397599511691319971e-07
2.461068237995078753e-07
2.526809807450314578e-07
2.594895481557082182e-07
2.665398400178360837e-07
2.738392742798015937e-07
2.813954526962293566e-07
2.892160379671615048e-07
2.973087961234172864e-07
3.056816123836694953e-07
3.143424119958928520e-07
3.232992809248251664e-07
3.325602635448429939e-07
3.421335529919651825e-07
3.520272678972869309e-07
3.622495482802237042e-07
3.728084955923793286e-07
3.837121569503825856e-07
3.949685343705457048e-07
4.065854656700521397e-07
4.185707520969159184e-07
4.309318924068162024e-07
4.436763307315845680e-07
4.568110753843766238e-07
4.703430635005113006e-07
4.842786660675074383e-07
4.986241491400538437e-07
5.133850463923724443e-07
5.285667299160873286e-07
5.441736824890674509e-07
5.602101309952649374e-07
5.766793113476474563e-07
5.935840572081078407e-07
6.109262089228221078e-07
6.287071424434143150e-07
6.469268592248339089e-07
6.655844740363716328e-07
6.846774089862847219e-07
7.042024320507437325e-07
7.241564143811256071e-07
7.445363400714002517e-07
7.653330733983998440e-07
7.865319596043579038e-07
8.081160537440713695e-07
8.300755156321592325e-07
8.524291275357566773e-07
8.751882308859189349e-07
8.982811795327319053e-07
9.215550313023748033e-07
9.448337871669895778e-07
9.681199086635195534e-07
9.916352938770276307e-07
1.015570839464250348e-06
1.039931476979431849e-06
1.064541836729723402e-06
1.089223640759762803e-06
1.113886025454575965e-06
1.138502444036369221e-06
1.163077213474564355e-06
1.187561605720599754e-06
1.211878782197671972e-06
1.235959265246448939e-06
1.259736644735315156e-06
1.283143680656600349e-06
1.306108220841918816e-06
1.328550800520623836e-06
1.350387724888694858e-06
1.371532400259663374e-06
1.391894031352273819e-06
1.411377998611230165e-06
1.429884807515959436e-06
1.447308018101246660e-06
1.463532987495939232e-06
1.478452471124971000e-06
1.491964347442139783e-06
1.503974691547929636e-06
1.514363277215236305e-06
1.522920601549917444e-06
1.529485767110265548e-06
1.534091466269083328e-06
1.536899537154319416e-06
1.538042502356691871e-06
1.537289189722698615e-06
1.534063309491223469e-06
1.527900151728617988e-06
1.518838350684610314e-06
1.507129389829456514e-06
1.492805925244424194e-06
1.475596071868718625e-06
1.455274953175012625e-06
1.432027159890015591e-06
1.406308424521458521e-06
1.378525942247990594e-06
1.348870975606630145e-06
1.317406280927047062e-06
1.284129508022956089e-06
1.249056065579352333e-06
1.212379711671318945e-06
1.174370722679187253e-06
1.135301633052260718e-06
1.095714198806669700e-06
1.056152805300680763e-06
1.017075128833347814e-06
9.788751513961289610e-07
9.418555446737318329e-07
9.062736769387741547e-07
8.723476297167378673e-07
8.403060515909708179e-07
8.104708399313401516e-07
7.830891789250583292e-07
7.582163824507594098e-07
7.355998877575615019e-07
7.148801515969273301e-07
6.956465438321905133e-07
6.775481574532786310e-07
6.600836673453634762e-07
6.427723617253495897e-07
6.249867961540815510e-07
6.060422784193533570e-07
5.854461286763215842e-07
5.627196878832546984e-07
5.376517527997489769e-07
5.105775018637913328e-07
4.818879376435892553e-07
4.520688584268833609e-07
4.221828594775635092e-07
3.932814045834964824e-07
3.663099276897477193e-07
3.422603364984778804e-07
3.217994864657048269e-07
3.053139966200116156e-07
2.922910150513320046e-07
2.818692119701134176e-07
2.725276462217501583e-07
2.630040951885904474e-07
2.525867319204579594e-07
2.403625630924927117e-07
2.260091456823771197e-07
2.102406003795084149e-07
1.943163984631068123e-07
1.796137241772372643e-07
1.671109939663607728e-07
1.575004316404775070e-07
1.503694475214892491e-07
1.441487504458088677e-07
1.377983933503379062e-07
1.308008661652990865e-07
1.226746722071119497e-07
1.140137383341920784e-07
1.059449932440933634e-07
9.922424939435766115e-08
9.390641187158691295e-08
8.934905508064612856e-08
8.479286356234799569e-08
7.983155558967607827e-08
7.473659938216618203e-08
7.006194757405244150e-08
6.612479069884348501e-08
6.266623710777656442e-08
5.928701969639770926e-08
5.589301224039297321e-08
5.264008223222436587e-08
4.971023953385206384e-08
4.707391415812362180e-08
4.458306289452909174e-08
4.217339620110633794e-08
3.990701830523653517e-08
3.783021888101073949e-08
3.588936887453236436e-08
3.404743794140265882e-08
3.232299983967847186e-08
3.071773497630790190e-08
2.921093964046080835e-08
2.778982072106779070e-08
2.645119257680370324e-08
2.519159121784822852e-08
2.400658200169021811e-08
2.289189157383156491e-08
2.184205117949854797e-08
2.085228712016392130e-08
1.991766253741547687e-08
1.903411867830104747e-08
1.819760181581649470e-08
1.740457196214021656e-08
1.665182475501839430e-08
1.593620150659922139e-08
1.525522145052081796e-08
1.460626291795537099e-08
1.398721727962769251e-08
1.339592353890558985e-08
1.283057224062804963e-08
1.228935724078425237e-08
1.177067259283902118e-08
1.127311270447496005e-08
1.079525928866561555e-08
1.033603211248770353e-08
9.894265008732386138e-09
9.469038297886435334e-09
9.059400707229018177e-09
8.664563093159459387e-09
8.283736781077590418e-09
7.916210547648684178e-09
7.561408754844313220e-09
7.218749147002694769e-09
6.887842082993488706e-09
6.568242290815097284e-09
6.259613099918167242e-09
5.961590124454215815e-09
5.673871437619763567e-09
5.396148833518328138e-09
5.128125994626864820e-09
4.869597958975301714e-09
4.620328830838642304e-09
4.380184258419081679e-09
4.148973021476695863e-09
3.926547794011332278e-09
3.712731383124898728e-09
3.507362122443276160e-09
3.310266614448485083e-09
3.121254984776778206e-09
2.940208691913341011e-09
2.766966559903749253e-09
2.601425122281450111e-09
2.443423350137366222e-09
2.292815927791093391e-09
2.149426027354809563e-09
2.013075569440961310e-09
1.883574694751906891e-09
1.760704776942225664e-09
1.644304249387235675e-09
1.534163913850809112e-09
1.430115932017431563e-09
1.331945520448983540e-09
1.239455243338445191e-09
1.152424121765039632e-09
1.070636073955113232e-09
9.938702503441748383e-10
9.218817723499715760e-10
8.544713364743026161e-10
7.914042877312976891e-10
7.324849145489682039e-10
6.774909978466483907e-10
6.262245162551579539e-10
5.784766072247281331e-10
5.340522988755060051e-10
4.927595466364149234e-10
4.543970339249123015e-10
4.187997252962048021e-10
3.857849975450727782e-10
3.552008963645988015e-10
3.268841461669751587e-10
3.006920799700858238e-10
2.764785309498395833e-10
2.541110213220732179e-10
2.334623919019280953e-10
2.144037689264351854e-10
1.968304311266502735e-10
1.806300737841014187e-10
1.657095859845613417e-10
1.519717618731552287e-10
1.393325941209558390e-10
1.277072689001735023e-10
1.170200711199546523e-10
1.071998104137207252e-10
9.817556758503460080e-11
8.989003360773834499e-11
8.228280370191001057e-11
7.530388920907595218e-11
6.890201905336799827e-11
6.303313927514799235e-11
5.765325847717608982e-11
5.272316981952996780e-11
4.820683968533237080e-11
4.406866076648121200e-11
4.027987685847027173e-11
3.681052780558603570e-11
3.363582546806481544e-11
3.073065790029304998e-11
2.807350248225552720e-11
2.564307159888835390e-11
2.342027502976506560e-11
2.138800929319761991e-11
1.952939344190778559e-11
1.783077292215867421e-11
1.627803596190649232e-11
1.485948938559287913e-11
1.356339672000004688e-11
1.237969813009933056e-11
1.129852233671379506e-11
1.031094013043015331e-11
9.409121145848150745e-12
8.585321095242095733e-12
7.833266616210703417e-12
7.146514990466242273e-12
6.519715010223613858e-12
5.947537936583086791e-12
5.425413061301923953e-12
4.948895095771273424e-12
4.513937132312380422e-12
4.117062898661865204e-12
3.754819369913684176e-12
3.424399020157695268e-12
3.122926146367516010e-12
2.848028242116723326e-12
2.597395283654485724e-12
2.368890477518877943e-12
2.127477609283629734e-12
1.269505884907347731e-12
4.930512879771613784e-13
1.175676298495200824e-13
3.966428755450291539e-15
0.000000000000000000e+00
0.000000000000000000e+00
0.000000000000000000e+00
0.000000000000000000e+00
0.000000000000000000e+00
0.000000000000000000e+00
0.000000000000000000e+00
0.000000000000000000e+00
0.000000000000000000e+00
0.000000000000000000e+00
0.000000000000000000e+00
0.000000000000000000e+00
0.000000000000000000e+00
0.000000000000000000e+00
0.000000000000000000e+00
0.000000000000000000e+00
0.000000000000000000e+00
0.000000000000000000e+00
0.000000000000000000e+00
0.000000000000000000e+00
0.000000000000000000e+00
0.000000000000000000e+00
0.000000000000000000e+00
