# bin_2_2
3.904387018280352202e-06
3.928811324683321356e-06
3.954185940031510058e-06
3.980547166461453004e-06
4.007932206329965422e-06
4.036379895562224504e-06
4.065931088641626203e-06
4.096628204824911107e-06
4.128515260941791612e-06
4.161637866096235677e-06
4.196043206780492965e-06
4.231780032737796471e-06
4.268898285585056174e-06
4.307448837227432222e-06
4.347486083073347025e-06
4.389066832603158612e-06
4.432249921577716100e-06
4.477096218552954464e-06
4.523668231403994955e-06
4.572029316604590577e-06
4.622244235206501583e-06
4.674383169445280899e-06
4.728519155441974007e-06
4.784727515967587841e-06
4.843085148672799296e-06
4.903668399694793583e-06
4.966557449672845845e-06
5.031839470930898600e-06
5.099604385880894335e-06
5.169943574524643874e-06
5.242946301405191289e-06
5.318706741943435668e-06
5.397328658139783689e-06
5.478918291078913543e-06
5.563580394865789016e-06
5.651416735879551435e-06
5.742544305370717272e-06
5.837085215717293578e-06
5.935158886248196415e-06
6.036877963798313689e-06
6.179633481321606441e-06
6.289708273756707835e-06
6.403853025364333396e-06
6.522205661480510030e-06
6.644910311408592103e-06
6.772112552844148518e-06
6.903963434841459906e-06
7.040617447540505548e-06
7.182231510875246540e-06
7.328968933082702082e-06
7.480994073679241676e-06
7.638476046089048933e-06
7.801588576588532934e-06
7.970506385589893163e-06
8.145409145966834330e-06
8.326480394468458829e-06
8.513904560018959505e-06
8.707869577438069513e-06
8.908567678648521027e-06
9.116191726335303830e-06
9.330935764307089704e-06
9.552997281922961446e-06
9.782575158245881844e-06
1.001986811203891601e-05
1.026507434853272094e-05
1.051839329920983494e-05
1.078002475944265333e-05
1.105016654547378171e-05
1.132901387047982891e-05
1.161675874993722720e-05
1.191359074448754205e-05
1.221969655016830424e-05
1.253525701903804207e-05
1.286044596577542597e-05
1.319543046623735736e-05
1.354037049851499298e-05
1.389541650338059924e-05
1.426070763665076934e-05
1.463637402417576014e-05
1.502253061712898210e-05
1.541927694799528429e-05
1.582669934506089667e-05
1.624486526187781855e-05
1.667382428362544703e-05
1.711360712904566678e-05
1.756421331758326629e-05
1.802561498078776814e-05
1.849775578456352325e-05
1.898056273728352040e-05
1.947395668106308543e-05
1.997782196866901080e-05
2.049193135118307618e-05
2.101582866238575111e-05
2.154880595311040327e-05
2.209004228155142248e-05
2.263885301353849263e-05
2.319486576463232317e-05
2.375788829616795551e-05
2.432761001266780599e-05
2.490340159768354971e-05
2.548445921012807198e-05
2.607028765554049329e-05
2.665921435246261894e-05
2.725516002413804371e-05
2.785639127898925288e-05
2.846173251943667987e-05
2.906912905314016564e-05
2.967640241753500966e-05
3.028176924408243763e-05
3.088389594109483511e-05
3.148155389839239532e-05
3.207332795350125896e-05
3.265753130864980212e-05
3.323232141125097007e-05
3.379581086627500818e-05
3.434604693700183786e-05
3.488097467686654467e-05
3.539841774488591998e-05
3.589608491767958757e-05
3.637159423935939438e-05
3.682248414524401050e-05
3.724619162553920984e-05
3.764002981711763899e-05
3.800118745087432569e-05
3.832685015870023918e-05
3.861446467906492726e-05
3.886179081842218056e-05
3.906675875451023249e-05
3.922708653926910028e-05
3.933997088991419760e-05
3.940240144930110195e-05
3.941173488358694593e-05
3.936584431061360432e-05
3.926239041844426891e-05
3.909810788218668828e-05
3.886889375950389370e-05
3.857116031114149837e-05
3.820352401437435922e-05
3.776706107810788246e-05
3.726404706106579295e-05
3.669655897489449044e-05
3.606665474484834155e-05
3.537739117536194242e-05
3.463336914942992861e-05
3.383997962340705765e-05
3.300237591903568693e-05
3.212818751391546140e-05
3.121638911935967968e-05
3.027581428088039843e-05
2.931362904633767532e-05
2.833818055976365218e-05
2.735872690146577533e-05
2.638489157374014610e-05
2.542630560518135556e-05
2.449232351507935171e-05
2.359097962269709534e-05
2.272906859773311729e-05
2.191182340040109569e-05
2.114280383631034882e-05
2.042389977645645447e-05
1.975516516140743504e-05
1.913482557578366332e-05
1.855857226605604610e-05
1.801916058501748006e-05
1.750722710598064840e-05
1.701146110330514926e-05
1.652034281657702036e-05
1.602247510127713024e-05
1.550735982512449205e-05
1.496620917865967604e-05
1.439276433104127419e-05
1.378420870412104642e-05
1.314250229091613601e-05
1.247420224875740716e-05
1.179025093820564363e-05
1.110561929294612576e-05
1.043671935878822481e-05
9.799951379364185312e-06
9.209367822003496372e-06
8.674751890227674951e-06
8.200156510491654201e-06
7.783484314886418025e-06
7.417323921383163788e-06
7.088416969771310542e-06
6.781802727048844431e-06
6.482459439653189580e-06
6.179018317720381087e-06
5.832136336574554433e-06
5.511282179763408678e-06
5.190926752289290748e-06
4.873301731498045237e-06
4.572418003221816567e-06
4.293280399604839743e-06
4.042981370821372140e-06
3.820188313388208467e-06
3.618603676991203207e-06
3.435478483530568685e-06
3.257949872445134276e-06
3.085715143085643008e-06
2.914154568106603681e-06
2.747492639818251229e-06
2.589010593326284609e-06
2.442002983349870344e-06
2.309485782646366992e-06
2.188357791855437602e-06
2.075695287609767413e-06
1.967478808526824427e-06
1.863685159144072360e-06
1.764498708758148674e-06
1.672482580487056855e-06
1.587708969343968526e-06
1.508571539899980592e-06
1.434113352580307253e-06
1.363462789771735702e-06
1.296987025759498104e-06
1.234670225222292679e-06
1.176670702896719390e-06
1.121976899078030124e-06
1.070496441824411520e-06
1.021908089509409346e-06
9.762508088128839037e-07
9.333014009586459715e-07
8.926570202377010465e-07
8.543843339035090274e-07
8.180605230270326321e-07
7.838179978360493390e-07
7.512354473251537636e-07
7.203847125014358178e-07
6.910350937321469703e-07
6.631243046349883275e-07
6.365802221792682876e-07
6.112053632919583265e-07
5.870471903503601737e-07
5.638584488404876618e-07
5.417202438712850797e-07
5.204271948280378043e-07
5.000150629912324525e-07
4.803685766746207959e-07
4.614509606711436782e-07
4.432389009580919606e-07
4.256337082316812304e-07
4.086744258215590968e-07
3.922396835667441718e-07
3.763833183962237534e-07
3.610053501697969605e-07
3.461342150590482352e-07
3.317171949143350029e-07
3.177415243919924562e-07
3.042051464066394647e-07
2.910578037760432597e-07
2.783335113644044884e-07
2.659666135714556360e-07
2.539992983381169899e-07
2.423771484729943230e-07
2.311262262131121135e-07
2.202201170316973727e-07
2.096569799319448363e-07
1.994430431485301572e-07
1.895481541723593732e-07
1.800035205326747817e-07
1.707650776978419593e-07
1.618691997662553184e-07
1.532777983829045389e-07
1.450141304053527777e-07
1.370599353582140585e-07
1.294145821803725330e-07
1.220851505138417767e-07
1.150451531810738674e-07
1.083216529139508566e-07
1.018747962079081199e-07
9.573419186490140522e-08
8.986474619164040636e-08
8.428270356206196922e-08
7.897041546071376173e-08
7.392163609600795019e-08
6.914069387366365809e-08
6.459902426340924979e-08
6.031686451082540685e-08
5.625625717956601196e-08
5.243726502167116928e-08
4.882840928353083267e-08
4.543698898020667136e-08
4.224747862237216317e-08
3.924893884094752146e-08
3.644342432512613264e-08
3.380478293432237976e-08
3.134588937472789460e-08
2.903664405468871157e-08
2.688815228385888014e-08
2.487751942640254817e-08
2.300607851640460741e-08
2.126329544585127458e-08
1.963856882634695938e-08
1.813307278087944323e-08
1.672787439674218122e-08
1.543021992702701361e-08
1.422050457635130465e-08
1.310400783972264263e-08
1.206688164199892938e-08
1.110818408173849415e-08
1.022203128501746007e-08
9.400792539233126131e-09
8.645269042872682185e-09
7.943899921936399099e-09
7.300421554036463113e-09
6.703748688888529294e-09
6.156126050652879907e-09
5.650183736768049151e-09
5.184674337399143504e-09
4.756716226476316519e-09
4.361674562618064627e-09
4.000095819817208658e-09
3.665677653649178179e-09
3.360228667387693891e-09
3.078057375993872404e-09
2.820033348400037960e-09
2.582563790557674779e-09
2.364716890703181772e-09
2.165207995855297798e-09
1.981501887318345155e-09
1.813945568162719819e-09
1.659353783698030816e-09
1.518562332705715243e-09
1.388834709945721176e-09
1.270477313142904120e-09
1.161841061573637453e-09
1.062354620136779341e-09
9.714843885824297231e-10
8.879336778505136976e-10
8.119065892696965579e-10
7.418722697642514814e-10
6.782037687326537712e-10
6.196423561772639087e-10
5.662829238088538532e-10
5.173990748872578745e-10
4.726740297883330062e-10
4.318984399318546449e-10
3.944369734162308358e-10
3.604022800481931341e-10
3.290821878388500808e-10
3.006385204188437631e-10
2.745089409699758705e-10
2.507155988239262705e-10
2.289474341748494640e-10
2.090384420216298182e-10
1.909108076714986009e-10
1.742620309664540172e-10
1.591513773976906552e-10
1.452550760906591490e-10
1.326392372427692243e-10
1.210639405901673299e-10
1.103885544416724403e-10
1.007720352094188246e-10
9.023767362297475209e-11
7.569262492976536959e-11
6.907044831413958368e-11
5.345796735958306182e-11
4.878371062842074474e-11
3.368272518830875510e-11
3.074596298485469104e-11
1.696750037821602931e-11
5.421423558731563617e-12
5.443930532450084489e-13
4.965887103462981234e-13
9.296328451812813816e-15
3.576047002932818689e-17
0.000000000000000000e+00
0.000000000000000000e+00
0.000000000000000000e+00
0.000000000000000000e+00
0.000000000000000000e+00
0.000000000000000000e+00
0.000000000000000000e+00
0.000000000000000000e+00
0.000000000000000000e+00
0.000000000000000000e+00
0.000000000000000000e+00
0.000000000000000000e+00
0.000000000000000000e+00
0.000000000000000000e+00
0.000000000000000000e+00
0.000000000000000000e+00
0.000000000000000000e+00
0.000000000000000000e+00
0.000000000000000000e+00
0.000000000000000000e+00
0.000000000000000000e+00
0.000000000000000000e+00
0.000000000000000000e+00
0.000000000000000000e+00
0.000000000000000000e+00
0.000000000000000000e+00
0.000000000000000000e+00
0.000000000000000000e+00
0.000000000000000000e+00
0.000000000000000000e+00
0.000000000000000000e+00
0.000000000000000000e+00
0.000000000000000000e+00
0.000000000000000000e+00
