# bin_4_2
3.263455030448812284e-10
3.283947157829277463e-10
3.305237479802301555e-10
3.327356659300071804e-10
3.350336664699402425e-10
3.374210733241108727e-10
3.399013272692949887e-10
3.424779854315832516e-10
3.451547548150571784e-10
3.479354590147140293e-10
3.508240466770472856e-10
3.538246022947755628e-10
3.569413896322981570e-10
3.601788653401667061e-10
3.635416475566371246e-10
3.670344964295910640e-10
3.706623528953936515e-10
3.744303071944947925e-10
3.783435724292324754e-10
3.824076255848302833e-10
3.866282167737521294e-10
3.910112533532346545e-10
3.955628605359761226e-10
4.002893143932841851e-10
4.051970167962055842e-10
4.102927400258941048e-10
4.155835972631243982e-10
4.210768653362269482e-10
4.267800291003253074e-10
4.327006431351410515e-10
4.388467122643997563e-10
4.452266917494678273e-10
4.518492029742822643e-10
4.587229944193036976e-10
4.658569445380363993e-10
4.732607074775525676e-10
4.809441747005637025e-10
4.889173599959533593e-10
4.971902501065999997e-10
5.057738003052853498e-10
5.146792782011154565e-10
5.239179168177828562e-10
5.335009897576318758e-10
5.434410441211685128e-10
5.537507091572769062e-10
5.644421674696567974e-10
5.755286542200942920e-10
5.870242257323702130e-10
5.989424443455086798e-10
6.112970461137888900e-10
6.241034876705145160e-10
6.373766451784898297e-10
6.511309769641727331e-10
6.653832616027971399e-10
6.801494789717695549e-10
6.954449804492101352e-10
7.112878620720646991e-10
7.276948438784248462e-10
7.446824205532628371e-10
7.622699862905561598e-10
7.804742182210778603e-10
7.993135372040136776e-10
8.188078777802623304e-10
8.389736537578547163e-10
8.598317460109755283e-10
8.814008744205704717e-10
9.036988695748422175e-10
9.267476499490643948e-10
9.505635145564542960e-10
9.751681319649435544e-10
1.000580113558756760e-09
1.026817304650469524e-09
1.053901518373696740e-09
1.081847438443457548e-09
1.110677441094795984e-09
1.140405983430800531e-09
1.171052686245845539e-09
1.202633945072365181e-09
1.235164371696691914e-09
1.268662333823468342e-09
1.303137773517114375e-09
1.338609334980442170e-09
1.375083451834191567e-09
1.412576662075637597e-09
1.451093319375836501e-09
1.490646101901968657e-09
1.531237432830031485e-09
1.572874102048168299e-09
1.615555864031415589e-09
1.659283633677104980e-09
1.704056570131652236e-09
1.749870247033154351e-09
1.796719997190180964e-09
1.844586153575222207e-09
1.893442854175308403e-09
1.943275645099938588e-09
1.994086533103035861e-09
2.045872482343081701e-09
2.098652183598110117e-09
2.152222301672716515e-09
2.206353352612069459e-09
2.260897320457611176e-09
2.315653797194971744e-09
2.370960729243224446e-09
2.426892737214879451e-09
2.483463936420802102e-09
2.540848654215194066e-09
2.598836190418567739e-09
2.657312709370267062e-09
2.716026437708726702e-09
2.774778889595393728e-09
2.833469993079322410e-09
2.891943349636894260e-09
2.950124383284199247e-09
3.007870983172105815e-09
3.065009831200835274e-09
3.121384571914417419e-09
3.176813475967490074e-09
3.231127627987700536e-09
3.284123579153743622e-09
3.335617805038691114e-09
3.385376972587666312e-09
3.433203583608122869e-09
3.478836948453733303e-09
3.522056883246512981e-09
3.562580813021504668e-09
3.600180189679082138e-09
3.634600262093947503e-09
3.665560078008528193e-09
3.692761248832327405e-09
3.715789961906751685e-09
3.734504756101954361e-09
3.748765721739404937e-09
3.758687182067633713e-09
3.764149383024784229e-09
3.764739407505017746e-09
3.759893914454578711e-09
3.749146101433807185e-09
3.732117862895100000e-09
3.708610942852560184e-09
3.678307508666802981e-09
3.641046944957398020e-09
3.596929392831548712e-09
3.545970782134810957e-09
3.488811719600758673e-09
3.425649774658273475e-09
3.357279024493843128e-09
3.284082114971261789e-09
3.206373655307199793e-09
3.124389137381340669e-09
3.038362144597865093e-09
2.948804132698529081e-09
2.856182171066931369e-09
2.761714913632876875e-09
2.666111196168022097e-09
2.570717726558326062e-09
2.476402067501134692e-09
2.384142053442847544e-09
2.294736679525649943e-09
2.208763344099219382e-09
2.126943232053992253e-09
2.049878869615821847e-09
1.978046558054479666e-09
1.911856211043848502e-09
1.850847653732851605e-09
1.795186879071879405e-09
1.743626486383568620e-09
1.695766611961097811e-09
1.650323943705533521e-09
1.606109737352292910e-09
1.562093031737379330e-09
1.516617564693040813e-09
1.468618785182988592e-09
1.416829060404850013e-09
1.360539238539147405e-09
1.299799598053517745e-09
1.234793640925688844e-09
1.166507625158192300e-09
1.096569210340529646e-09
1.027167724110489032e-09
9.600205896896752333e-10
8.976759223783483349e-10
8.417098711068593958e-10
7.938170542330318980e-10
7.531615336098494917e-10
7.198252611317750496e-10
6.913202817619840955e-10
6.652563442811199627e-10
6.398579904377797985e-10
6.123917655960327410e-10
5.819417981054718610e-10
5.487099659002427977e-10
5.137043925353568722e-10
4.789355384171684816e-10
4.466232889906219788e-10
4.182524492337628843e-10
3.947361374485811946e-10
3.746174061349597480e-10
3.568038255030070081e-10
3.399696666388751863e-10
3.220782642074019099e-10
3.037323000750445690e-10
2.854384693239999899e-10
2.680506369848601589e-10
2.524442676534769464e-10
2.385312242076516839e-10
2.259966474997292293e-10
2.141041613299150748e-10
2.026129971170295423e-10
1.915453172319242586e-10
1.811280337865016223e-10
1.713524953007734761e-10
1.622969517136204780e-10
1.539468857926340352e-10
1.460546485492046778e-10
1.386102919573346838e-10
1.315903345061765614e-10
1.250021295002411098e-10
1.188498705485226682e-10
1.131116776056221366e-10
1.077125482478351178e-10
1.026102662325510695e-10
9.780995527782527121e-11
9.332859215999211470e-11
8.910525024715549344e-11
8.511559714169648849e-11
8.136300642970105183e-11
7.781606429016174844e-11
7.446717498820549670e-11
7.129090936112271322e-11
6.828846152253066603e-11
6.543915064779634710e-11
6.273786371217307336e-11
6.017194113977394255e-11
5.772904009473500410e-11
5.540436933677544446e-11
5.318225096247974463e-11
5.106209416649966641e-11
4.902961648181647558e-11
4.708442097521575599e-11
4.521605643223670011e-11
4.342167290343559447e-11
4.169600832615883885e-11
4.003324661739532045e-11
3.843213643488016655e-11
3.688530803018532035e-11
3.539345782989707248e-11
3.394981219609152432e-11
3.255507161338493287e-11
3.120443274132796217e-11
2.989713459063072078e-11
2.863115069434081883e-11
2.740386782279160830e-11
2.621546603734932520e-11
2.506230655782253123e-11
2.394566845054037593e-11
2.286213031098919563e-11
2.181293972345738570e-11
2.079579303662273974e-11
1.981091943115722293e-11
1.885768029206050263e-11
1.793486563707937644e-11
1.704322679827470969e-11
1.618064263180134184e-11
1.534859043250152364e-11
1.454490185780004641e-11
1.377094017980376294e-11
1.302522815251288339e-11
1.230818467172501307e-11
1.161949510261453729e-11
1.095819824735684179e-11
1.032501812302017601e-11
9.718067323189603431e-12
9.138573256888287343e-12
8.584461163363646657e-12
8.056681718077836528e-12
7.553724170405274467e-12
7.075572535111345700e-12
6.621715405666644762e-12
6.190885836895997107e-12
5.783443530918937581e-12
5.397386132432908943e-12
5.033398022437697799e-12
4.689404376102133239e-12
4.365734674223734708e-12
4.060906386299325778e-12
3.774437804446940505e-12
3.505714791204283562e-12
3.253373488211406724e-12
3.017467173012370261e-12
2.796249899532534172e-12
2.589963266581021434e-12
2.396965833758292579e-12
2.217204566543185822e-12
2.049571329632385588e-12
1.893482069591029737e-12
1.748455264561328326e-12
1.613413497840084089e-12
1.488298774060635167e-12
1.371902402592306706e-12
1.264259860564514525e-12
1.164317313710600530e-12
1.071917913551277439e-12
9.863873918448484684e-13
9.072736195235837105e-13
8.342822846307379127e-13
7.667247392526738390e-13
7.045378916626354128e-13
6.470111245244324692e-13
5.941207623634654517e-13
5.452801752782550712e-13
5.003561567867017850e-13
4.589901968758326924e-13
4.208996652279384251e-13
3.859298579815506162e-13
3.536959431086356655e-13
3.241566150351594562e-13
2.969367471114684251e-13
2.720086814969137311e-13
2.490755864904500057e-13
2.280522691352416692e-13
2.087644128413582725e-13
1.910554636523287583e-13
1.748516437036589246e-13
1.599556540891915618e-13
1.463451668798476695e-13
1.338357028924349767e-13
1.224082384829955833e-13
1.119218771832347565e-13
1.023289323282992151e-13
9.354957096808697713e-14
8.550324422165081588e-14
7.815697728307766182e-14
7.141513069795250479e-14
6.526676921832859332e-14
5.962529042329707859e-14
5.447969305718713048e-14
4.976589443194737075e-14
4.545911473703486864e-14
4.152422525287300375e-14
3.792164156913537409e-14
3.463725319409707409e-14
3.162632254210706273e-14
2.888374913913691929e-14
2.637003724527856034e-14
2.407929555687823505e-14
2.198316683144261912e-14
2.006929216431799225e-14
1.832261003939226919e-14
1.672424701242605424e-14
1.526832719787089820e-14
1.393445526743965854e-14
1.272034390207883586e-14
1.160838802003944348e-14
1.059558752361157672e-14
9.669674585793272970e-15
8.824801575783614837e-15
8.054484028911038997e-15
7.349420382466400588e-15
6.707661449467345688e-15
5.409564035251676162e-15
3.168826170587942529e-15
1.733183866592154008e-15
1.581054701481476703e-15
3.081237232839056614e-16
4.297651464245585409e-17
0.000000000000000000e+00
0.000000000000000000e+00
0.000000000000000000e+00
0.000000000000000000e+00
0.000000000000000000e+00
0.000000000000000000e+00
0.000000000000000000e+00
0.000000000000000000e+00
0.000000000000000000e+00
0.000000000000000000e+00
0.000000000000000000e+00
0.000000000000000000e+00
0.000000000000000000e+00
0.000000000000000000e+00
0.000000000000000000e+00
0.000000000000000000e+00
0.000000000000000000e+00
0.000000000000000000e+00
0.000000000000000000e+00
0.000000000000000000e+00
0.000000000000000000e+00
0.000000000000000000e+00
0.000000000000000000e+00
0.000000000000000000e+00
0.000000000000000000e+00
0.000000000000000000e+00
0.000000000000000000e+00
0.000000000000000000e+00
0.000000000000000000e+00
0.000000000000000000e+00
0.000000000000000000e+00
0.000000000000000000e+00
0.000000000000000000e+00
0.000000000000000000e+00
