# k_h
9.818323633226100355e-06
1.084098130377242342e-05
1.197015717480098829e-05
1.321694526268402115e-05
1.459359737054910511e-05
1.611363768461160362e-05
1.779200465534813702e-05
1.964518378372304142e-05
2.169138861063402146e-05
2.395072260696906596e-05
2.644538290041964501e-05
2.919988401117734611e-05
3.224128886358812451e-05
3.559947799658402801e-05
3.930745151592418551e-05
4.340164014138281345e-05
4.792227264260873199e-05
5.291376146487891674e-05
5.842515747644938529e-05
6.451061199186369777e-05
7.122990791685879230e-05
7.864907820476219058e-05
8.684102067491039634e-05
9.588621469447389245e-05
1.058735360857099295e-04
1.169011156889609993e-04
1.290773216169327497e-04
1.425217633368447423e-04
1.573665504110977054e-04
1.737575512379407883e-04
1.918557973112910986e-04
2.118391275871545076e-04
2.339038910577073693e-04
2.582668676041066647e-04
2.851674507837742567e-04
3.148699470330029726e-04
3.476661804597824812e-04
3.838784177787601948e-04
4.238624533172696829e-04
4.680111596826463938e-04
5.167583003640174866e-04
5.705828662030398846e-04
6.300136446952819824e-04
6.956346915103495121e-04
7.680906564928591251e-04
8.480934775434434414e-04
9.364292491227388382e-04
1.033965963870286942e-03
1.141661894507706165e-03
1.260575139895081520e-03
1.391874277032911777e-03
1.536849187687039375e-03
1.696924446150660515e-03
1.873672823421657085e-03
2.068830886855721474e-03
2.284316346049308777e-03
2.522246446460485458e-03
2.784958807751536369e-03
3.075034590438008308e-03
3.395324340090155602e-03
3.748974762856960297e-03
4.139460623264312744e-03
4.570619203150272369e-03
5.046686157584190369e-03
5.572339054197072983e-03
6.152743007987737656e-03
6.793600972741842270e-03
7.501209620386362076e-03
8.282520808279514313e-03
9.145212359726428986e-03
1.009775977581739426e-02
1.114952377974987030e-02
1.231083646416664124e-02
1.359310932457447052e-02
1.500894129276275635e-02
1.657224446535110474e-02
1.829837635159492493e-02
2.020430006086826324e-02
2.230874076485633850e-02
2.463237755000591278e-02
2.719803899526596069e-02
3.003093414008617401e-02
3.315889835357666016e-02
3.661266341805458069e-02
4.042616859078407288e-02
4.446878656744956970e-02
4.851140454411506653e-02
5.255402252078056335e-02
5.659663677215576172e-02
6.063925474882125854e-02
6.468187272548675537e-02
6.872449070215225220e-02
7.276710867881774902e-02
7.680972665548324585e-02
8.085234463214874268e-02
8.489495515823364258e-02
9.095497429370880127e-02
9.701499342918395996e-02
1.030750125646591187e-01
1.091350317001342773e-01
1.151950508356094360e-01
1.212550699710845947e-01
1.273150891065597534e-01
1.333751082420349121e-01
1.394351273775100708e-01
1.454951465129852295e-01
1.515551656484603882e-01
1.576151847839355469e-01
1.636751890182495117e-01
1.697352081537246704e-01
1.757952272891998291e-01
1.818552464246749878e-01
1.879152655601501465e-01
1.939752846956253052e-01
2.000353038311004639e-01
2.060953229665756226e-01
2.121553421020507812e-01
2.182153612375259399e-01
2.242753803730010986e-01
2.303353995084762573e-01
2.363954186439514160e-01
2.424554377794265747e-01
2.485154569149017334e-01
2.545754611492156982e-01
2.606354951858520508e-01
2.666954994201660156e-01
2.727555334568023682e-01
2.788155376911163330e-01
2.848755717277526855e-01
2.909355759620666504e-01
2.969956099987030029e-01
3.030556142330169678e-01
3.091156482696533203e-01
3.151756525039672852e-01
3.212356567382812500e-01
3.272956907749176025e-01
3.333556950092315674e-01
3.394157290458679199e-01
3.454757332801818848e-01
3.515357673168182373e-01
3.575957715511322021e-01
3.636558055877685547e-01
3.697158098220825195e-01
3.757758438587188721e-01
3.818358480930328369e-01
3.878958821296691895e-01
3.939558863639831543e-01
4.000159204006195068e-01
4.060759246349334717e-01
4.121359586715698242e-01
4.181959629058837891e-01
4.242559969425201416e-01
4.303160011768341064e-01
4.363760054111480713e-01
4.424360394477844238e-01
4.484960436820983887e-01
4.545560777187347412e-01
4.606160819530487061e-01
4.666761159896850586e-01
4.727361202239990234e-01
4.787961542606353760e-01
4.848561584949493408e-01
4.909161925315856934e-01
5.881071090698242188e-01
8.207696080207824707e-01
1.145476222038269043e+00
1.598640799522399902e+00
2.231082916259765625e+00
3.113727092742919922e+00
4.345556259155273438e+00
6.064712524414062500e+00
8.463988304138183594e+00
1.181244659423828125e+01
1.648559761047363281e+01
2.300750541687011719e+01
3.210955810546875000e+01
4.481250000000000000e+01
6.254088211059570312e+01
8.728282928466796875e+01
