# bin_3_2
9.627678350089004244e-02
9.626604734120366991e-02
9.627630985941357245e-02
9.626654750302739150e-02
9.627587184308974977e-02
9.626701478159273295e-02
9.627546705132429550e-02
9.626745109381810994e-02
9.627509314294316334e-02
9.626785814432342603e-02
9.627474781051201247e-02
9.626823741344694985e-02
9.627442875130401423e-02
9.626859014079969246e-02
9.627413363473417973e-02
9.626891730394065982e-02
9.627386006491847614e-02
9.626921959123227457e-02
9.627360553816687039e-02
9.626949736824408355e-02
9.627336739404983301e-02
9.626975063669686306e-02
9.627314275934871490e-02
9.626997898504795204e-02
9.627292848378821155e-02
9.627018152984920252e-02
9.627272106650500150e-02
9.627035684662334225e-02
9.627251657234608961e-02
9.627050288964995872e-02
9.627231053700437136e-02
9.627061689954063972e-02
9.627209786026283411e-02
9.627069529837777029e-02
9.627187268696493772e-02
9.627073357188704883e-02
9.627162827574387016e-02
9.627072613926804245e-02
9.627135685614995886e-02
9.627066621169819149e-02
9.627104947592161899e-02
9.627054564183239183e-02
9.627069584113993883e-02
9.627035476782898338e-02
9.627028415378456605e-02
9.627008225734959290e-02
9.626980095307020868e-02
9.626971495908086263e-02
9.626923096921842504e-02
9.626923777171375596e-02
9.626855700120134918e-02
9.626863354348869084e-02
9.626775983270607906e-02
9.626788301782659985e-02
9.626681820356687569e-02
9.626696484386997044e-02
9.626570885646962283e-02
9.626585567260956267e-02
9.626440668010717572e-02
9.626453035984068596e-02
9.626288496990573207e-02
9.626296229616218558e-02
9.626111582413555967e-02
9.626112387837540418e-02
9.625907068553747614e-02
9.625898712695746262e-02
9.625672102549852338e-02
9.625652443677154557e-02
9.625403914637302438e-02
9.625370942319014245e-02
9.625099904811912355e-02
9.625051779124331464e-02
9.624757726620751519e-02
9.624692811236726375e-02
9.624375354140965455e-02
9.624292234443854177e-02
9.623951113235761079e-02
9.623848588261867121e-02
9.623483653800904425e-02
9.623360689265797463e-02
9.622971837331384393e-02
9.622827467183299455e-02
9.622414515843047411e-02
9.622247682916761080e-02
9.621810186404913812e-02
9.621619520155968996e-02
9.621156522901407049e-02
9.620940064865179941e-02
9.620449814740560102e-02
9.620204720405128862e-02
9.619684380452259154e-02
9.619406647782861863e-02
9.618852067446787002e-02
9.618536362668164696e-02
9.617941986377889774e-02
9.617581648306987308e-02
9.616940640870921819e-02
9.616527934440456671e-02
9.615832576574286084e-02
9.615359221755745422e-02
9.614601564438231274e-02
9.614059481511197380e-02
9.613232143683504705e-02
9.612614237336547518e-02
9.611711106885426070e-02
9.611011793042646689e-02
9.610028294458135278e-02
9.609243418681447102e-02
9.608176018663090734e-02
9.607301906708842765e-02
9.606146721464733917e-02
9.605178404111973378e-02
9.603929177184253319e-02
9.602858315542731060e-02
9.601504550429924845e-02
9.600318062462628865e-02
9.598844434004903670e-02
9.597524921330725933e-02
9.595912843918107116e-02
9.594441252302624012e-02
9.592672378627706276e-02
9.591031850286084459e-02
9.589091605909427773e-02
9.587269914490095801e-02
9.585148096710754961e-02
9.583135894424971157e-02
9.580822478572743883e-02
9.578607140464356906e-02
9.576085264247193030e-02
9.573644610039047653e-02
9.570886822400859195e-02
9.568189381897945767e-02
9.565162564759352448e-02
9.562176472886890766e-02
9.558852551393531849e-02
9.555554764368888454e-02
9.551914867371162632e-02
9.548287754092509017e-02
9.544311103000235885e-02
9.540326620812163150e-02
9.535975699236817760e-02
9.531588135835396269e-02
9.526813555612892448e-02
9.521976186760235106e-02
9.516738722412781959e-02
9.511420510222130809e-02
9.505692345694762013e-02
9.499860366982980364e-02
9.493596010033272803e-02
9.487190997209539456e-02
9.480323934787740492e-02
9.473283411964315837e-02
9.465763160355714079e-02
9.458046880156825709e-02
9.449831329551273973e-02
9.441381892377248564e-02
9.432394837658694686e-02
9.423128846091499700e-02
9.413297058926511918e-02
9.403158328838120972e-02
9.392429805425783762e-02
9.381349595200506875e-02
9.369632210623192459e-02
9.357512950494120685e-02
9.344726803712713470e-02
9.331505810674173285e-02
9.317578703118445382e-02
9.303155977725077741e-02
9.287977529974715540e-02
9.272263539593994519e-02
9.255762206750477172e-02
9.238668320065290818e-02
9.220727399338358998e-02
9.202143999928866225e-02
9.182681833038927599e-02
9.162522106994998305e-02
9.141421049747333605e-02
9.119571570366573343e-02
9.096748124828039905e-02
9.073116839248919485e-02
9.048452330980320812e-02
9.022939541356352067e-02
8.996355844237011179e-02
8.968860037061308910e-02
8.940254489576858477e-02
8.910703919834701836e-02
8.879994278795029505e-02
8.848299826596540962e-02
8.815427342548361189e-02
8.781526245364894290e-02
8.746427394663036647e-02
8.710284695830272650e-02
8.672921021950943943e-02
8.634511533570096709e-02
8.594879454455059409e-02
8.554201966077197572e-02
8.512324767784348878e-02
8.469415626749902948e-02
8.425346864981830830e-02
8.380282474772465795e-02
8.334115116130162704e-02
8.287013721373348574e-02
8.238886583866766866e-02
8.189912253696078615e-02
8.140013630922679488e-02
8.089380149918100338e-02
8.037949850278212904e-02
7.985922754461192985e-02
7.933252395521400713e-02
7.880148329389610740e-02
7.826579002655828510e-02
7.772761716254134035e-02
7.718678028418426984e-02
7.664550218607053822e-02
7.610369771011991913e-02
7.556359934407544388e-02
7.502517424211055386e-02
7.449061014816441006e-02
7.395986384626165866e-02
7.343500890760530642e-02
7.291591392537671856e-02
7.240445508833015520e-02
7.190032245628738550e-02
7.140510162059525434e-02
7.091820670379718472e-02
7.044083656452192199e-02
6.997203397771456501e-02
6.951252301929156108e-02
6.906089482351315811e-02
6.861733385523260953e-02
6.817993151359538762e-02
6.774830975262340071e-02
6.732006427680259364e-02
6.689429406004791800e-02
6.646817552698311427e-02
6.604040549445175379e-02
6.560790605231708872e-02
6.516918582429516438e-02
6.472117179003816778e-02
6.426248916416721357e-02
6.379041090735566855e-02
6.330404995340642438e-02
6.280140994322837289e-02
6.228247569683860452e-02
6.174634096550293133e-02
6.119417571797070715e-02
6.062640083392909635e-02
6.004550697855950275e-02
5.945324575513378368e-02
5.885327870693762842e-02
5.824836369570064037e-02
5.764282784397271875e-02
5.703974997002170255e-02
5.644327975360525357e-02
5.585585134932809920e-02
5.528040901926900563e-02
5.471772595664472355e-02
5.416863199506451870e-02
5.363153847540041985e-02
5.310477551578099420e-02
5.258441471991691374e-02
5.206678772895578788e-02
5.154663270783241963e-02
5.101976931392471909e-02
5.048147220279443348e-02
4.992913870989341280e-02
4.936065456710250765e-02
4.877677570986047734e-02
4.817918657938437960e-02
4.757232942317030783e-02
4.696096631268284471e-02
4.635140842483785606e-02
4.574871139230089756e-02
4.515764077638648177e-02
4.458001907590700141e-02
4.401607419464310250e-02
4.346259601660019262e-02
4.291520016520012498e-02
4.236753776647005781e-02
4.181431104102453777e-02
4.125090538928954248e-02
4.067612763798728048e-02
4.009101899696908972e-02
3.950017746726472434e-02
3.890906570335236903e-02
3.832399222783429427e-02
3.774886374405786449e-02
3.718550238731231639e-02
3.663178974391548270e-02
3.608389363219588475e-02
3.553635809325035588e-02
3.498542899325242372e-02
3.442906351950631577e-02
3.386882549157708977e-02
3.330780985267417504e-02
3.275054655502827872e-02
3.220001871242033492e-02
3.165795094501564627e-02
3.112330715720870375e-02
3.059420633766451667e-02
3.006757668727668559e-02
2.954139571915924412e-02
2.901426636706909076e-02
2.848736250727800651e-02
2.796338788764107103e-02
2.744685627588686755e-02
2.694053328346314793e-02
2.644398183713908210e-02
2.595183070709594295e-02
2.545828224033161100e-02
2.496161644163751026e-02
2.446816762730567169e-02
2.398676726315975352e-02
2.352060834556946381e-02
2.306161622288881857e-02
2.259907294281979923e-02
2.213195265876401543e-02
2.167280198481351394e-02
2.123199408137310326e-02
2.080362509746214519e-02
2.037164964054680519e-02
1.993423305882428484e-02
1.950758758334936172e-02
1.910156229575929107e-02
1.870171150045964181e-02
1.829408268316137440e-02
1.789060821991542843e-02
1.750824287521059869e-02
1.713511186577132417e-02
1.675464391744419315e-02
1.638034586817252794e-02
1.602700748034700112e-02
1.567670842571802087e-02
1.532153174592206304e-02
1.498226481859880194e-02
1.465627468219819242e-02
1.432475414213301400e-02
1.400339544369241448e-02
1.369773670111862178e-02
1.338864805380629054e-02
1.308810429821777137e-02
1.280193860329552694e-02
1.251305139566726184e-02
1.223535649764486560e-02
1.196695482035615814e-02
1.169859300453196874e-02
1.144317984982148352e-02
1.119104588671173718e-02
1.094478679556692285e-02
1.070809164998880528e-02
1.047352051568989709e-02
1.024881889534758062e-02
1.002755758190040751e-02
9.813683508235247419e-03
9.605294220190227494e-03
9.402166084102096810e-03
9.205599717369625581e-03
9.013310769594039609e-03
8.827717842276495627e-03
8.646188632628875465e-03
8.470600552791871310e-03
8.299452048230940640e-03
8.133539278536197972e-03
7.971989077940326573e-03
7.815273983070030947e-03
7.662704258720444590e-03
7.514896182153621255e-03
7.370806076391396393e-03
7.230942534126777281e-03
7.094958763661140567e-03
6.962674573810952172e-03
6.834012647121833969e-03
6.708807006058496378e-03
6.586932113023993146e-03
6.468559939347204649e-03
6.352943599417244791e-03
6.240491263252494376e-03
6.130940807447971853e-03
6.023954296849390322e-03
5.919738922210734770e-03
5.817956466924448754e-03
5.718566674726794849e-03
5.621737621123772989e-03
5.526807628960003771e-03
5.434159070333453509e-03
5.343543183831130083e-03
5.254653740875093668e-03
5.167827237069236475e-03
5.082627914343446594e-03
4.999049309521393092e-03
4.917358110300757389e-03
4.836943520947259087e-03
4.758084594670990500e-03
4.680609873938592139e-03
4.604353166725820914e-03
4.529586449381584404e-03
4.455836583653399394e-03
4.383231749570960442e-03
4.312014655385628878e-03
4.241600121464796438e-03
4.172263314925632287e-03
4.103867282272999871e-03
4.036357294696032300e-03
3.969914207526102808e-03
3.904053472946075742e-03
3.839095794750405511e-03
3.775159773842782975e-03
3.711662705466599755e-03
3.649032951868964262e-03
3.587057468452842755e-03
3.525694748098251972e-03
3.465200551529037595e-03
3.405043037269436627e-03
3.345611122385858897e-03
3.286964605286312249e-03
3.228555238283329406e-03
3.170924380421822827e-03
3.113755224816053529e-03
3.056994901749713039e-03
3.001046543430224266e-03
2.945324037465437469e-03
2.890160454114264112e-03
2.835659467919134352e-03
2.781374337502908953e-03
2.727789328520581393e-03
2.674564543051816557e-03
2.621721756076969730e-03
2.569675888672648054e-03
2.517809536225482179e-03
2.466451274799305420e-03
2.415709160226878899e-03
2.365236681472701781e-03
2.315398592574140126e-03
2.265876414021760453e-03
2.216825318929553298e-03
2.168531298083199634e-03
2.120382847680540427e-03
2.072835587623823601e-03
2.025872717037792165e-03
1.979216348711709036e-03
1.933233002657344093e-03
1.887589148407590751e-03
1.842476598048390767e-03
1.798115227915630682e-03
1.753928212115508185e-03
1.710444843319815439e-03
1.667523965693209174e-03
1.624926648598363881e-03
1.583091422333892046e-03
1.541640010261753624e-03
1.500710248270265825e-03
1.460559012451116039e-03
1.420676953788839415e-03
1.381516310677548525e-03
1.342918993185841531e-03
1.304731117132315295e-03
1.267344108308340270e-03
1.230376594586368895e-03
1.193953545678782743e-03
1.158325212707788212e-03
1.123068160669149496e-03
1.088518953956922695e-03
1.054540857727076942e-03
1.021092383201723961e-03
9.884241757479011580e-04
9.561931445669225992e-04
9.245838609597367523e-04
8.937458994348635452e-04
8.633339043205988557e-04
8.336456116821107159e-04
8.045237426148009463e-04
7.759817268789694729e-04
7.481879111736193955e-04
7.208378244944638018e-04
6.941484241100076471e-04
6.681707945767316080e-04
6.426259400457456396e-04
6.178104534742645364e-04
5.935445367564683682e-04
5.698376176163155249e-04
5.468507605508115491e-04
5.243229300732981345e-04
5.024388760757989448e-04
4.812128648994594112e-04
4.604416661778182773e-04
4.403695502230416873e-04
4.208282294919917519e-04
4.018204198294561915e-04
3.834862611523846506e-04
3.656122213634191540e-04
3.483217202527911257e-04
3.316152043432061495e-04
3.153676985506843021e-04
2.997265817984245376e-04
2.845650577588362037e-04
2.699035470905826288e-04
2.558291093718874755e-04
2.421837667813443739e-04
2.290641474032536801e-04
2.164501996544963348e-04
2.042774554748816296e-04
1.926206401736479067e-04
1.813890100539102402e-04
1.706123489755774112e-04
1.603264513829243880e-04
1.504131867004370772e-04
1.409571631573912018e-04
1.319243990029534590e-04
1.232734261556196601e-04
1.150613404997241076e-04
1.072149943670561774e-04
9.976005212041999331e-05
9.271090926658258488e-05
8.597519618612980367e-05
7.961615978526294726e-05
7.359248728253643354e-05
6.787032515261784220e-05
6.250224680383862936e-05
5.742435364996698825e-05
5.265797434790294546e-05
4.822875368175180759e-05
4.408346382460686004e-05
4.028006096675488596e-05
3.681138464652147926e-05
3.368664520463336844e-05
3.097584006101640990e-05
2.865468302525203974e-05
2.677957836221910823e-05
2.539950936734350942e-05
2.447275593772835713e-05
2.398544661947572140e-05
2.380526931856804024e-05
2.372814925791485926e-05
2.349145278665991737e-05
2.271997310527015470e-05
2.116459181178081766e-05
1.866457268636729827e-05
1.517540859252048591e-05
1.090031351680872161e-05
6.123522865523407221e-06
1.210984103683144529e-06
-3.476239836170713501e-06
-7.725017374990487579e-06
-1.132706080966756696e-05
-1.422051090964481074e-05
-1.645485367863950616e-05
-1.804043786999280746e-05
-1.908397097762116549e-05
-1.967352704045408464e-05
-1.986690641916508333e-05
-1.980797764823829678e-05
-1.953659366808685197e-05
-1.911417566221314558e-05
-1.861192459877085263e-05
-1.801425434576074181e-05
-1.737781117560830885e-05
-1.672277369900038518e-05
-1.602327582194232143e-05
-1.533898728151167898e-05
-1.464313754890616757e-05
-1.395118128472020736e-05
-1.329289350224306348e-05
-1.264774660864693044e-05
-1.204298981728398595e-05
-1.145773759514314657e-05
-1.084884515380677178e-05
-1.026410618096912310e-05
-9.676679031408848289e-06
-9.109910825780344774e-06
-8.583314198007225711e-06
-8.081886030351822766e-06
-7.637111015125899532e-06
-7.215485819724502968e-06
-6.773939480372813631e-06
-6.372918181670774913e-06
-5.986937461665586269e-06
-5.631602674339577800e-06
-5.293930605019257501e-06
-4.954548920442484253e-06
-4.647838901678814928e-06
-4.360827744539408880e-06
-4.086152052964197162e-06
-3.869437087438747105e-06
-3.634560948062412465e-06
-3.391555817133094694e-06
-3.168571902830226511e-06
-2.954556883231657612e-06
-2.772174235343870109e-06
-2.599198157983104150e-06
-2.425422015361645825e-06
-2.278232924871420778e-06
-2.114178646319946640e-06
-1.983424487994105746e-06
-1.884830095176193174e-06
-1.745317931530554518e-06
-1.636901856990095021e-06
-1.551649207218058874e-06
-1.451010293863569279e-06
-1.343540590269771942e-06
-1.273840159424161143e-06
-1.195944454440453491e-06
-1.119004637299410252e-06
-1.043950505825004380e-06
-1.015720961800395297e-06
-9.332085925529427418e-07
-8.798258714155936070e-07
-8.376261139506449807e-07
-7.745835086459094852e-07
-7.150794752724017951e-07
-6.710375367993958284e-07
-6.073895960647751025e-07
-5.517904969955020393e-07
-5.291135702476212256e-07
-4.595875320680699454e-07
-4.448721356978047488e-07
-4.027954857315489124e-07
-3.854331019295934109e-07
-3.592825723548778315e-07
-3.347807986773687741e-07
-3.257796789992557192e-07
-2.930227949362299999e-07
-2.932946077602473649e-07
-2.619632656466730042e-07
-2.536975407196525579e-07
-2.356923663252821929e-07
-2.203585341879219075e-07
-2.000762381935029174e-07
-1.892837796495353126e-07
-1.796743525459025745e-07
-1.514125366439080590e-07
-1.589042029207989253e-07
-1.385315801054211625e-07
-1.263474035042162861e-07
-1.274866886662843370e-07
-1.063680178479503356e-07
-1.078069697196963672e-07
-9.697316706340547299e-08
-8.893439866137987739e-08
-8.486760455337052426e-08
-7.720328246843215300e-08
-7.538310610439516447e-08
-6.727933173480781773e-08
-6.781215842246497759e-08
-6.046281026745389812e-08
-5.630614590851350823e-08
-5.530419046305454004e-08
-4.489830304959579414e-08
-4.425826786393110970e-08
-3.897796979336027449e-08
-3.561227496916784836e-08
-3.536071685308545121e-08
-3.126542192085281581e-08
-3.098147215812738907e-08
-2.875105097515786390e-08
-2.695585392641038941e-08
-2.415450459405930247e-08
-2.177983439891968289e-08
-2.102026612471866413e-08
-1.727486700609940960e-08
-1.849976474497926896e-08
-1.650344129571277152e-08
-1.493983023363387069e-08
-1.596048196189827768e-08
-1.302409351396280019e-08
-1.325230376441896264e-08
-1.261849897813156920e-08
-1.009792729776999930e-08
-1.178751484478703774e-08
-9.661676968889835133e-09
-9.022753664442809259e-09
-9.391457716083613642e-09
-7.751248402540542143e-09
-7.826570698139052079e-09
-6.916901223897147745e-09
-6.233470230610122602e-09
-5.978336903137044940e-09
-5.326153907932893126e-09
-4.788926216949625949e-09
-4.235847012265615982e-09
-4.151609481422452514e-09
-3.864822884350568329e-09
-3.244896225454761845e-09
-3.555173498771615404e-09
-2.841617163525210216e-09
-3.229749927090643490e-09
-2.927400528492973835e-09
-2.427104210107680265e-09
-2.986519830337315578e-09
-2.316598878907254311e-09
-2.213613754566369638e-09
-2.246143209884445236e-09
-1.569224071880277299e-09
-1.884575832076404856e-09
-1.421595591747456197e-09
-1.073869903579998921e-09
-1.565136640843831095e-09
-9.841332936135688702e-10
-1.114813374400898973e-09
-1.320637158748653438e-09
-7.963561430250407540e-10
-1.238574620955083103e-09
-9.335918699973200750e-10
-6.646649850979594173e-10
-9.870356341781344673e-10
-5.102059134099940879e-10
-6.455308517117866935e-10
-6.341312350472799707e-10
-3.971377239452742890e-10
-6.501493730222003824e-10
-4.782605006341326996e-10
-3.945984844798018137e-10
-5.498901031905599906e-10
-3.038950354239215485e-10
-3.932598645189934016e-10
-3.392414180360989769e-10
-2.389724976748433507e-10
-3.372815498946313300e-10
-2.595909867406868006e-10
-2.050494153176794223e-10
-3.017898813912487539e-10
-1.543763510771597771e-10
-2.221550254624022366e-10
-1.859716878101784610e-10
-1.340863737419517407e-10
-1.872247573942483682e-10
-1.317845075156328125e-10
-1.195567917219283816e-10
-1.475025480976908885e-10
-8.688051558763549983e-11
-1.164171445294936416e-10
-9.919528854432714353e-11
-7.472998930738340155e-11
-9.393564408765173486e-11
-6.768224296926433518e-11
-6.609790681502171947e-11
-7.045721931336344101e-11
-4.702969349548292067e-11
-5.736643076506420051e-11
-4.927871051599339380e-11
-4.057699360147212301e-11
-4.231700055884223545e-11
-3.329441076899836495e-11
-3.334380327797311696e-11
-3.107127640575811006e-11
-2.319196216839767266e-11
-2.517759895169136693e-11
-2.180348606497054350e-11
-1.959551593389224102e-11
-1.524856479376740830e-11
-1.550557194402536617e-11
-1.312721865077822621e-11
-1.017661165075635765e-11
-1.025720490899695994e-11
-8.451952582340542140e-12
-5.304530998337782566e-12
-8.189429425950090285e-12
-2.535146788889298630e-12
-3.787725931405789786e-12
-2.441621447074570629e-12
-1.025573473046932696e-12
-1.830603433258777075e-12
1.359915805472786193e-12
3.611532832125460394e-13
2.250268782714734125e-13
3.344662557142116380e-12
1.480233041251917766e-12
3.513407167943894572e-12
2.988842347283680797e-12
3.279718968099013396e-12
4.197595213686026617e-12
4.972310234925053376e-12
2.503390669351103509e-12
6.783690609642170649e-12
3.231322159769152514e-12
5.996760697105256795e-12
4.732689232628052873e-12
4.699034460116582637e-12
5.712681792765739359e-12
5.466761296639651832e-12
4.177751116872529912e-12
6.522129823436314106e-12
4.154459112535082417e-12
5.839995362836737134e-12
4.872387546910613093e-12
4.609824765907622397e-12
5.317811911286567875e-12
4.826081323217075125e-12
4.023831040407026524e-12
5.364589373382525363e-12
3.588113270083423038e-12
4.740729331738499784e-12
3.870912019607175064e-12
3.637884938030914918e-12
3.973844318533156529e-12
3.547533096944647357e-12
2.984746518524591657e-12
3.714200812781281526e-12
2.459295302284565360e-12
3.221206007515333983e-12
2.495812862063701891e-12
2.375234863482915283e-12
2.475403307174524810e-12
2.202072876980518551e-12
1.830329467290665823e-12
2.246739936841975946e-12
1.434531423813353029e-12
1.981340898912337700e-12
1.456397800905600885e-12
1.489403026884078151e-12
1.513425586140595934e-12
1.437994720780217790e-12
1.237777283991286292e-12
1.569571121094076158e-12
1.101643591103609703e-12
1.576255259296196284e-12
1.258328492791244244e-12
1.432836069212995298e-12
1.467073599385614211e-12
1.551897507328326920e-12
1.477330170465992667e-12
1.779907457681685640e-12
1.529446402881219771e-12
1.931860568392941849e-12
1.732663041358629079e-12
1.933680038519226584e-12
1.930582310402494696e-12
2.038604021858553138e-12
1.963297362262183572e-12
2.158988587463517886e-12
1.949500843483812234e-12
2.194906347238545471e-12
1.984465211131355751e-12
2.093131211967073826e-12
1.991094623064033047e-12
2.028267673614557768e-12
1.895986630743921123e-12
1.983393017270316883e-12
1.783957108259445416e-12
1.926376189326531859e-12
1.745308456025348448e-12
1.835397907231701261e-12
1.749818512471192728e-12
1.818758747580698558e-12
1.749499069926841969e-12
1.864660212284708853e-12
1.768866333237191579e-12
1.924262007036676903e-12
1.834456985736161056e-12
1.947697155357931799e-12
1.895086026068520940e-12
1.966385944080293810e-12
1.900904156425968018e-12
1.968675111381685390e-12
1.865031062408428105e-12
1.940965233674189133e-12
1.833942824604198695e-12
1.890269486058645749e-12
1.818637066038871051e-12
1.869860204084091573e-12
1.819542465798715450e-12
1.890140221882905965e-12
1.838143270084780874e-12
1.923060689030782219e-12
1.868418142713227015e-12
1.931294811045145504e-12
1.878569792814376558e-12
1.915875687400465338e-12
1.859179579095656281e-12
1.894416938606390591e-12
1.836690911542810308e-12
1.888079517456984319e-12
1.843971310064177479e-12
1.898707917288092265e-12
1.867613063846489394e-12
1.910568082448101152e-12
1.874079806562089547e-12
1.904499788154570164e-12
1.857560350965720656e-12
1.890268649062762169e-12
1.851289581578287953e-12
1.890736241743669114e-12
1.865685374084654431e-12
1.901207230991186527e-12
1.873161531229082128e-12
1.897238691327141088e-12
1.861522951348542309e-12
1.887884268420101621e-12
1.860942788870349831e-12
1.893395035801836121e-12
1.872226058695353833e-12
1.895591545492819757e-12
1.868589840120490939e-12
1.886971193810024786e-12
1.864461069180698087e-12
1.891117498504800658e-12
1.872335058076915878e-12
1.892378875643198577e-12
1.868701992352473957e-12
1.885546659680683190e-12
1.869977269247626599e-12
1.890660605868709007e-12
1.872788609438408811e-12
1.887124516422766650e-12
1.869080026322422655e-12
1.887778094711776964e-12
1.874088602833988779e-12
1.886988983611995092e-12
1.870986140779003401e-12
1.886047229474022064e-12
1.874351472233181854e-12
1.886495177556271760e-12
1.871832659148345780e-12
1.885813176574498547e-12
1.874898968373386473e-12
1.884759016002678910e-12
1.873398601994004971e-12
1.885678754453539796e-12
1.874633396804235771e-12
1.883897631680527441e-12
1.875046439890108629e-12
1.884740641039939090e-12
1.874388564803462566e-12
1.884306099024657775e-12
1.875590943790711612e-12
1.883221646156092774e-12
1.876001169966178201e-12
1.883424508975449897e-12
1.875595572737486213e-12
1.883655176120761587e-12
1.875692404975602284e-12
1.883282798526005376e-12
1.876198583338033897e-12
1.882774450040716237e-12
1.876632394922123228e-12
1.882437649912081021e-12
1.876883724848745204e-12
1.882247230101671562e-12
1.877037517967943775e-12
1.882111942066831701e-12
1.877165628169072377e-12
1.881985196566374284e-12
1.877293371228028841e-12
1.881856139227830467e-12
1.877423249492303914e-12
1.881726322746937523e-12
1.877552231383182225e-12
1.881598922879895463e-12
1.877677572793367626e-12
1.881476085089095206e-12
1.877797705138039868e-12
1.881358894359795629e-12
1.877911922250996827e-12
1.881247772715038982e-12
1.878020011045755612e-12
1.881142782871118490e-12
1.878122016916072154e-12
1.881043803345332869e-12
1.878218115521802424e-12
1.880950621440632469e-12
1.878308545594681093e-12
1.880862981811526822e-12
1.878393573753348829e-12
1.880780612054343863e-12
1.878473475809972750e-12
1.880703236442065586e-12
1.878548526661525813e-12
1.880630583366805238e-12
1.878618994804506598e-12
1.880562389390938496e-12
1.878685139367612229e-12
1.880498401396640544e-12
1.878747208592970152e-12
1.880438377640268309e-12
1.878805439146437922e-12
1.880382088162338728e-12
1.878860055927213936e-12
1.880329314818738247e-12
1.878911272168517190e-12
1.880279851083033529e-12
1.878959289723387064e-12
1.880233501710599366e-12
1.879004299445102394e-12
1.880190082325201647e-12
1.879046481631819325e-12
1.880149418960388712e-12
1.879086006501467491e-12
1.880111347584808029e-12
1.879123034675572725e-12
1.880075713617765922e-12
1.879157717662147976e-12
1.880042371454692880e-12
1.879190198330725196e-12
1.880011183996976199e-12
1.879220611371161899e-12
1.879982022200436490e-12
1.879249083742638265e-12
1.879954764637514477e-12
1.879275735091089718e-12
1.879929297076280090e-12
1.879300678158276013e-12
1.879905512076184288e-12
1.879324019161556899e-12
1.879883308602221714e-12
1.879345858156143912e-12
1.879862591652646915e-12
1.879366289371157040e-12
1.879843271904016112e-12
1.879385401527103347e-12
1.879825265364194630e-12
1.879403278127162487e-12
1.879808493042742384e-12
1.879419997724599086e-12
1.879792880625295932e-12
1.879435634168781936e-12
1.879778358158254735e-12
1.879450256820975130e-12
1.879764859733421376e-12
1.879463930745618744e-12
1.879752323175921823e-12
1.879476716870161688e-12
1.879740689727482904e-12
1.879488672116297069e-12
1.879729903723803995e-12
1.879499849489774695e-12
