# bin_1_1
1.105941628688144052e+00
1.105354105408974386e+00
1.105932362681269154e+00
1.105378765736020119e+00
1.105924755211683319e+00
1.105403225063725348e+00
1.105918807067085785e+00
1.105427590144356875e+00
1.105914524044846248e+00
1.105451966769705141e+00
1.105911916364792358e+00
1.105476459422514823e+00
1.105910997934687723e+00
1.105501170750714302e+00
1.105911785439839479e+00
1.105526200830473149e+00
1.105914297214081188e+00
1.105551646180108483e+00
1.105918551860368249e+00
1.105577598484460911e+00
1.105924566568712741e+00
1.105604142981919669e+00
1.105932355091445274e+00
1.105631356467571047e+00
1.105941925316267893e+00
1.105659304863584547e+00
1.105953276397335427e+00
1.105688040305574882e+00
1.105966395389876622e+00
1.105717597703949728e+00
1.105981253351003835e+00
1.105747990743124909e+00
1.105997800876835413e+00
1.105779207302914235e+00
1.106015963070636099e+00
1.105811204305493289e+00
1.106035633961641951e+00
1.105843902033986081e+00
1.106056670442942202e+00
1.105877178012693474e+00
1.106078885850809046e+00
1.105910860613238622e+00
1.106102043388438760e+00
1.105944722633559918e+00
1.106125849696137031e+00
1.105978475212739509e+00
1.106149948992031673e+00
1.106011762574430790e+00
1.106173918354602215e+00
1.106044158255151455e+00
1.106197264889197784e+00
1.106075163648068349e+00
1.106219425698054870e+00
1.106104209875941269e+00
1.106239771763636526e+00
1.106130664186112611e+00
1.106257617004398730e+00
1.106153842189635750e+00
1.106272233873093924e+00
1.106173027323736680e+00
1.106282876844727259e+00
1.106187498820058845e+00
1.106288814959789368e+00
1.106196569152547493e+00
1.106289374125326130e+00
1.106199631312311249e+00
1.106283989060841133e+00
1.106196215216022072e+00
1.106272263489195717e+00
1.106186051009537374e+00
1.106254035352649323e+00
1.106169134921553443e+00
1.106229441449454676e+00
1.106145790685709063e+00
1.106198973037451072e+00
1.106116716554551571e+00
1.106163510913628301e+00
1.106083004983006601e+00
1.106124325796463248e+00
1.106046119861136434e+00
1.106083028392752743e+00
1.106007815801074434e+00
1.106041454582852968e+00
1.105969986844117070e+00
1.106001476235128900e+00
1.105934439652955792e+00
1.105964738836090477e+00
1.105902600173202632e+00
1.105932344415424540e+00
1.105875183331140210e+00
1.105904521744864422e+00
1.105851881008132809e+00
1.105880352440084202e+00
1.105831149437049188e+00
1.105857644454683264e+00
1.105810194095790511e+00
1.105833052047351384e+00
1.105785244637766285e+00
1.105802518711157756e+00
1.105752169061860801e+00
1.105762052564750908e+00
1.105707384237166746e+00
1.105708727319080875e+00
1.105648883118456771e+00
1.105641652615640957e+00
1.105577049583707616e+00
1.105562525352855596e+00
1.105494838701945648e+00
1.105475344663639836e+00
1.105406961470475347e+00
1.105385047867831538e+00
1.105318016649377233e+00
1.105295258962870397e+00
1.105230058738184695e+00
1.105205955434212850e+00
1.105140699473850630e+00
1.105112359518066745e+00
1.105043109413428981e+00
1.105006269369417149e+00
1.104928726012726292e+00
1.104879957942433988e+00
1.104791889454940446e+00
1.104730835578297210e+00
1.104633639147545754e+00
1.104563447533935650e+00
1.104461142920303063e+00
1.104385963389071357e+00
1.104281486188002370e+00
1.104202237538914888e+00
1.104093662651384200e+00
1.104005811434756179e+00
1.103886603041491776e+00
1.103783277333838297e+00
1.103647847274029647e+00
1.103526513005696819e+00
1.103375981972362307e+00
1.103241099890451826e+00
1.103081306064490397e+00
1.102937609522604667e+00
1.102769492786642491e+00
1.102612984737189494e+00
1.102428238992850806e+00
1.102249296146431856e+00
1.102040721114935229e+00
1.101837750839637531e+00
1.101609631001149170e+00
1.101389955806925558e+00
1.101147381342945764e+00
1.100909484017048134e+00
1.100643437966321248e+00
1.100375021594182323e+00
1.100076709705802624e+00
1.099777574172988048e+00
1.099454160934389302e+00
1.099131598631242879e+00
1.098782101608260620e+00
1.098424886048900984e+00
1.098034816771167765e+00
1.097636048624022420e+00
1.097210163383382397e+00
1.096778521992071376e+00
1.096316404869452255e+00
1.095838454717177335e+00
1.095324500869761408e+00
1.094796814428936393e+00
1.094239312568944689e+00
1.093665591738297138e+00
1.093052221892613529e+00
1.092414931581982218e+00
1.091741914572205152e+00
1.091049349318677253e+00
1.090315259863755104e+00
1.089549567081788739e+00
1.088741460523686255e+00
1.087907434459814748e+00
1.087027193010869919e+00
1.086107989274050389e+00
1.085141235904246049e+00
1.084140657166940747e+00
1.083085337597723186e+00
1.081984228106462442e+00
1.080831663651385499e+00
1.079633211885749899e+00
1.078370331579668218e+00
1.077058600977816250e+00
1.075685742899582742e+00
1.074251553242550283e+00
1.072751614009553656e+00
1.071192408631080006e+00
1.069555551581823583e+00
1.067855720478906534e+00
1.066077820522105313e+00
1.064224458871058321e+00
1.062293314699192193e+00
1.060279431347711299e+00
1.058180579866647930e+00
1.055997181870091506e+00
1.053719193246354768e+00
1.051354302020364839e+00
1.048887253077080972e+00
1.046328515271977011e+00
1.043662186036757644e+00
1.040898095545621072e+00
1.038021913143311048e+00
1.035041842222354180e+00
1.031945469193159992e+00
1.028739607023253511e+00
1.025413470065106747e+00
1.021972986504449565e+00
1.018408690606925404e+00
1.014726065018671353e+00
1.010916785430981291e+00
1.006986221104446244e+00
1.002927126259070878e+00
9.987450145175615912e-01
9.944337317870097781e-01
9.899991509737809947e-01
9.854362679022454774e-01
9.807515046200634412e-01
9.759410889609181350e-01
9.710121633552765141e-01
9.659622776842151648e-01
9.607994460941797765e-01
9.555226242515376667e-01
9.501408226356552467e-01
9.446544653940213143e-01
9.390736461066397922e-01
9.334002827144475267e-01
9.276455861082876231e-01
9.218129376762634886e-01
9.159146297544905613e-01
9.099554013203827729e-01
9.039485010081869110e-01
8.978998236957268508e-01
8.918233407558520121e-01
8.857257866700937177e-01
8.796214971671681981e-01
8.735176012559034975e-01
8.674283058309445460e-01
8.613605552162162393e-01
8.553278007403564143e-01
8.493360974519817974e-01
8.433973991177737828e-01
8.375160704505463238e-01
8.317017518479890015e-01
8.259562751985867202e-01
8.202861480288023976e-01
8.146898711929700942e-01
8.091700979917114678e-01
8.037213616422375084e-01
7.983419697371991752e-01
7.930221563765115222e-01
7.877557736188406379e-01
7.825288847721529883e-01
7.773313091004647735e-01
7.721456656928843421e-01
7.669588122023640597e-01
7.617513297412786821e-01
7.565088681154532591e-01
7.512120295351892851e-01
7.458475912334215918e-01
7.403987009596258995e-01
7.348558970473918484e-01
7.292074787805459257e-01
7.234501945371381026e-01
7.175796096787214751e-01
7.116003036662200687e-01
7.055160488680664033e-01
6.993393716424290973e-01
6.930814021972623307e-01
6.867607355016338566e-01
6.803929327872295652e-01
6.739987741701630730e-01
6.675935810108564183e-01
6.611951591639083636e-01
6.548133215516334094e-01
6.484580074794611404e-01
6.421295204987809147e-01
6.358273594026410125e-01
6.295416217604665743e-01
6.232628755249838282e-01
6.169748200328745158e-01
6.106650232807300238e-01
6.043183202675919130e-01
5.979275857871657607e-01
5.914867501506636538e-01
5.850003517795984154e-01
5.784749288953214830e-01
5.719263895075883397e-01
5.653693115067996988e-01
5.588224039687325062e-01
5.522968216264971808e-01
5.458016525982951617e-01
5.393337475146654514e-01
5.328858841937612612e-01
5.264402733948629898e-01
5.199804384379007605e-01
5.134877360264641366e-01
5.069543896067256750e-01
5.003788065175921451e-01
4.937747658424450070e-01
4.871610671148654537e-01
4.805645069502486044e-01
4.740048167870986595e-01
4.674961488702629175e-01
4.610349161309146293e-01
4.546081669895465360e-01
4.481904736191642535e-01
4.417603579476664932e-01
4.353010587871631865e-01
4.288146354618584399e-01
4.223146021531893335e-01
4.158289939156422088e-01
4.093834715472572383e-01
4.030002794383579223e-01
3.966840530750042615e-01
3.904285863510637555e-01
3.842118223241094421e-01
3.780100970065350396e-01
3.717979556083516601e-01
3.655654040744313327e-01
3.593182271926824711e-01
3.530894880048025541e-01
3.469232285199330690e-01
3.408611057230489516e-01
3.349077713401703016e-01
3.290272588970570844e-01
3.231537888641208833e-01
3.172451229592700428e-01
3.113125537068221482e-01
3.054239324590060090e-01
2.996427745305968449e-01
2.939819838105928729e-01
2.883924277805871572e-01
2.828236380576145681e-01
2.772643006854141889e-01
2.717456841670236045e-01
2.662933040059819456e-01
2.609191011363916068e-01
2.556232601965672813e-01
2.503982581128654794e-01
2.452110815409538902e-01
2.400558018676503258e-01
2.349873378319851103e-01
2.300494240541303137e-01
2.251582352536301845e-01
2.202333085073859553e-01
2.153885439590896844e-01
2.107654414538962517e-01
2.062060499959598170e-01
2.015296247453386425e-01
1.969486117813050718e-01
1.926564879498283145e-01
1.883645081073486993e-01
1.839514305625396529e-01
1.797474378163104736e-01
1.757431119510869111e-01
1.716647965170961798e-01
1.676442228629703990e-01
1.637694984667228681e-01
1.599669623144710784e-01
1.562665103210346129e-01
1.525687893510045690e-01
1.489510003108820424e-01
1.455174642776972116e-01
1.420683542490071560e-01
1.386832089231104514e-01
1.354480824179911946e-01
1.322344109827116032e-01
1.291037180911817905e-01
1.260831030687495080e-01
1.230693788760714724e-01
1.202026999207273794e-01
1.173688032949984916e-01
1.145950512846425906e-01
1.119415726021891905e-01
1.093088970175733199e-01
1.067686466837002718e-01
1.043023066065267845e-01
1.018852747093336314e-01
9.954651309247394830e-02
9.727492711614893484e-02
9.505453233553144698e-02
9.291448906430062327e-02
9.081867901098089613e-02
8.879501030069990308e-02
8.682255471422618831e-02
8.491177871903989038e-02
8.305243527719662067e-02
8.125217562754939726e-02
7.950159413986576662e-02
7.780611595200208341e-02
7.615534273224508488e-02
7.455965863047643583e-02
7.300386516511725432e-02
7.150067287833483665e-02
7.003590329907012635e-02
6.861758225000857969e-02
6.724012019677272356e-02
6.590218043753642840e-02
6.460206389459485776e-02
6.334078278797183881e-02
6.211214544619376998e-02
6.092219501896476569e-02
5.976163988315300740e-02
5.863432646703969908e-02
5.753884077024240540e-02
5.647136734612356185e-02
5.543201966824029547e-02
5.442010788598421883e-02
5.343254130432276844e-02
5.247332162864573601e-02
5.153400423353460269e-02
5.061867247549262094e-02
4.972664748365224208e-02
4.885342926604392677e-02
4.800043420705791403e-02
4.716608254412980178e-02
4.634905416398965583e-02
4.555240074095969621e-02
4.476808658759486720e-02
4.400125356659859849e-02
4.325073512246969260e-02
4.251180305813060528e-02
4.178799122681092770e-02
4.107645908589418332e-02
4.037636871784778397e-02
3.969145887306797793e-02
3.901379694490830080e-02
3.834862935251072413e-02
3.769469649674836442e-02
3.704770743299563851e-02
3.641232910438334941e-02
3.578474630207956197e-02
3.516456000434032420e-02
3.455632041456772191e-02
3.395214428015010805e-02
3.335678399157645385e-02
3.276923131616697044e-02
3.218652227403751009e-02
3.161256277893673833e-02
3.104339316812314981e-02
3.047978829533689454e-02
2.992590243160415248e-02
2.937406115742251592e-02
2.882914827752523085e-02
2.828995952388533783e-02
2.775467708285551255e-02
2.722646769005854922e-02
2.670128042317649122e-02
2.618120372726413098e-02
2.566925176895330785e-02
2.515813621298080421e-02
2.465364078455331912e-02
2.415373807227754605e-02
2.365705621012046192e-02
2.316724113162804341e-02
2.267973276993887760e-02
2.219710057557769747e-02
2.172184635758531157e-02
2.124726556653758203e-02
2.077949767349599255e-02
2.031587154399912276e-02
1.985541200103135839e-02
1.940228392194788890e-02
1.895134489798747449e-02
1.850512978723446722e-02
1.806628249494999713e-02
1.762895150094067470e-02
1.719843125249411950e-02
1.677196934468983339e-02
1.634951998113748362e-02
1.593476303277619952e-02
1.552242002509217518e-02
1.511535818819581545e-02
1.471574403224962940e-02
1.431868421189824540e-02
1.392873645612837698e-02
1.354315471145672682e-02
1.316270523951934383e-02
1.279016012740487665e-02
1.242051760052202865e-02
1.205735801198581751e-02
1.170165552254118224e-02
1.134929433301370277e-02
1.100489463500908469e-02
1.066536957061542563e-02
1.033161209429426554e-02
1.000616272865242559e-02
9.684330982150986949e-03
9.369744318273554376e-03
9.062533048748650302e-03
8.759409339181820769e-03
8.464676091711871575e-03
8.175126204209489170e-03
7.891512827633314145e-03
7.616169176041851993e-03
7.344959004146551021e-03
7.080933584069003424e-03
6.823663637532610682e-03
6.571011717311153050e-03
6.326074348427055544e-03
6.086090138416652869e-03
5.851717757034879432e-03
5.624682039000040816e-03
5.401630249813448720e-03
5.184929769951903029e-03
4.973866937277852084e-03
4.767204992757004788e-03
4.566966628254645784e-03
4.370916745511529110e-03
4.179879717658601876e-03
3.994897935293229875e-03
3.813527483661632161e-03
3.637760119954808538e-03
3.466883123668219793e-03
3.300351993719118689e-03
3.139702569573279024e-03
2.983287733265918302e-03
2.832125561090143538e-03
2.686871979859496457e-03
2.545926831252035092e-03
2.410946376395674794e-03
2.281270693644969760e-03
2.156612738913391003e-03
2.038042387306353981e-03
1.924123675633587511e-03
1.815510469318458659e-03
1.712290674496339416e-03
1.613091756971627181e-03
1.518738559889279850e-03
1.428311126946271888e-03
1.341345971406616251e-03
1.258356045237024818e-03
1.178036213043876955e-03
1.100847533172151244e-03
1.026882979281665753e-03
9.554948555339554030e-04
8.875570625036411244e-04
8.228794040101753511e-04
7.617686674540584011e-04
7.050823606529836021e-04
6.522529590634835528e-04
6.040037012351983639e-04
5.604206083817233133e-04
5.209564073869818327e-04
4.858215122664677390e-04
4.542762316914869991e-04
4.258654190601246438e-04
4.003191323497468849e-04
3.762668795541002260e-04
3.535703972157286162e-04
3.315709823918984596e-04
3.094838905313656544e-04
2.873650546098754704e-04
2.646797632026825077e-04
2.412966076683148930e-04
2.172672605491319576e-04
1.917379383974871139e-04
1.649888485039130730e-04
1.368119531410801157e-04
1.072510748370257300e-04
7.732724662602136309e-05
4.774533675265178295e-05
1.964119690510832808e-05
-5.827104222384019264e-06
-2.886881692273662964e-05
-4.930765236235648433e-05
-6.781011417747410540e-05
-8.491218730615968037e-05
-1.002987818351701939e-04
-1.137408247918346216e-04
-1.244524815542613584e-04
-1.318135024477019542e-04
-1.367514063537562594e-04
-1.399459811645378435e-04
-1.424931596539502090e-04
-1.446994502592319491e-04
-1.458477399981196942e-04
-1.454900810128538871e-04
-1.433213507656139478e-04
-1.399582249548676988e-04
-1.369392489975855011e-04
-1.340724030013609063e-04
-1.306841432916766447e-04
-1.259920439666232931e-04
-1.202517853315772595e-04
-1.150738016693818121e-04
-1.107260535961286711e-04
-1.061935346185470552e-04
-1.010339785224047667e-04
-9.526377407853716230e-05
-9.036161695463650555e-05
-8.642616870568971992e-05
-8.201163717993485713e-05
-7.700016146826942054e-05
-7.236691643009739486e-05
-6.875668379989328559e-05
-6.537089417866667697e-05
-6.098290889629796614e-05
-5.723835286001624056e-05
-5.457215459333583906e-05
-5.123306355642257828e-05
-4.772197748754479041e-05
-4.514124345660707442e-05
-4.256194219843443372e-05
-3.965918947006963948e-05
-3.721799556209736038e-05
-3.523415944430979423e-05
-3.278349800419194231e-05
-3.070457626338151199e-05
-2.904493790804857757e-05
-2.695453381696307209e-05
-2.538813470288434640e-05
-2.387585263722654701e-05
-2.210813589482386586e-05
-2.102077855977672945e-05
-1.950282203029574530e-05
-1.831560245821710963e-05
-1.721353584573491959e-05
-1.606438312902340435e-05
-1.515836557449182571e-05
-1.416861362427088245e-05
-1.334274384484185374e-05
-1.246612902096789754e-05
-1.178140938255821750e-05
-1.088906194609270890e-05
-1.032422793435857370e-05
-9.614085339788720934e-06
-8.958772129718345459e-06
-8.414971496525235653e-06
-7.800648869839630343e-06
-7.267273018524297328e-06
-6.879798646789334051e-06
-6.285921405873124808e-06
-5.934496286145221227e-06
-5.507695861525265386e-06
-5.148425947313681619e-06
-4.811576916070344742e-06
-4.444229157712405046e-06
-4.189029057964665380e-06
-3.912814216590050718e-06
-3.625819099337760752e-06
-3.418666834507696040e-06
-3.158403540297865319e-06
-2.971275173427105221e-06
-2.788540450414770063e-06
-2.574765728653641013e-06
-2.419632432305487517e-06
-2.285039957364931157e-06
-2.058657946400033332e-06
-1.993783000988810626e-06
-1.831137749184365150e-06
-1.667065510725099302e-06
-1.629116232448937635e-06
-1.448862651249976522e-06
-1.379907195993863001e-06
-1.304283303411776221e-06
-1.162421523654897203e-06
-1.142519554034167892e-06
-1.033551967433652363e-06
-9.724276358236391448e-07
-9.184661283350924028e-07
-8.376255866982244979e-07
-7.937807134199296568e-07
-7.297892488925914058e-07
-6.877940390426074318e-07
-6.269118937012239857e-07
-5.845773713830369311e-07
-5.558116690600835588e-07
-5.024418169682340589e-07
-4.772050334215561262e-07
-4.397381830587302656e-07
-4.090792120500153976e-07
-3.863942507276679716e-07
-3.468139987691965128e-07
-3.234497326982367160e-07
-3.011591171654174394e-07
-2.801166185521205432e-07
-2.564513255998130795e-07
-2.416301217708608519e-07
-2.297382107802688406e-07
-2.040384413529575194e-07
-2.017468038108348751e-07
-1.766545690181505273e-07
-1.652002796546970203e-07
-1.624784329651235671e-07
-1.378246507449126758e-07
-1.404038079717668131e-07
-1.292546406458671414e-07
-1.112379109560444706e-07
-1.185397291466140290e-07
-9.912587591954409627e-08
-9.477857721771956738e-08
-9.261937046836006136e-08
-7.860646330035879094e-08
-8.141685011520815952e-08
-7.133762273756057468e-08
-6.337380904972447780e-08
-6.401842052486195352e-08
-5.619552634389780207e-08
-5.292536663153816023e-08
-4.769738470423609325e-08
-4.589191710858220066e-08
-4.348519631651123639e-08
-3.922850705930831235e-08
-3.682385405024221505e-08
-3.273227287399494455e-08
-3.401830626307742750e-08
-2.958180123640568381e-08
-2.488274807423656578e-08
-2.815120882425852943e-08
-2.220888708549624422e-08
-2.232849683068891957e-08
-2.089376742564038577e-08
-1.598265044350573238e-08
-2.042113695962035653e-08
-1.575817992665949909e-08
-1.292735567810002414e-08
-1.703076553480380804e-08
-1.086696888208542090e-08
-1.301647187818105540e-08
-1.184302931515007760e-08
-7.681577917309138142e-09
-1.189392951395503939e-08
-7.866190884764167311e-09
-6.723050382581913483e-09
-9.455920686879494359e-09
-5.006963511744954426e-09
-7.303744713250287042e-09
-6.311345507115527921e-09
-3.909363573918602108e-09
-6.761347048695670916e-09
-3.932568161012325833e-09
-3.843460608276648096e-09
-4.933599449587448874e-09
-2.475574781296544561e-09
-3.832448136182237965e-09
-3.181925048304046134e-09
-1.853052463337285126e-09
-3.447342102777661802e-09
-1.734025983862053070e-09
-1.979605072107421397e-09
-2.312716790969953871e-09
-1.185771863596071702e-09
-1.874208183363347847e-09
-1.463919757334291169e-09
-8.460726704645853277e-10
-1.588749731147172698e-09
-6.997035501851153362e-10
-9.067319558664122933e-10
-9.323970207033127635e-10
-4.330372476735772622e-10
-7.555957257233533555e-10
-5.193953648703502093e-10
-2.823558722990125983e-10
-5.585916887667234538e-10
-1.659207329512557301e-10
-2.691230977976253665e-10
-2.467028938883498123e-10
-4.292213983921720132e-11
-1.664698800939197701e-10
-3.762754383989827572e-11
2.236824912033475550e-11
-4.738638861298764680e-11
1.072549527379900377e-10
6.352007069104857086e-11
7.784972174251568658e-11
1.535505444057630900e-10
1.221975143840649747e-10
1.666926678813293708e-10
1.715603090232963956e-10
1.800051530099405081e-10
2.075669697268960416e-10
2.031940396398872604e-10
2.064725897401066447e-10
2.166610396688015977e-10
2.211645549996362098e-10
2.289569318834044109e-10
2.064196855311426900e-10
2.379360240424869302e-10
2.096337845005358979e-10
2.260017603555886373e-10
2.086328970529189762e-10
2.003356114610023694e-10
2.101406506239046586e-10
1.963031620203495863e-10
1.758140544155595252e-10
1.934468806302938135e-10
1.587949349400698218e-10
1.698505124548149186e-10
1.488155038444947224e-10
1.328095562561718196e-10
1.403325560745930511e-10
1.191210829138067039e-10
1.023293709384428497e-10
1.109705198807674937e-10
7.719406095969283829e-11
8.669322071095315210e-11
6.605662847640276478e-11
5.135629320711759524e-11
5.609495578398785928e-11
3.851718613058009253e-11
2.653998256058721474e-11
3.236407192971407903e-11
6.961208506667254990e-12
1.793951989356250790e-11
2.171323502273072615e-12
-4.105857867563394283e-12
1.187300345872868363e-12
-8.073591257038266219e-12
-1.132494955139814230e-11
-4.340586411234208620e-12
-1.716894904839953448e-11
-3.693458877346010690e-12
-1.049311279204128447e-11
-8.530975291447100473e-12
-5.439478548691792791e-13
-1.318092100524705231e-12
1.606598396130424786e-12
1.063385117800534815e-11
5.869143386119224024e-12
1.968875348699952512e-11
1.678583420155472168e-11
2.176306461688519523e-11
2.730961107343599191e-11
2.825232192714436034e-11
2.980587991743961179e-11
3.474863009937044163e-11
2.957586018491150595e-11
3.686268247588044411e-11
3.103289304570546850e-11
3.175901532438726742e-11
3.066930287776654578e-11
2.809875787121160620e-11
2.510437929905263314e-11
2.513778772849184760e-11
1.863275712287835182e-11
2.170848922141244466e-11
1.596572709572141758e-11
1.677776727999747019e-11
1.579386366017490032e-11
1.597515077786202138e-11
1.576139004420926253e-11
1.864620079513877820e-11
1.700747177710278989e-11
2.225036952769253748e-11
2.074509515673266227e-11
2.394961018026083060e-11
2.412663461685433246e-11
2.522692681416257891e-11
2.441484029826608602e-11
2.537112010459601167e-11
2.226870755292436108e-11
2.375261340189913403e-11
2.028255514767943202e-11
2.087514378797407790e-11
1.921043171131292710e-11
1.976189931720001161e-11
1.919393815817882327e-11
2.101710930255597587e-11
2.028006273464265107e-11
2.304143464446279296e-11
2.201429505801610996e-11
2.363743216204045171e-11
2.252620542528170486e-11
2.279411260755257459e-11
2.130143943587882398e-11
2.155151136829330048e-11
1.991390514600723103e-11
2.121599432461755743e-11
2.029138186000443909e-11
2.192033176156978448e-11
2.164419335492716716e-11
2.269110496468293181e-11
2.198259003958259598e-11
2.236830486557005126e-11
2.095508318798870080e-11
2.155303677531108632e-11
2.053458000191377921e-11
2.162799212013225276e-11
2.135170150163983957e-11
2.229989696641775497e-11
2.176125051865976551e-11
2.209628703983587006e-11
2.103150325094707743e-11
2.156676044914145634e-11
2.096297554253911669e-11
2.193184821139987954e-11
2.160591195082732994e-11
2.209634167274570230e-11
2.135753952554116193e-11
2.160674406718413398e-11
2.108390358928362103e-11
2.188097502496749064e-11
2.153046630365379563e-11
2.198266732994289100e-11
2.128701183255171756e-11
2.159736151238553407e-11
2.134016119896661241e-11
2.192598278247906723e-11
2.148820630351961480e-11
2.173401833882346209e-11
2.124567318455156611e-11
2.179299450820631971e-11
2.152680286434120504e-11
2.176443516061837912e-11
2.132272900133391819e-11
2.172494614367705486e-11
2.150834977708582962e-11
2.176764727188714415e-11
2.134173311793194722e-11
2.174190984472573780e-11
2.151088950218942910e-11
2.169302202927523488e-11
2.140706118912186424e-11
2.176143817438671179e-11
2.146842874587171657e-11
2.166688903804719192e-11
2.148121472298117747e-11
2.172916949683582505e-11
2.143037095246272008e-11
2.171410121994754531e-11
2.149190077967901598e-11
2.165926887688292623e-11
2.150663171701543093e-11
2.168100735420742310e-11
2.147302558531298143e-11
2.170383801718689603e-11
2.147012412376283281e-11
2.168993469763715145e-11
2.149232911048839354e-11
2.166733668080297506e-11
2.151071573779561550e-11
2.165452413016091642e-11
2.151864402348332757e-11
2.165002122483301228e-11
2.152117726246650991e-11
2.164838473960741649e-11
2.152259693211061523e-11
2.164684740763214036e-11
2.152439532919239406e-11
2.164478351745122425e-11
2.152669802264602979e-11
2.164231002777141100e-11
2.152930010227046741e-11
2.163963984966531455e-11
2.153201526789243430e-11
2.163692276738435231e-11
2.153472902755315527e-11
2.163424369693571369e-11
2.153737984935716310e-11
2.163164659772501530e-11
2.153993693870541566e-11
2.162915275572949333e-11
2.154238610023918609e-11
2.162677135241962236e-11
2.154472198266213225e-11
2.162450510573165878e-11
2.154694398776288324e-11
2.162235324294656156e-11
2.154905410234988693e-11
2.162031309265560083e-11
2.155105572250570514e-11
2.161838096121310808e-11
2.155295299713061171e-11
2.161655263024725406e-11
2.155475045026377032e-11
2.161482364670351509e-11
2.155645275894338335e-11
2.161318949635205558e-11
2.155806461967600807e-11
2.161164570906339560e-11
2.155959066798694770e-11
2.161018792310965768e-11
2.156103542976910676e-11
2.160881192432067327e-11
2.156240329312619270e-11
2.160751366943430918e-11
2.156369849275380437e-11
2.160628929906906680e-11
2.156492510285753812e-11
2.160513514450419726e-11
2.156608703542808680e-11
2.160404772971973235e-11
2.156718804234694759e-11
2.160302377101288921e-11
2.156823171977618223e-11
2.160206017462971333e-11
2.156922151432124867e-11
2.160115403337540222e-11
2.157016073016945662e-11
2.160030262255360795e-11
2.157105253705234030e-11
2.159950339555688269e-11
2.157189997851314772e-11
2.159875397937358875e-11
2.157270598063921191e-11
2.159805217014841050e-11
2.157347336065197924e-11
2.159739592886570915e-11
2.157420483580405423e-11
2.159678337725183798e-11
2.157490303204182916e-11
2.159621279391818658e-11
2.157557049268274759e-11
2.159568261078959589e-11
2.157620968684735412e-11
2.159519140971966118e-11
2.157682301776492449e-11
2.159473791940336115e-11
2.157741283080984829e-11
2.159432101243710620e-11
2.157798142118582347e-11
2.159393970252193091e-11
2.157853104123265285e-11
2.159359314163169938e-11
2.157906390726584845e-11
2.159328061723181056e-11
2.157958220583733531e-11
2.159300154917592360e-11
2.158008809922647677e-11
2.159275548632537081e-11
2.158058373005657270e-11
