# bin_5_3
5.327657828207040851e-06
5.331881648167119666e-06
5.327776115251991364e-06
5.331747150636022071e-06
5.327885927554483584e-06
5.331618827727251179e-06
5.327987584113798371e-06
5.331496149634164266e-06
5.328081367491113651e-06
5.331378597261316942e-06
5.328167523728864340e-06
5.331265659345958050e-06
5.328246262004674321e-06
5.331156829462959283e-06
5.328317754004208174e-06
5.331051602870358610e-06
5.328382132986323780e-06
5.330949473175602068e-06
5.328439492514711631e-06
5.330849928778080776e-06
5.328489884829784855e-06
5.330752449054429115e-06
5.328533318823827469e-06
5.330656500244103691e-06
5.328569757589090650e-06
5.330561530991461640e-06
5.328599115493657971e-06
5.330466967501623250e-06
5.328621254752795789e-06
5.330372208264042842e-06
5.328635981453272822e-06
5.330276618294736247e-06
5.328643040991112787e-06
5.330179522865684885e-06
5.328642112888212705e-06
5.330080200669935482e-06
5.328632804964129420e-06
5.329977876413512595e-06
5.328614646840850540e-06
5.329871712803538947e-06
5.328587082786657757e-06
5.329760801953587775e-06
5.328549463918499933e-06
5.329644156230987002e-06
5.328501039817390982e-06
5.329520698616545837e-06
5.328440949644863846e-06
5.329389252685118932e-06
5.328368212902657580e-06
5.329248532366740723e-06
5.328281720015915805e-06
5.329097131699968767e-06
5.328180222995517520e-06
5.328933514855095161e-06
5.328062326475311473e-06
5.328756006743662307e-06
5.327926479474874910e-06
5.328562784586865717e-06
5.327770968267889184e-06
5.328351870811985045e-06
5.327593910712865223e-06
5.328121127605407429e-06
5.327393252332516864e-06
5.327868253334512142e-06
5.327166764251998797e-06
5.327590780815172273e-06
5.326912042808068626e-06
5.327286077020618486e-06
5.326626510174390305e-06
5.326951343279353358e-06
5.326307414691016403e-06
5.326583614240360021e-06
5.325951828740497884e-06
5.326179752954432661e-06
5.325556640981669401e-06
5.325736438340055709e-06
5.325118538681293340e-06
5.325250140256516776e-06
5.324633974908028231e-06
5.324717076605023490e-06
5.324099114834188908e-06
5.324133146737551550e-06
5.323509755733988631e-06
5.323493836423770608e-06
5.322861217030920647e-06
5.322794092320029641e-06
5.322148200471491338e-06
5.322028168743277065e-06
5.321364626560728821e-06
5.321189456767693757e-06
5.320503461621730533e-06
5.320270314655694353e-06
5.319556559188966626e-06
5.319261927716463350e-06
5.318514547450062831e-06
5.318154231607619780e-06
5.317366797096155024e-06
5.316935931133603221e-06
5.316101495980973249e-06
5.315594631335094795e-06
5.314705833427923163e-06
5.314117065296824951e-06
5.313166256106824196e-06
5.312489355008687159e-06
5.311468704920864433e-06
5.310697189114778578e-06
5.309598695891563146e-06
5.308725768658092056e-06
5.307541097863120545e-06
5.306559393464875948e-06
5.305279521254212785e-06
5.304180668536027583e-06
5.302795384731748012e-06
5.301569501890615752e-06
5.300066942596692382e-06
5.298702279172986245e-06
5.297068731607848459e-06
5.295551695038934256e-06
5.293771864219268494e-06
5.292087524627962878e-06
5.290145213148206174e-06
5.288278061547077171e-06
5.286156853505398693e-06
5.284091250276349758e-06
5.281774558012892070e-06
5.279494273825344560e-06
5.276964347024097232e-06
5.274451150429220500e-06
5.271687473918140142e-06
5.268919690901132652e-06
5.265898086578422596e-06
5.262850572818698739e-06
5.259544175039296449e-06
5.256190152960821263e-06
5.252571636289135049e-06
5.248884604704342094e-06
5.244927001848272549e-06
5.240879925076306659e-06
5.236554154370086803e-06
5.232115979205661188e-06
5.227387579963172246e-06
5.222521615498517566e-06
5.217351752241036472e-06
5.212019232158379617e-06
5.206369427118179717e-06
5.200533104402064761e-06
5.194365508004679442e-06
5.187985879670295549e-06
5.181257025453803106e-06
5.174287108891774906e-06
5.166947271005282609e-06
5.159337707335815928e-06
5.151339035667454719e-06
5.143043750038978999e-06
5.134338817611039198e-06
5.125306755207404403e-06
5.115839667908405784e-06
5.106013212030714233e-06
5.095727991512834167e-06
5.085054887390129997e-06
5.073899902247444258e-06
5.062325223839409145e-06
5.050240564659033692e-06
5.037703898269001164e-06
5.024633456327295600e-06
5.011083519188566696e-06
4.996974956799449994e-06
4.982355045741311608e-06
4.967151025777595904e-06
4.951410577339021841e-06
4.935066741239741594e-06
4.918160722464056543e-06
4.900629119172901868e-06
4.882514982149805165e-06
4.863763181141370728e-06
4.844412224536957082e-06
4.824409989837448398e-06
4.803798804406614743e-06
4.782535450973812611e-06
4.760658578505294425e-06
4.738130367503093675e-06
4.714996452557060543e-06
4.691225391911957563e-06
4.666860891643823666e-06
4.641883101758024162e-06
4.616341459567345105e-06
4.590219120562694590e-06
4.563572660440447976e-06
4.536396526688211504e-06
4.508747456916897826e-06
4.480631945373340864e-06
4.452113414929514333e-06
4.423203251427516477e-06
4.393975016875044104e-06
4.364446168880792145e-06
4.334695618734037233e-06
4.304750545631137294e-06
4.274691516778497028e-06
4.244554572512220247e-06
4.214421227139008978e-06
4.184332532537891082e-06
4.154370108727101523e-06
4.124575698422340802e-06
4.095028469338628109e-06
4.065766501912052497e-06
4.036862403162137710e-06
4.008345832730644312e-06
3.980277728596502122e-06
3.952674017680279639e-06
3.925578351665644313e-06
3.898987312947568974e-06
3.872921673929593210e-06
3.847353343981721828e-06
3.822275364514682434e-06
3.797630784511469554e-06
3.773381758831990756e-06
3.749440519254929143e-06
3.725738032995387026e-06
3.702157221678912190e-06
3.678601653122863174e-06
3.654931109399358695e-06
3.631030710766557893e-06
3.606748804261388573e-06
3.581966731094593132e-06
3.556538765322070801e-06
3.530362417689358236e-06
3.503319786006070656e-06
3.475347846617051349e-06
3.446380109328545339e-06
3.416415838281229423e-06
3.385460422536464324e-06
3.353592019723376639e-06
3.320898728684653644e-06
3.287540975173867018e-06
3.253683655670019128e-06
3.219552961677066887e-06
3.185362437128413195e-06
3.151364126729559333e-06
3.117769149933761744e-06
3.084795142173780292e-06
3.052584406772642891e-06
3.021252272716704078e-06
2.990808528515526948e-06
2.961213602195312796e-06
2.932310524493685026e-06
2.903896163743235843e-06
2.875669637540296192e-06
2.847322437304178221e-06
2.818503525385030018e-06
2.788924238162863825e-06
2.758330536395110101e-06
2.726607872776653448e-06
2.693740869852116053e-06
2.659895551440365438e-06
2.625343575741247717e-06
2.590502921101872147e-06
2.555816050488063075e-06
2.521751543361987813e-06
2.488654979029159370e-06
2.456747996153468562e-06
2.426003362598966496e-06
2.396201342528144551e-06
2.366885669870782639e-06
2.337516478888583214e-06
2.307513568772755801e-06
2.276468121297425047e-06
2.244187967943133193e-06
2.210845447830382690e-06
2.176889349681537613e-06
2.143019048457653300e-06
2.109921280246238851e-06
2.078131347511075067e-06
2.047767174107815692e-06
2.018532424484181941e-06
1.989712453616899547e-06
1.960492262118741103e-06
1.930196955749293211e-06
1.898669076625555197e-06
1.866305130634272250e-06
1.834005470452489316e-06
1.802708158968043742e-06
1.773007322803197397e-06
1.744735747832954170e-06
1.717081728778294360e-06
1.688926219448947757e-06
1.659579333648333051e-06
1.629170156253708132e-06
1.598714351743385662e-06
1.569405153801847885e-06
1.541858534142391261e-06
1.515529203951576811e-06
1.489145686728242702e-06
1.461624603376155159e-06
1.433105330828766840e-06
1.404830887222759503e-06
1.378150680184667179e-06
1.353130241461937380e-06
1.328494787452651344e-06
1.302825047241000520e-06
1.276218093661368242e-06
1.250185967584554518e-06
1.226002083180392003e-06
1.203007385072875923e-06
1.179466640612587357e-06
1.154808885139848191e-06
1.130587075868224698e-06
1.108197514336038000e-06
1.086813384877835905e-06
1.064544948289839776e-06
1.041634189733477744e-06
1.020029094692526784e-06
1.000024590528951751e-06
9.795979224927711477e-07
9.583497524786238572e-07
9.382541911346569932e-07
9.196777204406979298e-07
9.005090484097537723e-07
8.809113847390814660e-07
8.628645368856502665e-07
8.455397310505484017e-07
8.272983503018248911e-07
8.098940711885601803e-07
7.937603849265443521e-07
7.769707844402014744e-07
7.605383512858755851e-07
7.454643462634178715e-07
7.298019771696834188e-07
7.146406062189099743e-07
7.005086078002957802e-07
6.858596914561009503e-07
6.720519938991574649e-07
6.587185301771628962e-07
6.451213089166111741e-07
6.326310365396275585e-07
6.198194922651039063e-07
6.077194056722165740e-07
5.958297815455714947e-07
5.841420077149174757e-07
5.730118757641309137e-07
5.618541817439300765e-07
5.513191154645373349e-07
5.407576893123001087e-07
5.307479942241404692e-07
5.207687638556353444e-07
5.112432778722249178e-07
5.018270216166571192e-07
4.927721422937201351e-07
4.838554835926315967e-07
4.752584230703226131e-07
4.668072999519290625e-07
4.586466454511176246e-07
4.506260988280475899e-07
4.428634677674357919e-07
4.352595044924535688e-07
4.278678051503758876e-07
4.206305337049491555e-07
4.135970158329063129e-07
4.066952776455444841e-07
3.999957700178095460e-07
3.934135890036521641e-07
3.870066239572266411e-07
3.807286194787640538e-07
3.745966345245830668e-07
3.685863989546372636e-07
3.627150069194390683e-07
3.569427397851693152e-07
3.513185463445116642e-07
3.457758982719686335e-07
3.403537496454258123e-07
3.350258605334841871e-07
3.297988965192474696e-07
3.246578655544054387e-07
3.196096549683590384e-07
3.146360160907113169e-07
3.097692015045946929e-07
3.049519908743158852e-07
3.002240648270322191e-07
2.955628913335999949e-07
2.909686281151501755e-07
2.864370375031085212e-07
2.819675100533991242e-07
2.775527656049668840e-07
2.732159737746139174e-07
2.689059554196687552e-07
2.646659458462277975e-07
2.604710877583611193e-07
2.563179079905722485e-07
2.522168949576646357e-07
2.481581973036536264e-07
2.441353161576940993e-07
2.401741466912434355e-07
2.362294030971604197e-07
2.323381517968201104e-07
2.284779397380450921e-07
2.246479232302575683e-07
2.208637441311605466e-07
2.171086373871223222e-07
2.133785292075277108e-07
2.097017601745040704e-07
2.060379101331560935e-07
2.024147047893245012e-07
1.988158927792992466e-07
1.952475613763039935e-07
1.917178550960730974e-07
1.882068098827578930e-07
1.847217331415036720e-07
1.812842677287841961e-07
1.778563160616273472e-07
1.744657002629599944e-07
1.710965739631545465e-07
1.677591309975748245e-07
1.644579592084001080e-07
1.611708797512741972e-07
1.579157578180648850e-07
1.547038964394410637e-07
1.514993697866599467e-07
1.483380634448057780e-07
1.451985040967802403e-07
1.420872102617501093e-07
1.390162681536966412e-07
1.359612015716356926e-07
1.329402238777287988e-07
1.299609619636819827e-07
1.269922516025756790e-07
1.240718823916834630e-07
1.211749222876666095e-07
1.183052797226495926e-07
1.154818775958377483e-07
1.126785350698300381e-07
1.099086714344915120e-07
1.071812113959150942e-07
1.044729685673750687e-07
1.018118807932026007e-07
9.917527973583790890e-08
9.657148312384793316e-08
9.401506352189432319e-08
9.148095914725286017e-08
8.898380816359075827e-08
8.652809379163231944e-08
8.409881320199157716e-08
8.171530322493349165e-08
7.935834490099705114e-08
7.704017986059603036e-08
7.476811328800035847e-08
7.252019012404201072e-08
7.031527107244968764e-08
6.815111086079456044e-08
6.601585221725174126e-08
6.392875898336109871e-08
6.187125487958822863e-08
5.985426294689063942e-08
5.788306252533734748e-08
5.593928383445193683e-08
5.404067312962838597e-08
5.218201279587813364e-08
5.035383160951111595e-08
4.857448742427353095e-08
4.682632197727291022e-08
4.511701324081946784e-08
4.345192040026924268e-08
4.181737936714311718e-08
4.022499011806912821e-08
3.867040854323942494e-08
3.714842443846949599e-08
3.567186684624156077e-08
3.422612750332793041e-08
3.281830801087575286e-08
3.145174220997141400e-08
3.011742077244383390e-08
2.882231932839078992e-08
2.756325988032961709e-08
2.633850431488149301e-08
2.515529249920265896e-08
2.400183060603294689e-08
2.288580998603878564e-08
2.180684762299183821e-08
2.075827723753648874e-08
1.974549430442381439e-08
1.876501414710146317e-08
1.781578671772001067e-08
1.690281042890000149e-08
1.601654109993278799e-08
1.516450066827693707e-08
1.434467258552583343e-08
1.355239840922696230e-08
1.279285541209632800e-08
1.206234812976404380e-08
1.135910779960182400e-08
1.068773183440533683e-08
1.003994856893728952e-08
9.420924691605512672e-09
8.828452860239749172e-09
8.259855523353405869e-09
7.718774813433501338e-09
7.202502030367510185e-09
6.709689911683819226e-09
6.244559570313499529e-09
5.800149271704602448e-09
5.379663255808990223e-09
4.980735947670485955e-09
4.601964664365932660e-09
4.244117748044088561e-09
3.905160343221140619e-09
3.584693103779107919e-09
3.285688150177900373e-09
3.002585920348347357e-09
2.739169942492258691e-09
2.494220307435042820e-09
2.268685349840733938e-09
2.064430110029409526e-09
1.881833625618568786e-09
1.723510615309670082e-09
1.593544590038744142e-09
1.489851023288694312e-09
1.420039537054723555e-09
1.384962539029390287e-09
1.384652286937775135e-09
1.413488856414500781e-09
1.452674357706961967e-09
1.475102623986221930e-09
1.449811829117328250e-09
1.344659302196576226e-09
1.151029680768279486e-09
8.743151971844976966e-10
5.403082181636679320e-10
1.855775445536586327e-10
-1.583771733728927260e-10
-4.661124177866180012e-10
-7.208953852341622992e-10
-9.221348549442552812e-10
-1.070089556232094162e-09
-1.174193164860106792e-09
-1.241500953510732567e-09
-1.277250867545804813e-09
-1.288794235320386695e-09
-1.280591673047904560e-09
-1.256685873570044663e-09
-1.226361336047841529e-09
-1.190718356879576255e-09
-1.152972980427120540e-09
-1.112001794096090237e-09
-1.068236765823844166e-09
-1.024969946169283376e-09
-9.809344319869938435e-10
-9.351031641854772596e-10
-8.909551351301505958e-10
-8.459760572262415500e-10
-8.047383423273756401e-10
-7.670917338853786327e-10
-7.311094373308651372e-10
-6.963717608214333905e-10
-6.591137639541296175e-10
-6.192262561556907465e-10
-5.819398415453791135e-10
-5.454648021378546791e-10
-5.142574256851168367e-10
-4.870986865814144807e-10
-4.607365179554476094e-10
-4.345194778994526147e-10
-4.075001564849050119e-10
-3.811404578308756159e-10
-3.599794629558358843e-10
-3.391876950369498618e-10
-3.184883097980101172e-10
-2.965635218498315754e-10
-2.742901354015947115e-10
-2.588843276105397989e-10
-2.481357750890842818e-10
-2.355884495689326933e-10
-2.189184499862295645e-10
-2.011320900434433051e-10
-1.878140352054307753e-10
-1.772878313144973106e-10
-1.664566796752030693e-10
-1.550900699805016786e-10
-1.448455854703138550e-10
-1.361581808408285831e-10
-1.275174831575414757e-10
-1.177038557072189256e-10
-1.119403424646029551e-10
-1.062347953819372708e-10
-9.906069453477543734e-11
-9.266486803173237899e-11
-8.644417625052907851e-11
-8.061792902145731248e-11
-7.666395476727517617e-11
-7.131586069234080898e-11
-6.698507256523964613e-11
-6.327774188091205008e-11
-5.979468916074704905e-11
-5.883193073467322551e-11
-5.233724632991264794e-11
-4.954827687218993902e-11
-4.705518093280295584e-11
-4.330146113155899073e-11
-3.842505632080111342e-11
-3.683567128746182674e-11
-3.235531802930135815e-11
-3.014535933003879929e-11
-2.714591926555067834e-11
-2.602213292750608299e-11
-2.469050519774138175e-11
-2.265885961893027067e-11
-2.164720878653430290e-11
-1.953879289872484520e-11
-2.030247594067037510e-11
-1.810751520313006076e-11
-1.677106672447291639e-11
-1.667076631482279097e-11
-1.494413357345798156e-11
-1.422902514310400206e-11
-1.308032029416706232e-11
-1.211640295623883411e-11
-1.062196206129467111e-11
-1.071945630706669195e-11
-9.561566433959273162e-12
-8.624483882437719925e-12
-8.754504163294061769e-12
-7.316818471073720828e-12
-7.368062049583342079e-12
-6.821851717076527227e-12
-5.879721264733163323e-12
-6.029390196548520367e-12
-5.065262162351555617e-12
-5.116394098666387060e-12
-4.475802112414580657e-12
-4.496371011913100748e-12
-4.210997554213683818e-12
-3.851415916583418518e-12
-3.982211474021851550e-12
-3.288910463371472169e-12
-3.073333822055123099e-12
-2.754945971362681857e-12
-2.306581304013509812e-12
-2.386171576928940982e-12
-1.952873220098659402e-12
-2.099358647028788324e-12
-2.062514555575058049e-12
-1.865987551256190091e-12
-1.763420925510541994e-12
-1.607978313231498894e-12
-1.462867947655962635e-12
-1.178487605023369499e-12
-1.176875217069116485e-12
-1.095695442355705754e-12
-1.000367154187181271e-12
-1.156438687506116530e-12
-9.138892696845943756e-13
-9.015114348277355612e-13
-8.929822517668137475e-13
-6.963464021220104889e-13
-7.583343697996633778e-13
-6.628256719333371748e-13
-6.059303581216806437e-13
-6.597744481807603014e-13
-5.224932248445290934e-13
-5.541750256540185739e-13
-4.707567673885609368e-13
-4.157648187397034516e-13
-4.265633176154257122e-13
-3.707408420236001241e-13
-3.151522625547837707e-13
-3.111983798985732283e-13
-2.813405054291834681e-13
-2.708201203411845173e-13
-2.160333222131511098e-13
-2.398348682895601734e-13
-2.081597850146632967e-13
-2.094068417534056796e-13
-1.927619604296302634e-13
-1.776290889933670329e-13
-2.036736973493159282e-13
-1.625632503582284761e-13
-1.439220267373589489e-13
-1.725803387205086801e-13
-1.041896715620786782e-13
-1.300163411628307171e-13
-1.025491471218359172e-13
-7.074745259098324352e-14
-1.005988380858849555e-13
-7.270884946312323506e-14
-6.733390870011693626e-14
-9.508196812159588717e-14
-5.627298188931942210e-14
-8.592721507806302078e-14
-7.178680407179617212e-14
-4.639162810762536182e-14
-6.802830436597591545e-14
-3.831770914512314685e-14
-3.845149753224328986e-14
-4.359803950090810002e-14
-2.646272190086900982e-14
-4.452770412217524035e-14
-3.534572398842483139e-14
-2.902322719755081899e-14
-4.050770520076403284e-14
-2.246509415962865241e-14
-2.538070444875909893e-14
-2.435111322860884537e-14
-1.513492494799679749e-14
-2.329690447526399265e-14
-1.907621229799775386e-14
-1.535188740410738095e-14
-2.176887147976234421e-14
-1.247252802127744222e-14
-1.404153681690955099e-14
-1.422640781613184221e-14
-8.495044431972886767e-15
-1.416324296477360839e-14
-9.645149297291873130e-15
-9.336295285671418382e-15
-1.010949275285170103e-14
-7.300528017481342935e-15
-7.633996780914275183e-15
-8.176927767876779824e-15
-5.105964780611004100e-15
-7.563814122828841977e-15
-4.905504130000992962e-15
-5.400083498455189604e-15
-5.034719426615792237e-15
-4.297828107744617691e-15
-4.075425601741782834e-15
-4.412868183605661320e-15
-2.786309119600116418e-15
-3.914380857567179947e-15
-2.598669464928336896e-15
-3.161733172292612042e-15
-2.300692212009543397e-15
-2.455177736490428636e-15
-2.021147834911127435e-15
-2.395093752417136620e-15
-1.446345154919648806e-15
-1.942708593942390183e-15
-1.300226019031404784e-15
-1.761983467424338235e-15
-8.827976093634142996e-16
-1.472833282154624383e-15
-8.672633668844992665e-16
-1.125122712447970811e-15
-7.606092711664499479e-16
-9.686957295956160186e-16
-4.478901973222267739e-16
-9.393948591933646570e-16
-2.676948011948034918e-16
-8.000109846136807901e-16
-1.714431300261278962e-16
-6.184204754287974857e-16
-2.282269721486311624e-16
-3.888676512966651408e-16
-1.362665007751829521e-16
-3.509122602035966712e-16
-3.162576105001082533e-17
-2.911960480051097087e-16
1.155144445930868007e-17
-1.455278371796251862e-16
-7.149418755932295834e-17
-1.199471182071554521e-17
2.103229253806237533e-17
-6.168407938314691523e-17
1.439353656592938781e-16
-9.304636421674190988e-17
2.018800617420587468e-16
-9.660398790541877724e-18
1.232366320349751952e-16
8.682432917827410975e-17
1.595418765582304949e-16
5.546939576359552950e-17
2.319863479825878930e-16
1.909052220404350488e-17
2.682357795167435795e-16
7.243350286662782512e-17
2.008581699289904717e-16
1.350925917970992647e-16
2.093039873693022805e-16
1.151155387693458026e-16
2.484567904634383129e-16
8.025638799357423842e-17
2.697506470070343881e-16
1.083003605921216100e-16
2.184495905331020478e-16
1.456944132379826320e-16
2.118198769920337582e-16
1.305654800791947027e-16
2.307464046758884693e-16
1.002626874866663505e-16
2.402777411675894209e-16
1.110842052536567496e-16
2.025243874490741073e-16
1.312521534736739264e-16
1.883361826651012576e-16
1.188979193211303890e-16
1.953965892466676175e-16
9.379465929243451758e-17
1.966785498942411535e-16
9.578729294951747870e-17
1.697266886257598590e-16
1.043301875047419558e-16
1.549111701546508291e-16
9.549124085160957454e-17
1.550347489241425088e-16
7.739262990674368012e-17
1.534550662578342601e-16
7.618183565877251803e-17
1.361756986990977506e-16
8.026682833134309875e-17
1.250472538124597208e-16
7.631789802978618669e-17
1.244031580655650583e-16
6.645559518315828306e-17
1.244764800117595702e-16
6.713615569834942767e-17
1.163638829631462994e-16
7.209555834056492143e-17
1.115355397807680833e-16
7.374568908797398502e-17
1.138242863673135622e-16
7.157676979196391817e-17
1.172827329407260670e-16
7.548811183809715068e-17
1.160286277165266494e-16
8.192827495897569249e-17
1.157818788938748055e-16
8.641703094008667412e-17
1.191964072495841670e-16
8.734658163221334270e-17
1.225797835158289590e-16
9.064602301229660596e-17
1.222028469379104235e-16
9.433695489654860988e-17
1.208706823577017745e-16
9.606090844428475706e-17
1.207985693635177813e-16
9.461566072777886509e-17
1.201744121406372571e-16
9.400368049415444160e-17
1.172913952570787980e-16
9.384070378321044889e-17
1.140745457372898068e-16
9.334021601805406512e-17
1.125587242977127893e-16
9.199951396536240920e-17
1.120316093948847422e-16
9.226736575269915116e-17
1.113943703366032985e-16
9.388668400149797896e-17
1.112102999386091748e-16
9.575691992673889633e-17
1.120941784736354256e-16
9.678073994928951313e-17
1.129079766728193025e-16
9.768426858335744760e-17
1.125418805196629913e-16
9.821742344904889110e-17
1.112920859142269014e-16
9.806713757176566606e-17
1.101867732315584668e-16
9.737881508891143590e-17
1.094533368356467856e-16
9.732893681064374373e-17
1.090871255665135576e-16
9.814729039895218823e-17
1.091233451705759363e-16
9.921717586684599710e-17
1.094398758209716065e-16
9.972467448242884591e-17
1.093409621449590655e-16
9.970117294203090769e-17
1.086158469021688490e-16
9.953175795826170344e-17
1.078388357715169534e-16
9.967360397719278376e-17
1.077273510150925050e-16
1.001652410476144832e-16
1.079876593825900207e-16
1.006689622584760037e-16
1.078882375472136316e-16
1.007708028785764804e-16
1.073023288594926245e-16
1.006819567261909638e-16
1.069530149379923201e-16
1.008986312789287596e-16
1.070652407888657385e-16
1.013207830545340083e-16
1.070381648779938923e-16
1.014188678677787239e-16
1.066062947959420313e-16
1.013894966680917796e-16
1.064252640516821907e-16
1.016725389107538483e-16
1.065117469861387403e-16
1.018742206454505495e-16
1.062831143865654697e-16
1.018325021047875650e-16
1.060521023243153602e-16
1.020597543222733587e-16
1.060899919683671640e-16
1.022163001906089481e-16
1.058857201403443454e-16
1.021896627910958755e-16
1.057951567415625733e-16
1.024156344365909861e-16
1.057445877165893478e-16
1.024472026526575560e-16
1.055588708302926465e-16
1.025634896986319583e-16
1.055685330440199773e-16
1.026425812504957681e-16
1.054076933354403361e-16
1.027129157330937042e-16
1.053926047058424800e-16
1.028082544046402474e-16
1.052547911676617650e-16
1.028741259770406716e-16
1.052430497396216334e-16
1.029272903248487156e-16
1.051366036315032448e-16
1.030189962760829501e-16
1.050937569211961007e-16
1.030479558186819345e-16
1.050370537389275753e-16
1.031300207853572242e-16
1.049608612049001455e-16
1.031806911800154466e-16
1.049286035572190999e-16
1.032138171615094444e-16
1.048824750308679925e-16
1.032716598304977375e-16
1.048217784509638052e-16
1.033270464656408196e-16
1.047749639391137167e-16
1.033664526251039241e-16
1.047398384217531101e-16
1.034001880540038173e-16
1.047057797927329601e-16
1.034350864612968572e-16
1.046702463015367270e-16
1.034707470656521099e-16
1.046349410913240890e-16
1.035053257532883772e-16
1.046012909243501970e-16
1.035379405873528984e-16
1.045697193955920848e-16
1.035684783508408587e-16
1.045401618131752468e-16
1.035970882969469553e-16
1.045124400843633990e-16
1.036239483310862134e-16
1.044863887592626270e-16
1.036492077626227903e-16
1.044618739495493136e-16
1.036729870061351053e-16
1.044387861815253067e-16
1.036953865502245909e-16
1.044170320480625444e-16
1.037164938691118114e-16
1.043965288056158418e-16
1.037363875226505583e-16
1.043772013003755043e-16
1.037551394560226550e-16
1.043589802358568332e-16
1.037728163183471492e-16
1.043418011512177592e-16
1.037894802674794505e-16
1.043256037728144011e-16
1.038051895015913153e-16
1.043103315658570369e-16
1.038199986419902535e-16
1.042959313995878296e-16
1.038339590286405419e-16
1.042823532793814703e-16
1.038471189627983500e-16
1.042695501216973607e-16
1.038595239137749194e-16
1.042574775582655033e-16
1.038712167018187178e-16
1.042460937607189248e-16
1.038822376621683454e-16
1.042353592818315247e-16
1.038926247945340096e-16
1.042252369091646431e-16
1.039024139008761009e-16
1.042156915297157120e-16
1.039116387125372393e-16
1.042066900036961467e-16
1.039203310087382419e-16
1.041982010465472880e-16
1.039285207268167878e-16
1.041901951179628576e-16
1.039362360652106454e-16
1.041826443177100895e-16
1.039435035796564740e-16
1.041755222874592068e-16
1.039503482732360896e-16
1.041688041178903052e-16
1.039567936804437576e-16
1.041624662609583751e-16
1.039628619458022701e-16
1.041564864467300689e-16
1.039685738974042332e-16
1.041508436045091726e-16
1.039739491152978887e-16
1.041455177879680353e-16
1.039790059955404381e-16
1.041404901037399177e-16
1.039837618093922540e-16
1.041357426431864554e-16
1.039882327584910940e-16
1.041312584175336205e-16
1.039924340258648388e-16
1.041270212952751647e-16
1.039963798226382824e-16
1.041230159422624426e-16
1.040000834312238828e-16
1.041192277637567972e-16
1.040035572444086124e-16
1.041156428483980393e-16
1.040068128006968855e-16
1.041122479136600162e-16
1.040098608159901409e-16
1.041090302525821258e-16
1.040127112113604026e-16
1.041059776814149849e-16
1.040153731370770975e-16
1.041030784879155146e-16
