# bin_2_2
7.940272423699396009e-01
7.943023467117230618e-01
7.940378605187102812e-01
7.942940961955133883e-01
7.940479572225528360e-01
7.942865203609840163e-01
7.940575741296843626e-01
7.942795886167924868e-01
7.940667505270668780e-01
7.942732722061557338e-01
7.940755233145634362e-01
7.942675439121128500e-01
7.940839269333063166e-01
7.942623777287108888e-01
7.940919932405793302e-01
7.942577484882524796e-01
7.940997513248980733e-01
7.942536314372167228e-01
7.941072272508231666e-01
7.942500017495329745e-01
7.941144437257695587e-01
7.942468339677534184e-01
7.941214196766860356e-01
7.942441013592412835e-01
7.941281697265185624e-01
7.942417751769644818e-01
7.941347035588811609e-01
7.942398238121092247e-01
7.941410251602535331e-01
7.942382118279460723e-01
7.941471319305684062e-01
7.942368988670525098e-01
7.941530136540324580e-01
7.942358384243602965e-01
7.941586513286006399e-01
7.942349764864212736e-01
7.941640158562613960e-01
7.942342500433511310e-01
7.941690666058341952e-01
7.942335854910033133e-01
7.941737498737423406e-01
7.942328969531498029e-01
7.941779972799892784e-01
7.942320845734425205e-01
7.941817241625193091e-01
7.942310328501077654e-01
7.941848280527511461e-01
7.942296091110840894e-01
7.941871873515764513e-01
7.942276622644034445e-01
7.941886603524587196e-01
7.942250219908070230e-01
7.941890848037547190e-01
7.942214985874364030e-01
7.941882782334898083e-01
7.942168837044186747e-01
7.941860392970485627e-01
7.942109522455973458e-01
7.941821504251042052e-01
7.942034657142869047e-01
7.941763820491499759e-01
7.941941772650406017e-01
7.941684986391429613e-01
7.941828386573205334e-01
7.941582666940703028e-01
7.941692091763353778e-01
7.941454646530282657e-01
7.941530663676076296e-01
7.941298944283329275e-01
7.941342181111884502e-01
7.941113938799353456e-01
7.941125151207497623e-01
7.940898490550323263e-01
7.940878624027901678e-01
7.940652044210623206e-01
7.940602275872556959e-01
7.940374686879695387e-01
7.940296434266815861e-01
7.940067132548194184e-01
7.939962013005558150e-01
7.939730600152932194e-01
7.939600324841600276e-01
7.939366554719526903e-01
7.939212745343224853e-01
7.938976291677806163e-01
7.938800217462124165e-01
7.938560366615068364e-01
7.938362615316900683e-01
7.938117908750157437e-01
7.937898028543189932e-01
7.937645905294367088e-01
7.937402081981281832e-01
7.937138599359402358e-01
7.936867459407208614e-01
7.936587191629330684e-01
7.936283835225910188e-01
7.935980051806672542e-01
7.935638406506666520e-01
7.935303598778887801e-01
7.934917127475331622e-01
7.934543868946192235e-01
7.934106556823267153e-01
7.933688549790115507e-01
7.933195943366945224e-01
7.932728944849908315e-01
7.932178864492710479e-01
7.931661061016881398e-01
7.931053537894584560e-01
7.930484948757154928e-01
7.929821054577050887e-01
7.929201789494605412e-01
7.928481413167587366e-01
7.927809128507617986e-01
7.927028373264561889e-01
7.926295930523125088e-01
7.925445412135974088e-01
7.924640176970247918e-01
7.923705629537310946e-01
7.922811535014238071e-01
7.921777279090967960e-01
7.920779363878499568e-01
7.919633304174680255e-01
7.918522301682622277e-01
7.917259116311693434e-01
7.916032293093125949e-01
7.914651269807605471e-01
7.913307137580855022e-01
7.911804382044514972e-01
7.910333804737452734e-01
7.908694297469233137e-01
7.907075780563682654e-01
7.905273811273797469e-01
7.903479893061797767e-01
7.901490541248434862e-01
7.899501595366887896e-01
7.897312626613315345e-01
7.895122289321196973e-01
7.892729903222995835e-01
7.890330965673066910e-01
7.887719662266299281e-01
7.885085207543688357e-01
7.882218616181185800e-01
7.879308358815596547e-01
7.876150667124660609e-01
7.872939259089272168e-01
7.869476693124543010e-01
7.865955431412130494e-01
7.862173886241602405e-01
7.858313607488821573e-01
7.854167459483211156e-01
7.849914360881704578e-01
7.845356165401030646e-01
7.840679296282666577e-01
7.835692414196052669e-01
7.830573951902991547e-01
7.825122225075105131e-01
7.819503184641732885e-01
7.813519651672010680e-01
7.807347332392740036e-01
7.800802306109634321e-01
7.794053612316442781e-01
7.786903745649910169e-01
7.779506619978610038e-01
7.771673980310749297e-01
7.763574232446833756e-01
7.755027640298347569e-01
7.746182937840312421e-01
7.736845316938016914e-01
7.727166158032013898e-01
7.716975293622565513e-01
7.706423103751544046e-01
7.695318897757288390e-01
7.683797986183230622e-01
7.671693796561364076e-01
7.659153226628030442e-01
7.645991055942932269e-01
7.632332831384857075e-01
7.618019063971759319e-01
7.603186707883730078e-01
7.587652236879601775e-01
7.571540702352670404e-01
7.554702276246666459e-01
7.537253169019582089e-01
7.519019045336039486e-01
7.500135401392742374e-01
7.480443656296780208e-01
7.460045205276008007e-01
7.438801012847916505e-01
7.416825559394304435e-01
7.393954446172098516e-01
7.370318865824257992e-01
7.345765599982305716e-01
7.320400941918842053e-01
7.294103284461408432e-01
7.266964077737236849e-01
7.238867680136713556e-01
7.209918404387404278e-01
7.179990938371685338e-01
7.149207221584231720e-01
7.117438573335241880e-01
7.084816106464267849e-01
7.051218180684123427e-01
7.016778869357832571e-01
6.981389089975077455e-01
6.945184700357655005e-01
6.908070726131123607e-01
6.870186093406438488e-01
6.831450028435716026e-01
6.792006196994107015e-01
6.751787848527063263e-01
6.710944643476073335e-01
6.669423601141163394e-01
6.627381004151349231e-01
6.584777147773900330e-01
6.541774859827635957e-01
6.498346743261234071e-01
6.454661298380890422e-01
6.410701770652981191e-01
6.366640545245485505e-01
6.322468955667441826e-01
6.278360447458619653e-01
6.234310851137043752e-01
6.190490723200269274e-01
6.146895688059695884e-01
6.103688328348052528e-01
6.060858282748561310e-01
6.018554057611169572e-01
5.976752645914673590e-01
5.935581659379564057e-01
5.894998315326762661e-01
5.855102335842374828e-01
5.815824234677614557e-01
5.777229488887638542e-01
5.739216141186344045e-01
5.701810806646697705e-01
5.664875673568933179e-01
5.628396943538431785e-01
5.592201344190588230e-01
5.556237588219455903e-01
5.520302475444182067e-01
5.484315863006675729e-01
5.448056299630604782e-01
5.411429793808369970e-01
5.374214663565674011e-01
5.336324053155202529e-01
5.297559291344464683e-01
5.257865652130653267e-01
5.217093029690199613e-01
5.175243930392535718e-01
5.132239793410935391e-01
5.088159778404178768e-01
5.043010765503604942e-01
4.996955380102229838e-01
4.950083837626045868e-01
4.902630080322691319e-01
4.854744437514784683e-01
4.806697943943012974e-01
4.758656387781172170e-01
4.710874829369187666e-01
4.663475821235424923e-01
4.616638437890408508e-01
4.570385601587446667e-01
4.524773623539836698e-01
4.479694465569793449e-01
4.435071520701060477e-01
4.390680893189191081e-01
4.346355695235997740e-01
4.301825260628336922e-01
4.256923577060121588e-01
4.211437788630322254e-01
4.165308842042341197e-01
4.118474390165669519e-01
4.071046251337732125e-01
4.023133600073632299e-01
3.974988007765341003e-01
3.926804831506169324e-01
3.878843818819551759e-01
3.831226967778172954e-01
3.784062650640352965e-01
3.737273108186282555e-01
3.690754720085822616e-01
3.644258459541786510e-01
3.597592665027495307e-01
3.550539117551814172e-01
3.503056610533681337e-01
3.455171685559852990e-01
3.407116809633066179e-01
3.359143232093175224e-01
3.311576407135598532e-01
3.264583484036286953e-01
3.218230701069669242e-01
3.172324358284315249e-01
3.126586949597005005e-01
3.080638132547420804e-01
3.034265044960319790e-01
2.987413232823327158e-01
2.940346765037124555e-01
2.893446147943243840e-01
2.847156940281284632e-01
2.801672709976821829e-01
2.756935421457626934e-01
2.712553938010558441e-01
2.668115692300108144e-01
2.623331248665830562e-01
2.578319546931466255e-01
2.533452295777615104e-01
2.489210120573491780e-01
2.445759806653541035e-01
2.402924621046911291e-01
2.360241837621359917e-01
2.317441653170233817e-01
2.274617673904327508e-01
2.232247837941846169e-01
2.190675796083191018e-01
2.149843141353499076e-01
2.109253713158922294e-01
2.068573289869820309e-01
2.027955442284301579e-01
1.987990261035343098e-01
1.948975523975770285e-01
1.910628145664460820e-01
1.872356015242111482e-01
1.834078169798435964e-01
1.796267252064995268e-01
1.759385771526802145e-01
1.723216806224067421e-01
1.687291866087239356e-01
1.651537445000098026e-01
1.616409771521777061e-01
1.582088333933081847e-01
1.548265248721403253e-01
1.514664228348781838e-01
1.481639118110436304e-01
1.449486745245015806e-01
1.417842864243802903e-01
1.386285552588188696e-01
1.355401145632961768e-01
1.325639120669094284e-01
1.296215902725591229e-01
1.266692618460846798e-01
1.238208263632651074e-01
1.210846246284093680e-01
1.183346918760648098e-01
1.156125685899556527e-01
1.130355095425755463e-01
1.104923406385186629e-01
1.079353105089147224e-01
1.055054708573768679e-01
1.031422772595054910e-01
1.007578408665341096e-01
9.849830215754262763e-02
9.628085447678409736e-02
9.408285625770733407e-02
9.198338386241425302e-02
8.991202602806423749e-02
8.789691122242718202e-02
8.593823897611320428e-02
8.403030596427006615e-02
8.216800389786559078e-02
8.036283538951179140e-02
7.860058064011309076e-02
7.688962945991940912e-02
7.522609580778481797e-02
7.360579470327660578e-02
7.203482356092183458e-02
7.050439504735264706e-02
6.902052015819071240e-02
6.757721206630795674e-02
6.617452983122812382e-02
6.481435641289924610e-02
6.348972358374252445e-02
6.220624123882457362e-02
6.095722381518579175e-02
5.974466450545453527e-02
5.856783531955878086e-02
5.742359575094242718e-02
5.631118148035831744e-02
5.523128186753207408e-02
5.418010039023211932e-02
5.315950741025093212e-02
5.216547928414845547e-02
5.119900982767701392e-02
5.026043672360305803e-02
4.934489277707526655e-02
4.845376087338242044e-02
4.758624487517173346e-02
4.673974411271330370e-02
4.591552749361602764e-02
4.511014870053222520e-02
4.432501853210705361e-02
4.356025340218210723e-02
4.281077406335556668e-02
4.207965685906583930e-02
4.136501123111458594e-02
4.066447706107027132e-02
3.998054451048441149e-02
3.930940920459582294e-02
3.865216251396026009e-02
3.800965031232096669e-02
3.737704810813393536e-02
3.675769709436737392e-02
3.614938159721620831e-02
3.555047743676852806e-02
3.496410211981811761e-02
3.438587305537697120e-02
3.381672830997541762e-02
3.325858241022695144e-02
3.270705581825749525e-02
3.216455925519004500e-02
3.162926191060236314e-02
3.110103494467804722e-02
3.058210101653422927e-02
3.006779502748361046e-02
2.956014154715114889e-02
2.906080626920359150e-02
2.856559417504731316e-02
2.807695429539916812e-02
2.759310844771898849e-02
2.711492665533325741e-02
2.664374092574571529e-02
2.617484494128409847e-02
2.571188838183821948e-02
2.525523243109560265e-02
2.480059140042271612e-02
2.435203415263334850e-02
2.390691992709294278e-02
2.346588207900155224e-02
2.303102908006869620e-02
2.259751128622458638e-02
2.216927466709294262e-02
2.174608684751016402e-02
2.132410700059431119e-02
2.090833396869989230e-02
2.049529889867952176e-02
2.008526779108224525e-02
1.968152514428084254e-02
1.927918303153384680e-02
1.888132119202098891e-02
1.848788965127254325e-02
1.809639142416770430e-02
1.771065873468932739e-02
1.732731668534317343e-02
1.694722360599615688e-02
1.657342329805775935e-02
1.620119105715724095e-02
1.583334284277866308e-02
1.546977830738393948e-02
1.510914797716782568e-02
1.475389126757043791e-02
1.440092910894164198e-02
1.405225031080575664e-02
1.370959888255915415e-02
1.336850734015699801e-02
1.303259137290741290e-02
1.270093550190783994e-02
1.237250528560648009e-02
1.204979233746291886e-02
1.172960083469338360e-02
1.141421850248235982e-02
1.110469640928315495e-02
1.079704642687618482e-02
1.049533426441785766e-02
1.019792250619328856e-02
9.903793552098388853e-03
9.616003055842604549e-03
9.331188625257924238e-03
9.051107481213882186e-03
8.776975417475874411e-03
8.505555754160679799e-03
8.240100447186532798e-03
7.978975145188638152e-03
7.721657099037649435e-03
7.470802041414856265e-03
7.223232505597257207e-03
6.980444542148417884e-03
6.743509629753465483e-03
6.510029426127351797e-03
6.282187493589511985e-03
6.058610373423320775e-03
5.839462718950986543e-03
5.626355737460090808e-03
5.416577009840368648e-03
5.211913214638682137e-03
5.012675324344088336e-03
4.817095396845631414e-03
4.627047797571687097e-03
4.441189226349781700e-03
4.259893997661382166e-03
4.084245659006281205e-03
3.911994152492983753e-03
3.744980071572036242e-03
3.582942451443148039e-03
3.424549008847251313e-03
3.271553125801764800e-03
3.122641832948702852e-03
2.978009386828817020e-03
2.838616708606861525e-03
2.702669563532281594e-03
2.571586075522077578e-03
2.444937454930615206e-03
2.321943455881434956e-03
2.203816187626413906e-03
2.089539233445089281e-03
1.979169461241087231e-03
1.873496713101258484e-03
1.771193090340244516e-03
1.673123506603916037e-03
1.578916845693963730e-03
1.488238608544119627e-03
1.401660489082747927e-03
1.318459126895738832e-03
1.238771058162077858e-03
1.163020558297129517e-03
1.090238602092661636e-03
1.020999460652232153e-03
9.549454672558229133e-04
8.919312082777765315e-04
8.321688749044634306e-04
7.750895060358749516e-04
7.209104764793278436e-04
6.697505090319367084e-04
6.208639901741358621e-04
5.747974462261622956e-04
5.312024860352059386e-04
4.900184055632826607e-04
4.515221137854087663e-04
4.153300817585136380e-04
3.817815831255071731e-04
3.511021973100516527e-04
3.229217727797698565e-04
2.979357236605488968e-04
2.759959653896489344e-04
2.571569663102902235e-04
2.416565101238480077e-04
2.287597249480367780e-04
2.179905646617323210e-04
2.085587191857340148e-04
1.989398254844142503e-04
1.883141186376574236e-04
1.754339931265347168e-04
1.596952719304636965e-04
1.411077501921970893e-04
1.194640979574907992e-04
9.545123323789865826e-05
6.992297291347635761e-05
4.337935712704782274e-05
1.685637038533655300e-05
-9.134722887559707180e-06
-3.382243699558943624e-05
-5.653966829590136077e-05
-7.721730706452092138e-05
-9.520047990314235470e-05
-1.101898748550320171e-04
-1.223475725504707652e-04
-1.313993949036726763e-04
-1.377461890961303884e-04
-1.414963466889053553e-04
-1.428485565969183746e-04
-1.425416311972447700e-04
-1.406171612612592008e-04
-1.375338199624583774e-04
-1.339304848290551718e-04
-1.297410982984836412e-04
-1.254533616876491028e-04
-1.210787628866891457e-04
-1.164758404846517236e-04
-1.120061032375114466e-04
-1.073114185082830449e-04
-1.023626338278620015e-04
-9.735197869681019595e-05
-9.208843680920237814e-05
-8.705455139580161412e-05
-8.229231506994331112e-05
-7.771358854978489611e-05
-7.370577573207774875e-05
-6.996854227874400878e-05
-6.638106434544951463e-05
-6.288348098653647562e-05
-5.915876665974135248e-05
-5.552857039390947391e-05
-5.195717911003651916e-05
-4.855139450577590987e-05
-4.575624356835256010e-05
-4.324862644011958219e-05
-4.094893446909966339e-05
-3.870582552693752922e-05
-3.615868616513940513e-05
-3.370536442316261619e-05
-3.139932378525721383e-05
-2.937388551190848408e-05
-2.786272476550173913e-05
-2.630200290581919073e-05
-2.462226012980562429e-05
-2.291607982501495759e-05
-2.117119197602781864e-05
-1.991042789261966299e-05
-1.885526207335851313e-05
-1.775534148448540853e-05
-1.664595896480745212e-05
-1.530001677225505550e-05
-1.423248363756647651e-05
-1.361434900726816283e-05
-1.285804374190401426e-05
-1.193688127827894496e-05
-1.106078189575134884e-05
-1.037542475472192239e-05
-9.981589191858325309e-06
-9.345995378771344551e-06
-8.672064342755877783e-06
-8.094212718447837452e-06
-7.691656147691809753e-06
-7.287303262292503201e-06
-6.665592299790837699e-06
-6.184013661000176927e-06
-5.922451971520579666e-06
-5.432082107770415899e-06
-4.928759956252460013e-06
-4.759664473742110677e-06
-4.344680189524720938e-06
-3.967918960116611777e-06
-3.750431449956834850e-06
-3.528356707812096375e-06
-3.209512698351017274e-06
-3.000590645831788010e-06
-2.899739776254768696e-06
-2.603824065537370732e-06
-2.502347130793279206e-06
-2.354375983098672221e-06
-2.129494159598553918e-06
-2.076849844406229096e-06
-1.883938282972971112e-06
-1.796550979034260611e-06
-1.651768286922149050e-06
-1.574376875131769937e-06
-1.420476434909553779e-06
-1.354353967557003458e-06
-1.291194881091802047e-06
-1.106972650171407542e-06
-1.146945068833291942e-06
-9.824096290993408690e-07
-9.414284591737937984e-07
-8.910984167680589867e-07
-7.887276084871567599e-07
-7.689746936103815371e-07
-7.042425972285729086e-07
-6.633237546891640570e-07
-6.221336383273494230e-07
-5.697064410692553108e-07
-5.450378299507376014e-07
-4.851267960226047962e-07
-4.751551466227441771e-07
-4.120600079834113108e-07
-3.916911583670121769e-07
-3.817119252146764668e-07
-3.306999255928132755e-07
-3.223019339094300974e-07
-2.943163458882277402e-07
-2.720787015916148584e-07
-2.578982085018127692e-07
-2.291279082210176263e-07
-2.179599961852880465e-07
-1.981251286557946097e-07
-1.896893878288782516e-07
-1.666148989043143053e-07
-1.613573734033343883e-07
-1.573848941423844803e-07
-1.322003792637755402e-07
-1.391782049293558175e-07
-1.194310980421857520e-07
-1.083297612489788873e-07
-1.153749900503706564e-07
-9.243252563055644778e-08
-9.712779018993575691e-08
-9.028129673209112022e-08
-7.616248035524998375e-08
-8.424298090017505547e-08
-6.943241391224688596e-08
-6.413198067927882814e-08
-6.530871947827723882e-08
-5.461379122982963653e-08
-5.554973336160938526e-08
-4.799967527565902966e-08
-4.493540094798440532e-08
-4.229460999211083171e-08
-3.892641152827133044e-08
-3.552180081417895574e-08
-3.166724531644909070e-08
-3.199179105936104411e-08
-2.960472621756773280e-08
-2.574086593661699007e-08
-2.709117351288455390e-08
-2.173096291885580135e-08
-2.433268736908406490e-08
-2.058357789185900455e-08
-1.708183848993221619e-08
-2.032893704550731098e-08
-1.546384966760712953e-08
-1.484022708625853864e-08
-1.571216236398092397e-08
-1.065935559322663045e-08
-1.450979811079605271e-08
-1.134108846453665670e-08
-8.924817462988435694e-09
-1.255567248952065055e-08
-7.988627377788683449e-09
-8.817704176635302517e-09
-9.097746368395546409e-09
-5.372356328569793796e-09
-8.511456368891332775e-09
-5.930003726923656433e-09
-4.800560356540260598e-09
-7.033508926966547162e-09
-4.106191935793291746e-09
-5.194604123521708617e-09
-4.999832921692847738e-09
-3.024625973155805463e-09
-4.892249871838653732e-09
-3.077815559182399067e-09
-2.811110183301333866e-09
-3.665165155177675187e-09
-2.183662810793730454e-09
-2.784040720979019267e-09
-2.656127318047652814e-09
-1.576460186904109644e-09
-2.612274252753818497e-09
-1.544418180563537148e-09
-1.556024264257519419e-09
-1.872431361693679782e-09
-1.128798083382109912e-09
-1.413894679513465524e-09
-1.311717023252153281e-09
-7.494464432799314927e-10
-1.291413253632013163e-09
-7.149540183887387277e-10
-8.224280792393351005e-10
-8.288848367568288091e-10
-5.280896089213722008e-10
-6.250401915344065564e-10
-6.058409127525342395e-10
-3.596369413785944368e-10
-5.726909222193775697e-10
-2.734004532228581513e-10
-3.824201600857947059e-10
-3.281702823177638724e-10
-2.616147412637061149e-10
-2.439343393499266689e-10
-2.616548684452614637e-10
-1.651804465638357519e-10
-2.465075985059725060e-10
-1.154318290534911319e-10
-1.876281129051699907e-10
-1.342090958678980051e-10
-1.448419324273525670e-10
-1.017672268597742712e-10
-1.406421018804379735e-10
-9.254486660692604396e-11
-1.072785986325296423e-10
-6.956055051359978750e-11
-9.935394645554240083e-11
-4.397985013565616346e-11
-8.435680025869435923e-11
-2.268250979037146008e-11
-4.661177051900115827e-11
-2.368315467290843059e-11
-5.749680508039946833e-12
9.320244992607636243e-12
9.338044347173505014e-12
4.363103585904112032e-11
2.204187350196469417e-11
7.489397532547022557e-11
4.897006654597106940e-11
7.266210267618071376e-11
7.394338866266781393e-11
8.257691869693684271e-11
7.139805624574656728e-11
8.800076706084756412e-11
5.546646604807219477e-11
8.616179679435719967e-11
5.188758652211121050e-11
5.721199109034652869e-11
5.079147841029253108e-11
4.558356850403989937e-11
3.674417324423427082e-11
4.744319693495088207e-11
2.469250579060594219e-11
5.503306844068488829e-11
3.557019596890555351e-11
5.022706221107066978e-11
5.282914095109552655e-11
5.525947470047126242e-11
5.454649331558562405e-11
6.176710086013788248e-11
4.253104216054117908e-11
5.755988602063776685e-11
3.358934592914187439e-11
3.544148689758813975e-11
2.524591212003353473e-11
2.088876052467843944e-11
1.587829403397547923e-11
2.135655546153114152e-11
1.176412964288976637e-11
2.903507252826547524e-11
1.904269346198187141e-11
2.804121474606454863e-11
2.248030101057660800e-11
2.067857989267931998e-11
1.298829284580059973e-11
1.185041825017529495e-11
-5.529066157279866029e-14
8.707224855245553438e-12
1.407601164947453196e-12
1.136642435034689164e-11
1.100911285842528141e-11
1.525226417484875991e-11
1.229658263298179652e-11
1.262221896572297690e-11
3.701710679607979614e-12
8.985598336681823308e-12
4.070088380451375851e-12
1.294779287627449564e-11
1.375392773887017828e-11
1.831581886840712370e-11
1.559711377412599818e-11
1.561931649702708676e-11
1.000324253071302099e-11
1.592300431744377294e-11
1.491585610781939083e-11
2.188197887286914940e-11
1.931272033853679609e-11
1.890040482011055244e-11
1.466432345030172123e-11
1.687051233155855988e-11
1.651552749489259732e-11
2.149546313076144944e-11
1.668148257417592252e-11
1.633434883325685780e-11
1.279237783079074939e-11
1.627640674777240206e-11
1.624490999574751707e-11
1.636106541601971940e-11
1.172010692051399322e-11
1.429366541536045094e-11
1.419253787085908095e-11
1.672069864322088578e-11
1.298182378562084909e-11
1.433596993873013179e-11
1.540186499975351999e-11
1.736118714519012632e-11
1.417624700507736202e-11
1.626945176063022822e-11
1.634656915559675472e-11
1.725966568481513656e-11
1.444684570027552781e-11
1.679670155591291017e-11
1.584468730145704479e-11
1.525071054486219105e-11
1.459308631170266318e-11
1.640037222557153696e-11
1.377621215623476477e-11
1.577039051824532320e-11
1.514662874613924893e-11
1.532117409727771728e-11
1.549619279165829795e-11
1.627326467129872617e-11
1.499890716132656547e-11
1.672324015325514254e-11
1.483120931159384644e-11
1.620349575602333509e-11
1.492026095456927040e-11
1.558394020273477467e-11
1.508588875448435263e-11
1.552446037683868890e-11
1.529818361239894605e-11
1.579792585811999217e-11
1.545085181267862656e-11
1.588872784538559261e-11
1.536447414249621677e-11
1.568340735484231389e-11
1.518374458605495900e-11
1.559734250587824642e-11
1.520055950417247967e-11
1.576635834400172618e-11
1.535078410894714830e-11
1.584310287379179190e-11
1.531976802738690350e-11
1.567465805845758073e-11
1.522122164540938932e-11
1.564639422994328057e-11
1.531234691833357062e-11
1.576934196364970538e-11
1.536081651791217164e-11
1.570293342469967929e-11
1.527065225857582030e-11
1.563112955295544807e-11
1.534226884199726502e-11
1.571302731343109579e-11
1.537632928581884807e-11
1.564920070151954977e-11
1.530638252464292121e-11
1.564883380952361579e-11
1.538765635621081838e-11
1.566897894986119799e-11
1.535785379042894618e-11
1.560690025229168189e-11
1.538061304677083833e-11
1.565667107044305149e-11
1.538419115671507843e-11
1.560392107865455082e-11
1.538502873179645195e-11
1.563433589211690157e-11
1.540282875068573212e-11
1.559050270137211230e-11
1.540555147851580191e-11
1.561848283288657818e-11
1.540287790765484601e-11
1.558893665123448921e-11
1.542471368741930720e-11
1.559485006884229665e-11
1.541155023305395776e-11
1.559086586597072365e-11
1.543126344962678261e-11
1.557377687482481958e-11
1.543417643190858817e-11
1.558089931774542973e-11
1.542830972596427728e-11
1.557841629989609478e-11
1.543837186213186307e-11
1.556599563010068849e-11
1.544834727563818817e-11
1.556040328412318509e-11
1.545022488106790977e-11
1.556042951497285269e-11
1.544997793730793536e-11
1.555991500379976253e-11
1.545154637037727596e-11
1.555743496386218988e-11
1.545463110362583977e-11
1.555405054208611535e-11
1.545809008652393220e-11
1.555065733097489800e-11
1.546134898447295150e-11
1.554755923683608498e-11
1.546428757111962946e-11
1.554477062154953782e-11
1.546694263660876362e-11
1.554223635402547661e-11
1.546937067430123467e-11
1.553990591081147298e-11
1.547161413413082320e-11
1.553774463685867920e-11
1.547370108834328359e-11
1.553572970850655650e-11
1.547565034284576577e-11
1.553384538184327596e-11
1.547747535100485576e-11
1.553207995986839775e-11
1.547918648771378620e-11
1.553042411690422051e-11
1.548079227512534736e-11
1.552887000257002497e-11
1.548230004052105545e-11
1.552741075545774738e-11
1.548371627952469901e-11
1.552604022885550628e-11
1.548504686603059380e-11
1.552475282807246997e-11
1.548629718046591775e-11
1.552354340821230269e-11
1.548747219277424545e-11
1.552240720592357799e-11
1.548857651951412953e-11
1.552133979135519647e-11
1.548961446538805872e-11
1.552033703220313238e-11
1.549059005491815355e-11
1.551939506575690195e-11
1.549150705799169766e-11
1.551851027602004823e-11
1.549236901081965851e-11
1.551767927457499452e-11
1.549317923406168483e-11
1.551689888409066243e-11
1.549394084853925861e-11
1.551616612376097502e-11
1.549465678927513111e-11
1.551547819634070707e-11
1.549532981814948997e-11
1.551483247642582860e-11
1.549596253543984932e-11
1.551422649976348150e-11
1.549655739044673083e-11
1.551365795351618967e-11
1.549711669125977803e-11
1.551312466717291161e-11
1.549764261388245032e-11
1.551262460423306409e-11
1.549813721067993128e-11
1.551215585445082829e-11
1.549860241831176815e-11
1.551171662665633036e-11
1.549904006514928118e-11
1.551130524198204679e-11
1.549945187815474006e-11
1.551092012762908087e-11
1.549983948944084161e-11
1.551055981096455042e-11
1.550020444231297974e-11
1.551022291401386713e-11
1.550054819698056256e-11
1.550990814825686897e-11
1.550087213587498227e-11
1.550961430971047379e-11
1.550117756860110870e-11
1.550934027427537159e-11
1.550146573651726556e-11
1.550908499326748819e-11
1.550173781698109354e-11
1.550884748911996766e-11
1.550199492717425260e-11
1.550862685122415675e-11
1.550223812759188333e-11
1.550842223179794429e-11
1.550246842506706038e-11
1.550823284181300824e-11
