# bin_5_2
-5.467268189571838213e-20
-5.461776438502402275e-20
-5.457968242089339153e-20
-5.452074854420136033e-20
-5.447779935722808980e-20
-5.441444657301885157e-20
-5.436623587094985200e-20
-5.429803232141663445e-20
-5.424413516549159145e-20
-5.417061857958320659e-20
-5.411057842227026832e-20
-5.403125526156142243e-20
-5.396458326582703520e-20
-5.387892819524377685e-20
-5.380510292479250459e-20
-5.371255870541921899e-20
-5.363102629127905193e-20
-5.353100420911130231e-20
-5.344117911521002102e-20
-5.333306007750725006e-20
-5.323432660607088407e-20
-5.311746305538468900e-20
-5.300917775143924122e-20
-5.288289656562108074e-20
-5.276439169758759063e-20
-5.262799826089727880e-20
-5.249858656976492140e-20
-5.235137021387159285e-20
-5.221035113468250017e-20
-5.205159215647945416e-20
-5.189825972008460458e-20
-5.172723818265234603e-20
-5.156089079925998880e-20
-5.137689730886246178e-20
-5.119684961313595272e-20
-5.099919823359678774e-20
-5.080479512815143040e-20
-5.059283853792686783e-20
-5.038347150100998398e-20
-5.015661841013249655e-20
-4.993174402589398183e-20
-4.968947874107392646e-20
-4.944863925809539856e-20
-4.919054310533153789e-20
-4.893338862164056555e-20
-4.865916269754808680e-20
-4.838547429955017853e-20
-4.809496271757198159e-20
-4.780467555993772713e-20
-4.749788798146051219e-20
-4.719111288364606738e-20
-4.686824467916597169e-20
-4.654528633902734041e-20
-4.620673422396420177e-20
-4.586810363026217590e-20
-4.551447409307095645e-20
-4.516089219635256545e-20
-4.479299953538720321e-20
-4.442538877716853322e-20
-4.404423916986958251e-20
-4.366369917382520178e-20
-4.327045703751293279e-20
-4.287822077480186378e-20
-4.247415390581963361e-20
-4.207152114477404402e-20
-4.165792194772366936e-20
-4.124616800989844638e-20
-4.082424978904840350e-20
-4.040450980385448993e-20
-3.997527982651258586e-20
-3.954841203144833227e-20
-3.911252708113841122e-20
-3.867896339205317722e-20
-3.823657886419960206e-20
-3.779617688309234025e-20
-3.734680693022714319e-20
-3.689872436762362168e-20
-3.644113753907496713e-20
-3.598375678531051261e-20
-3.551593778157953459e-20
-3.504687345349664015e-20
-3.456608502121264095e-20
-3.408230832823130783e-20
-3.358528516433611871e-20
-3.308339276089977317e-20
-3.256668823639498616e-20
-3.204332647076837141e-20
-3.150380983823952008e-20
-3.095623531521813873e-20
-3.039170013136578888e-20
-2.981841405221438291e-20
-2.922820966918079565e-20
-2.862955105654027016e-20
-2.801509614782294918e-20
-2.739362970348922363e-20
-2.675862617609427461e-20
-2.611913495547979667e-20
-2.546929724898985168e-20
-2.481821678630660176e-20
-2.416039514147247731e-20
-2.350463248534623654e-20
-2.284536248600707237e-20
-2.219064393089430181e-20
-2.153439569669089538e-20
-2.088355581226663945e-20
-2.023123135456856322e-20
-1.958310693046964643e-20
-1.893152216455374291e-20
-1.828119439853754535e-20
-1.762420642499600125e-20
-1.696506042625002853e-20
-1.629649881467272844e-20
-1.562383516148636321e-20
-1.494146032980814448e-20
-1.425633377883397748e-20
-1.356499127218007099e-20
-1.287608216546545631e-20
-1.218775250795353855e-20
-1.150923113650865726e-20
-1.083864017515148805e-20
-1.018385222078494573e-20
-9.541011281512381028e-21
-8.915073873710958825e-21
-8.299417420148564905e-21
-7.696414529152135463e-21
-7.098248077009664858e-21
-6.507411895271527223e-21
-5.918255891652382788e-21
-5.336689239250492845e-21
-4.761520549394128538e-21
-4.202536782128421974e-21
-3.661118766418386913e-21
-3.146844187405596696e-21
-2.658252483128697896e-21
-2.199568792138263716e-21
-1.763465207353828466e-21
-1.349443599976284955e-21
-9.490119009651920138e-22
-5.645978993220025222e-22
-1.944200228504966810e-22
1.515077984611090687e-22
4.696005537998398058e-22
7.500612824857554770e-22
9.954752455263797154e-22
1.206115053634921863e-21
1.393199087272593083e-21
1.559405505310817740e-21
1.709669040146022604e-21
1.835044447554031907e-21
1.930483746006020709e-21
1.986383834013557094e-21
2.008006342390082560e-21
2.001059263076377895e-21
1.979573580210540762e-21
1.943923116742244727e-21
1.891749931042339694e-21
1.810130087299582238e-21
1.699663515432206292e-21
1.566181273439959755e-21
1.427479820642940514e-21
1.286883133492072405e-21
1.140878526795147047e-21
9.761710893556105605e-22
7.983361698056535391e-22
6.203342876873906956e-22
4.581404775456339355e-22
3.035922761419093333e-22
1.474053048108864774e-22
-1.057283757895823701e-23
-1.482743252537214542e-22
-2.603797817722807883e-22
-3.571740298210432738e-22
-4.506664791143870711e-22
-5.221039170351834361e-22
-5.610818081098093392e-22
-5.788387518932285584e-22
-5.915332890853423585e-22
-5.798357851466065184e-22
-5.383209587075666314e-22
-4.861747523678432005e-22
-4.318581622821240863e-22
-3.524978034017368228e-22
-2.638446450810084880e-22
-1.835251909311105021e-22
-9.694699945478136027e-23
-3.967067490906574661e-24
6.584106055662932254e-23
1.340057373868909625e-22
1.940684521335280532e-22
2.264340171662469637e-22
2.513764022532755822e-22
2.601434837686387657e-22
2.408948240735600471e-22
2.230847474872496785e-22
1.765883317774724449e-22
1.314608234300997404e-22
7.650175407388835468e-23
1.874279589765314887e-23
-3.003136329475703255e-23
-7.926969753830965943e-23
-1.089941708362204693e-22
-1.332725328757957630e-22
-1.354680306010922707e-22
-1.290288225020720658e-22
-1.044779175887291882e-22
-7.399380865653142764e-23
-3.438982443410647358e-23
3.501784252084625189e-24
3.949701171544890081e-23
6.523457663898868396e-23
8.061508135969598507e-23
8.142583371684391606e-23
7.027224882818730354e-23
4.781919775711054476e-23
1.979885085555109757e-23
-9.775710608642219776e-24
-3.436403901875400357e-23
-5.029134419382175317e-23
-5.403006525194172044e-23
-4.597399862572972808e-23
-2.798874139272994096e-23
-5.177635440305418657e-24
1.698228370293483483e-23
3.255492901891943378e-23
3.789819550397088183e-23
3.183492094342324169e-23
1.684698110965615275e-23
-2.076289799695578736e-24
-1.855040163840489054e-23
-2.712405417571453357e-23
-2.514665548098902586e-23
-1.385207170313120595e-23
1.827248216691145215e-24
1.533418606378876021e-23
2.090039971499251008e-23
1.654483672689672813e-23
4.692722132325956144e-24
-8.304289535533233759e-24
-1.585134335435100450e-23
-1.400044995831071107e-23
-4.458938114562149789e-24
6.924697636101603335e-24
1.283264381491443704e-23
9.937706735950778385e-24
4.581097154657384378e-25
-8.341107137521485933e-24
-1.021006478926690877e-23
-3.857854349176010618e-24
4.907875328478708433e-24
8.781203749509134751e-24
4.381977452066160456e-24
-3.535888105214407853e-24
-7.384704202742856379e-24
-3.284706707595553164e-24
3.762001811431651831e-24
6.099717452790100888e-24
1.087019833762682584e-24
-4.617014933559565826e-24
-4.110361233341114395e-24
1.815780514224803771e-24
4.572002586506602764e-24
7.060410405240344911e-25
-3.927868364515476226e-24
-1.959455054849141000e-24
2.821888273097372829e-24
2.546817777457148042e-24
-2.205761918841598914e-24
-2.404364180939191823e-24
1.788379720270679420e-24
2.192016398329988796e-24
-1.950455569982524658e-24
-1.493249712973016919e-24
2.036058013469021450e-24
7.354557024302019090e-25
-2.220778893070139795e-24
5.513013893679358941e-25
1.563484289616732940e-24
-1.440093791515805396e-24
-3.965531455979547230e-25
1.685254455573878389e-24
-1.263547010766243195e-24
-1.555582106143184433e-25
1.204992338143981160e-24
-1.182849413368967865e-24
3.365137598038192221e-25
6.511467725328808746e-25
-1.244338257220202346e-24
1.289722720727432918e-24
-9.310580148307541521e-25
4.130134659674196249e-25
6.555327643232104385e-26
-4.040875284530483481e-25
5.863191430658687307e-25
-6.428411015350018276e-25
6.181548913679044690e-25
-5.517034135211883300e-25
4.710468079217323489e-25
-3.922136294667746561e-25
3.227181551120095655e-25
-2.648686201261943385e-25
2.182332594158910236e-25
-1.812617501829552622e-25
1.521191424527498310e-25
-1.291252415733495116e-25
1.108638185665307834e-25
-9.623321340888966853e-26
8.437491270538204258e-26
-7.465721840435499730e-26
6.659186282941680918e-26
-5.982832496384839607e-26
5.408770404486036084e-26
-4.917394745081525062e-26
4.492185621696146154e-26
-4.121926601840385691e-26
3.796320668095552401e-26
-3.508802134913601536e-26
3.252580272695873525e-26
-3.023757958622601148e-26
2.817595394471281178e-26
-2.631787246897210488e-26
2.462841140966415713e-26
-2.309438506452484085e-26
2.168874603104579508e-26
-2.040464980852105374e-26
1.922019612798768067e-26
-1.813275082520204376e-26
1.712388290705966029e-26
-1.619383660679706151e-26
1.532658463017229975e-26
-1.452439080069054319e-26
1.377293448246037479e-26
-1.307592955951093349e-26
1.242029375706565699e-26
-1.181080364525306255e-26
1.123529304892776980e-26
-1.069933168185075817e-26
1.019144286484021952e-26
-9.717798023753228279e-27
9.267447509742392506e-27
-8.847025973205074027e-27
8.445992254650949044e-27
-8.071342358258601855e-27
7.712855738227975078e-27
-7.377813675929643673e-27
7.056250150620822244e-27
-6.755674120693369082e-27
6.466323730753904065e-27
-6.195891454226691739e-27
5.934780763169860598e-27
-5.690833396374494378e-27
5.454587869813356246e-27
-5.234008343479159913e-27
5.019744523730709072e-27
-4.819861746131052218e-27
4.625101942454459762e-27
-4.443614657814037198e-27
4.266218839994041959e-27
-4.101134581943093106e-27
3.939245552038254769e-27
-3.788831304595124518e-27
3.640830214543413180e-27
-3.503572236284289368e-27
3.368042238265106016e-27
-3.242613119039502441e-27
3.118309461104831051e-27
-3.003540933428194747e-27
2.889366202356645187e-27
-2.784226565303285654e-27
2.679210069967883283e-27
-2.582785335876012117e-27
2.486065843422783182e-27
-2.397543909082436920e-27
2.308355113680222111e-27
-2.227012403913970753e-27
2.144670635551542439e-27
-2.069860779414683485e-27
1.993754559700008626e-27
-1.924898746959626877e-27
1.854479875646529777e-27
-1.791058609643695856e-27
1.725834526289273836e-27
-1.667380542714430654e-27
1.606907755742561871e-27
-1.552999919517572092e-27
1.496878332602127681e-27
-1.447136358973884365e-27
1.395004355180361018e-27
-1.349084228180541749e-27
1.300614396556750969e-27
-1.258204379869290843e-27
1.213099788891848904e-27
-1.173916941937925303e-27
1.131907880046086677e-27
-1.095695006397998435e-27
1.056536123036400135e-27
-1.023059090144844637e-27
9.865268813123600807e-28
-9.555722600732434612e-28
9.214628511653210669e-28
-8.928358320188136274e-28
8.609630179783091345e-28
-8.344855667184706357e-28
8.046790756023594589e-28
-7.801882974833409885e-28
7.522922485748453294e-28
-7.296389341726449825e-28
7.035104658027655505e-28
-6.825577956092932997e-28
6.580658416294596612e-28
-6.386882298136976922e-28
6.157124264456782185e-28
-5.977944868437493912e-28
5.762241941366899477e-28
-5.596598138558146110e-28
5.393932382591090248e-28
-5.240847462217082323e-28
5.050281524281052581e-28
-4.908855719277504637e-28
4.729525737096024740e-28
-4.598929493697192710e-28
4.430038705631987417e-28
-4.309506613533698833e-28
4.150319591176085163e-28
-4.039144901622800750e-28
3.888982337258103852e-28
-3.786512004945479719e-28
3.644745993754341241e-28
-3.550376186299356517e-28
3.416425950899761288e-28
-3.329597976559368259e-28
3.202925987127096332e-28
-3.123122597207313685e-28
3.003231046410974114e-28
-2.929973073805652227e-28
2.816400670261165711e-28
-2.749243969867230063e-28
2.641563018188538003e-28
-2.580095679150894603e-28
2.477909417724591677e-28
-2.421749220582157150e-28
2.324689391985472521e-28
-2.273481486791732013e-28
2.181206118258130845e-28
-2.134620902303424935e-28
2.046812276057043089e-28
-2.004543452291788427e-28
1.920906247714092989e-28
-1.882669046655734416e-28
1.802928638267202686e-28
-1.768458188456900828e-28
1.692359085202332758e-28
-1.661408918157543714e-28
1.588713331205327327e-28
-1.561054008966983831e-28
1.491540536089390867e-28
-1.466958390060579442e-28
1.400420806506243609e-28
-1.378716777773748768e-28
1.314962923830629036e-28
-1.295951496052882625e-28
1.234802253104589521e-28
-1.218310469670829081e-28
1.159598816819623259e-28
-1.145465375238744502e-28
1.089035519736856757e-28
-1.077109936490462230e-28
1.022816511464490115e-28
-1.012958351343119806e-28
9.606656754166136525e-29
-9.527438399392753140e-29
9.023252332648264291e-29
-8.962173032699413321e-29
8.475544554957230489e-29
-8.431460833879700057e-29
7.961284691945366135e-29
-7.933128167956691418e-29
7.478371551235951348e-29
-7.465143733997973505e-29
7.024841268526641621e-29
-7.025608741853172104e-29
6.598857853833419612e-29
-6.612747812464285660e-29
6.198704431303385675e-29
-6.224900543935351309e-29
5.822775118962919276e-29
-5.860513691826398169e-29
5.469567496876494778e-29
-5.518133914492597013e-29
5.137675618837957337e-29
-5.196401039873930824e-29
4.825783524696222131e-29
-4.894041813866584570e-29
4.532659215225177635e-29
-4.609864093013765752e-29
4.257149053795075368e-29
-4.342751447269531759e-29
3.998172563230584767e-29
-4.091658142949021846e-29
3.754717586913989992e-29
-3.855604475950147217e-29
3.525835788250166591e-29
-3.633672430178607739e-29
3.310638461765209893e-29
-3.425001636386108552e-29
3.108292634198094119e-29
-3.228785609796689232e-29
2.918017433270126430e-29
-3.044268245300986167e-29
2.739080705160339969e-29
-2.870740552518010126e-29
2.570795862230355780e-29
-2.707537612347623169e-29
2.412518944788095837e-29
-2.554035739589998814e-29
2.263645880892035398e-29
-2.409649836840347042e-29
2.123609930696315735e-29
-2.273830925893192329e-29
1.991879301860840792e-29
-2.146063843991897535e-29
1.867954923903305751e-29
-2.025865093698001594e-29
1.751368370488251729e-29
-1.912780834900190730e-29
1.641679919236193965e-29
-1.806385009951868013e-29
1.538476739319209314e-29
-1.706277591725411369e-29
1.441371198309280825e-29
-1.612082946871099732e-29
1.349999279535791093e-29
-1.523448305828246255e-29
1.264019103063123275e-29
-1.440042332542152947e-29
1.183109542445088451e-29
-1.361553786947590349e-29
1.106968931329212438e-29
-1.287690273989228162e-29
1.035313853479437089e-29
-1.218177073283723943e-29
9.678780106777980025e-30
-1.152756044028051215e-29
9.044111633078665386e-30
-1.091184599983914249e-29
8.446781387748735078e-30
-1.033234750071456075e-29
7.884579029561210547e-30
-9.786921999229139906e-30
7.355426909794646698e-30
-9.273555106442558633e-30
6.857371929735637315e-30
-8.790353107495760004e-30
6.388577913052259675e-30
-8.335535578990275427e-30
5.947318460247746379e-30
-7.907428471268188771e-30
5.531970251904843115e-30
-7.504457626525096519e-30
5.141006772106299171e-30
-7.125142700547660165e-30
4.772992425553935199e-30
-6.768091467797154408e-30
4.426577020652997639e-30
-6.431994478389727144e-30
4.100490597613334340e-30
-6.115620049948012525e-30
3.793538576934496775e-30
-5.817809568594859461e-30
3.504597209143334856e-30
-5.537473082323156534e-30
3.232609306150676556e-30
-5.273585165721319270e-30
2.976580235383199885e-30
-5.025181040028929884e-30
2.735574161603407862e-30
-4.791352931742076381e-30
2.508710519220520148e-30
-4.571246655407125545e-30
2.295160700740991021e-30
-4.364058404846439119e-30
2.094144948694312326e-30
-4.169031741627519022e-30
1.904929436597187534e-30
-3.985454766538440356e-30
1.726823528736355712e-30
-3.812657464032810494e-30
1.559177206190739417e-30
-3.650009207793747782e-30
1.401378649552952751e-30
-3.496916417806294341e-30
1.252851968214775031e-30
-3.352820359499593668e-30
1.113055066910984907e-30
-3.217195076213981607e-30
9.814776416877725880e-31
-3.089545446013728684e-30
8.576392964142301197e-31
-2.969405356277396907e-30
7.410877729473757061e-31
-2.856335987710909457e-30
6.313972877300776331e-31
-2.749924201909222171e-30
5.281669685278391466e-31
-2.649781025381389023e-30
4.310193843619201009e-31
-2.555540224703900328e-30
3.395991642850937358e-31
-2.466856966667167642e-30
2.535716980869307156e-31
-2.383406558826825266e-30
1.726219147915504501e-31
-2.304883264975151828e-30
9.645313433706289881e-32
-2.230999191313134088e-30
2.478598719357257655e-32
-2.161483238859207803e-30
-4.264260142527258952e-32
-2.096080118306964850e-30
-1.060803671736714948e-31
-2.034549423233952044e-30
-1.657606054544025803e-31
-1.976664758312608981e-30
-2.219030167804975754e-31
-1.922212919135955973e-30
-2.747145024528962122e-31
-1.870993120760376342e-30
-3.243899129531231084e-31
-1.822816271546924205e-30
-3.711127521151061778e-31
-1.777504290154411252e-30
-4.150558398816756353e-31
-1.734889462641317161e-30
-4.563819357627566322e-31
-1.694813837589021601e-30
-4.952443258621911645e-31
-1.657128656690376803e-30
-5.317873751157270731e-31
-1.621693818978684482e-30
-5.661470471691503866e-31
-1.588377376387926081e-30
-5.984513937332239002e-31
-1.557055059075281444e-30
-6.288210152203920789e-31
-1.527609828433617812e-30
-6.573694942989696809e-31
-1.499931456432431434e-30
-6.842038041852834110e-31
-1.473916129511206696e-30
-7.094246928771184366e-31
-1.449466075702105498e-30
-7.331270450840730583e-31
-1.426489213490639573e-30
-7.554002228515498090e-31
-1.404898821249678921e-30
-7.763283863913206137e-31
-1.384613225942567936e-30
-7.959907961319451076e-31
-1.365555510014307380e-30
-8.144620972076777299e-31
-1.347653235344336877e-30
-8.318125873238819256e-31
-1.330838183282362691e-30
-8.481084690295492845e-31
-1.315046109851020838e-30
-8.634120872926548797e-31
-1.300216515179343029e-30
-8.777821532997732222e-31
-1.286292426346918137e-30
-8.912739551903283755e-31
-1.273220192841166195e-30
-9.039395565808856380e-31
-1.260949293926986001e-30
-9.158279835204660367e-31
-1.249432157187956954e-30
-9.269854006527186571e-31
-1.238623987592364351e-30
-9.374552770933671155e-31
-1.228482606491999894e-30
-9.472785427156463061e-31
-1.218968299958123550e-30
-9.564937353779315457e-31
-1.210043675907859139e-30
-9.651371396162696683e-31
-1.201673529502197260e-30
-9.732429172909838175e-31
-1.193824716369942040e-30
-9.808432306885084664e-31
-1.186466033140422539e-30
-9.879683584656435900e-31
-1.179568104921529970e-30
-9.946468049368910872e-31
-1.173103279274531416e-30
-1.000905402979449303e-30
-1.167045526333492700e-30
-1.006769411029306773e-30
-1.161370344707438756e-30
-1.012262604448791053e-30
-1.156054672818320648e-30
-1.017407361630247233e-30
-1.151076805373943253e-30
-1.022224745102767586e-30
-1.146416314670178724e-30
-1.026734577973186226e-30
-1.142053976446809143e-30
-1.030955515946800716e-30
-1.137971700032737649e-30
-1.034905115176594385e-30
-1.134152462519004278e-30
-1.038599896214721215e-30
-1.130580246761111037e-30
-1.042055404263468545e-30
-1.127239982952508110e-30
-1.045286265947425040e-30
-1.124117493573356851e-30
-1.048306242814451578e-30
-1.121199441533578024e-30
-1.051128281747075232e-30
-1.118473281317154854e-30
-1.053764562464961054e-30
-1.115927212945622271e-30
-1.056226542293366999e-30
-1.113550138609014494e-30
-1.058524998343123310e-30
-1.111331621805648687e-30
-1.060670067254569248e-30
-1.109261848848259085e-30
-1.062671282663783216e-30
-1.107331592598016316e-30
-1.064537610484552569e-30
-1.105532178295267921e-30
-1.066277482176661579e-30
-1.103855451370396812e-30
-1.067898826069869918e-30
-1.102293747114832670e-30
-1.069409096898300384e-30
-1.100839862100646313e-30
-1.070815303607600163e-30
-1.099487027263605145e-30
-1.072124035563060622e-30
-1.098228882520787933e-30
-1.073341487220961974e-30
-1.097059452861318790e-30
-1.074473481380051045e-30
-1.095973125809230205e-30
-1.075525491057767570e-30
-1.094964630167124068e-30
-1.076502660086206193e-30
-1.094029015971974615e-30
-1.077409822490206129e-30
-1.093161635585131843e-30
-1.078251520706776827e-30
-1.092358125841565023e-30
-1.079032022709028267e-30
-1.091614391188059482e-30
-1.079755338088515403e-30
-1.090926587734387519e-30
-1.080425233131125029e-30
-1.090291108172350766e-30
-1.081045244949246642e-30
-1.089704567478350698e-30
-1.081618694701240999e-30
-1.089163789345924940e-30
-1.082148699925265272e-30
-1.088665793292597334e-30
-1.082638186039239974e-30
-1.088207782377423500e-30
-1.083089897017840114e-30
-1.087787131475949639e-30
-1.083506405283465294e-30
-1.087401376063903983e-30
-1.083890120836368506e-30
-1.087048201457965700e-30
-1.084243299650252809e-30
-1.086725432474669010e-30
-1.084568051362006839e-30
-1.086431023477170411e-30
-1.084866346291262830e-30
-1.086163048771494327e-30
-1.085140021830279253e-30
-1.085919693364272935e-30
-1.085390788263283209e-30
-1.085699244069232932e-30
-1.085620234079882764e-30
-1.085500081002907652e-30
-1.085829830881333947e-30
-1.085320669523150225e-30
-1.086020937993938993e-30
-1.085159552698089696e-30
-1.086194806947332792e-30
-1.085015344438516665e-30
-1.086352586003594783e-30
-1.084886723454540361e-30
-1.086495324969771533e-30
-1.084772428259372821e-30
-1.086623980567022044e-30
-1.084671253463688110e-30
-1.086739422656472803e-30
-1.084582047653463353e-30
-1.086842441654130444e-30
-1.084503713138750788e-30
-1.086933757451019843e-30
-1.084435207850632138e-30
-1.087014030115047441e-30
-1.084375549590660761e-30
-1.087083872544018904e-30
-1.084323822690079104e-30
-1.087143865058815626e-30
-1.084279186919472625e-30
-1.087194571645455146e-30
-1.084240888153821188e-30
-1.087236557168523247e-30
-1.084208269859534801e-30
-1.087270404391574392e-30
-1.084180783942819025e-30
-1.087296729078614709e-30
-1.084157998930038521e-30
-1.087316190892495338e-30
-1.084139602926923973e-30
-1.087329497363847548e-30
-1.084125398504651400e-30
-1.087337398089337859e-30
-1.084115286772744945e-30
-1.087340666728725992e-30
-1.084109238703970608e-30
-1.087340069618966519e-30
-1.084107253494432186e-30
-1.087336322066283944e-30
-1.084109306544195535e-30
-1.087330036680925575e-30
-1.084115293362024646e-30
-1.087321672137938039e-30
-1.084124979805824067e-30
-1.087311494633525010e-30
-1.084137972372743613e-30
-1.087299566585122828e-30
-1.084153722988412418e-30
-1.087285775770563385e-30
-1.084171578797526170e-30
-1.087269911135639666e-30
-1.084190877216380349e-30
-1.087251777991093514e-30
-1.084211070123532722e-30
-1.087231326936106758e-30
-1.084231842108151973e-30
-1.087208753306019351e-30
-1.084253174108115326e-30
-1.087184517215762713e-30
-1.084275306866635580e-30
-1.087159249791537715e-30
-1.084298588291169714e-30
-1.087133555091475548e-30
-1.084323244805613629e-30
-1.087107780395670817e-30
-1.084349179245739136e-30
-1.087081878696036319e-30
-1.084375925398127462e-30
-1.087055479038024217e-30
-1.084402836088185528e-30
-1.087028178878019840e-30
-1.084429437858437835e-30
-1.086999903863429528e-30
-1.084455721072040639e-30
-1.086971059473652868e-30
-1.084482097973156433e-30
-1.086942281225651200e-30
-1.084508975732793073e-30
-1.086913918097617866e-30
-1.084536274472974871e-30
-1.086885726550189812e-30
-1.084563407666113252e-30
-1.086857181506871152e-30
-1.084589863404827681e-30
-1.086828167520256474e-30
-1.084615773895479543e-30
-1.086799203823610992e-30
-1.084641667245349098e-30
-1.086770769753495553e-30
-1.084667601462293301e-30
-1.086742609741309406e-30
-1.084692978602771161e-30
-1.086714201551681067e-30
-1.084717496938348151e-30
-1.086685739316328118e-30
-1.084741624016175625e-30
-1.086657776409077532e-30
-1.084765547687136875e-30
-1.086630085403423973e-30
-1.084788686465068187e-30
-1.086602208714091187e-30
-1.084810964470464339e-30
-1.086574556409793238e-30
-1.084832860895568379e-30
-1.086547300223104475e-30
-1.084854019561849350e-30
-1.086519916702274323e-30
-1.084874193298764741e-30
-1.086492685307540160e-30
-1.084893813213230435e-30
-1.086465704437085403e-30
-1.084912479852608558e-30
-1.086438554079966393e-30
-1.084930207881998838e-30
-1.086411609514992993e-30
-1.084947139856592668e-30
-1.086384549224617413e-30
-1.084962911124480706e-30
-1.086357453415051115e-30
-1.084977801726396276e-30
-1.086330253075129635e-30
-1.084991447325633207e-30
-1.086302852253057991e-30
-1.085004053335348758e-30
-1.086275224205197049e-30
-1.085015316385920781e-30
-1.086247285858748998e-30
-1.085025363511715613e-30
-1.086218911483160609e-30
-1.085033960666974268e-30
-1.086190104375361017e-30
-1.085041097778571336e-30
-1.086160647006614433e-30
-1.085046685320083755e-30
-1.086130510633865635e-30
-1.085050550055062617e-30
-1.086099563679253812e-30
-1.085052627583384017e-30
-1.086067628796220415e-30
-1.085052791118681669e-30
-1.086034581000037383e-30
-1.085050870524726423e-30
-1.086000270125177318e-30
-1.085046708495936426e-30
-1.085964507419662288e-30
-1.085040139916645731e-30
-1.085927088955972921e-30
-1.085030974508548662e-30
-1.085887797899712441e-30
-1.085018998112738141e-30
-1.085846397451622053e-30
-1.085003974752098231e-30
-1.085802626511067539e-30
-1.084985645079878793e-30
-1.085756197507828013e-30
-1.084963723445145280e-30
-1.085706794309564952e-30
-1.084937894825718781e-30
-1.085654069631393058e-30
-1.084907811717058717e-30
-1.085597642001735581e-30
-1.084873090825242597e-30
-1.085537092364340193e-30
-1.084833309462001713e-30
-1.085471960329612741e-30
-1.084788001587290317e-30
-1.085401740053170579e-30
-1.084736653460725261e-30
-1.085325875706165776e-30
-1.084678698864814563e-30
-1.085243756497479028e-30
-1.084613513859331309e-30
-1.085154711204187611e-30
-1.084540411022789890e-30
-1.085058002163289946e-30
-1.084458633132215436e-30
-1.084952818673658494e-30
-1.084367346228301981e-30
-1.084838269753016846e-30
-1.084265632008404196e-30
-1.084713376189921787e-30
-1.084152479484874581e-30
-1.084577061825975513e-30
-1.084026775841094922e-30
-1.084428143998014948e-30
-1.083887296412295094e-30
-1.084265323064725742e-30
-1.083732693712463853e-30
-1.084087170936194584e-30
-1.083561485422895196e-30
-1.083892118519119244e-30
-1.083372041251923287e-30
-1.083678441984260358e-30
-1.083162568569203146e-30
-1.083444247756625434e-30
-1.082931096712011072e-30
-1.083187456122872373e-30
-1.082675459854925841e-30
-1.082905783344658554e-30
-1.082393278328749100e-30
-1.082596722161139530e-30
-1.082081938269413270e-30
-1.082257520559230555e-30
-1.081738569473254554e-30
-1.081885158686375884e-30
-1.081360021331965628e-30
-1.081476323778062976e-30
-1.080942836718790065e-30
-1.081027382971796417e-30
-1.080483223698098432e-30
-1.080534353880756772e-30
-1.079977024933507335e-30
-1.079992872805307966e-30
-1.079419684676390780e-30
-1.079398160469136497e-30
-1.078806213227686091e-30
-1.078744985180426600e-30
-1.078131148782425330e-30
-1.078027623338451331e-30
-1.077388516589984215e-30
-1.077239817233351082e-30
-1.076571785395029394e-30
-1.076374730123967244e-30
-1.075673821166593407e-30
-1.075424898627035872e-30
-1.074686838177889804e-30
-1.074382182513471553e-30
-1.073602347569907694e-30
-1.073237712086754233e-30
-1.072411103620595510e-30
-1.071981833417609991e-30
-1.071103048052135487e-30
-1.070604051832162634e-30
-1.069667252845069644e-30
-1.069092974201582034e-30
-1.068091862194608647e-30
