# bin_4_4
5.751638179909641657e-01
5.749795672145873171e-01
5.751570720124420388e-01
5.749840467848891246e-01
5.751505599315505091e-01
5.749880840115131342e-01
5.751442503611255974e-01
5.749916861920214561e-01
5.751381117896333661e-01
5.749948581300302619e-01
5.751321123580730443e-01
5.749976020363450901e-01
5.751262196199384835e-01
5.749999174047970563e-01
5.751204002828209649e-01
5.750018008599812047e-01
5.751146199279048021e-01
5.750032459749662150e-01
5.751088427036085138e-01
5.750042430539563654e-01
5.751030309899199944e-01
5.750047788786875058e-01
5.750971450293999032e-01
5.750048364121334021e-01
5.750911425199091154e-01
5.750043944576366250e-01
5.750849781649274295e-01
5.750034272673174573e-01
5.750786031766571549e-01
5.750019040964784445e-01
5.750719647271970159e-01
5.749997886988725826e-01
5.750650053426100694e-01
5.749970387590698229e-01
5.750576622367946644e-01
5.749936052586865909e-01
5.750498665813357224e-01
5.749894317733117433e-01
5.750415427093165111e-01
5.749844537001614908e-01
5.750326072533626931e-01
5.749785974173560188e-01
5.750229682205189041e-01
5.749717793789583808e-01
5.750125240093098000e-01
5.749639051544996882e-01
5.750011623798536586e-01
5.749548684254751629e-01
5.749887593922610174e-01
5.749445499570323692e-01
5.749751783341726652e-01
5.749328165701061977e-01
5.749602686658935591e-01
5.749195201447038217e-01
5.749438650168076093e-01
5.749044966915840549e-01
5.749257862727321644e-01
5.748875655340194291e-01
5.749058347967173077e-01
5.748685286420232021e-01
5.748837958241153068e-01
5.748471701570413428e-01
5.748594370646282758e-01
5.748232561312688338e-01
5.748325085236269949e-01
5.747965344802340448e-01
5.748027425232106191e-01
5.747667351045836481e-01
5.747698538498123844e-01
5.747335700749361953e-01
5.747335398827121411e-01
5.746967336890398403e-01
5.746934804624646009e-01
5.746559021048196492e-01
5.746493371438067266e-01
5.746107321333218110e-01
5.746007513562066960e-01
5.745608586577548582e-01
5.745473408881701660e-01
5.745058900557000747e-01
5.744886940514439821e-01
5.744454009851555076e-01
5.744243609212235091e-01
5.743789220048194366e-01
5.743538412451960617e-01
5.743059257999576506e-01
5.742765690322693128e-01
5.742258103298260030e-01
5.741918945095184634e-01
5.741378800207493915e-01
5.740990650581537791e-01
5.740413271358926206e-01
5.739972077855803878e-01
5.739352164702404835e-01
5.738853172872954156e-01
5.738184771824997865e-01
5.737622524489642828e-01
5.736899053555544192e-01
5.736267452474937967e-01
5.735481791697469856e-01
5.734774218716607308e-01
5.733918849466733692e-01
5.733128319009069829e-01
5.732195469381694553e-01
5.731314754040224280e-01
5.730296478539259608e-01
5.729318126173221781e-01
5.728206234575975442e-01
5.727122397235494544e-01
5.725908169721902752e-01
5.724710211288854822e-01
5.723383909865840113e-01
5.722061857288479603e-01
5.720612160638050003e-01
5.719154188321866616e-01
5.717567792005434635e-01
5.715960011126985929e-01
5.714221658916313062e-01
5.712448424029066274e-01
5.710541475245304310e-01
5.708586153582915212e-01
5.706493434665780295e-01
5.704339180189191838e-01
5.702043489849201174e-01
5.699673303841625849e-01
5.697156902286037994e-01
5.694552532037093773e-01
5.691795562969602651e-01
5.688935715923885139e-01
5.685914597400782977e-01
5.682773943753158807e-01
5.679461341189028234e-01
5.676011614285495499e-01
5.672378501744107515e-01
5.668591000658085299e-01
5.664608803340992482e-01
5.660455316298466100e-01
5.656095006249081125e-01
5.651545048737086629e-01
5.646773247704435228e-01
5.641790412696042756e-01
5.636567580273377231e-01
5.631110667694366745e-01
5.625395091769610501e-01
5.619423411462175499e-01
5.613175233420649723e-01
5.606648909479330367e-01
5.599825894278458449e-01
5.592698870615213647e-01
5.585250552272919000e-01
5.577469868934952224e-01
5.569343257070837883e-01
5.560858152043285374e-01
5.552004057905738366e-01
5.542764327570306460e-01
5.533128092175864099e-01
5.523074117097290792e-01
5.512593815849617940e-01
5.501665922461206337e-01
5.490285686284471778e-01
5.478429075063446785e-01
5.466090054345740246e-01
5.453240618427631636e-01
5.439877778470760816e-01
5.425975574674504198e-01
5.411534003221351030e-01
5.396523150972052374e-01
5.380941686972934290e-01
5.364760464523377070e-01
5.347984551858514513e-01
5.330585430013921044e-01
5.312566327091373664e-01
5.293897296794070062e-01
5.274588540250308988e-01
5.254614381867269701e-01
5.233984365315872411e-01
5.212671573788315582e-01
5.190693806365577201e-01
5.168029857960017015e-01
5.144696962086494629e-01
5.120676015439686868e-01
5.095995226977473314e-01
5.070638982645244708e-01
5.044636108395419427e-01
5.017980584573252800e-01
4.990710081261918729e-01
4.962818805717049142e-01
4.934354525671923453e-01
4.905321189659812564e-01
4.875768560485048142e-01
4.845711402915958699e-01
4.815208527230095403e-01
4.784277735512896812e-01
4.752990545527926991e-01
4.721369366324289496e-01
4.689492905534198286e-01
4.657392540945394233e-01
4.625149944617057973e-01
4.592804813773526118e-01
4.560440977038861532e-01
4.528102507132370502e-01
4.495874518833190558e-01
4.463801052888264898e-01
4.431965811157218549e-01
4.400408429738431604e-01
4.369206857838179858e-01
4.338391570359115268e-01
4.308029391431133504e-01
4.278136314642954630e-01
4.248762159650904535e-01
4.219902806035064069e-01
4.191585233395480059e-01
4.163779856734586837e-01
4.136485752072007194e-01
4.109643672566945516e-01
4.083221460989976404e-01
4.057128261629422417e-01
4.031300245328537368e-01
4.005616479554284237e-01
3.979985135443744326e-01
3.954261392760228810e-01
3.928334247256849432e-01
3.902046666885449766e-01
3.875282951671727982e-01
3.847891090657895030e-01
3.819770332146920633e-01
3.790795307279439808e-01
3.760903058293948997e-01
3.730018024115509534e-01
3.698137308845160232e-01
3.665255158312249462e-01
3.631444860261576202e-01
3.596781045934911991e-01
3.561416503339008277e-01
3.525500750683790985e-01
3.489250469557816370e-01
3.452863569102919694e-01
3.416583126613383370e-01
3.380607740915746451e-01
3.345150834498324954e-01
3.310350342367007204e-01
3.276327621843140858e-01
3.243101813954617496e-01
3.210654511032837721e-01
3.178855268667073464e-01
3.147538182529908690e-01
3.116443502710434799e-01
3.085308941332082777e-01
3.053827072340569715e-01
3.021747132431428784e-01
2.988839507528647799e-01
2.954994977186555793e-01
2.920179620964472589e-01
2.884512956809207052e-01
2.848195313756292646e-01
2.811550843913744324e-01
2.774920763015850111e-01
2.738675385511455396e-01
2.703090113523253790e-01
2.668356205657859692e-01
2.634479118486465765e-01
2.601331581848496111e-01
2.568612859882232202e-01
2.535967407847301014e-01
2.503003272543148361e-01
2.469443744729195311e-01
2.435142373932227822e-01
2.400185296161484738e-01
2.364819654453242936e-01
2.329447587449459123e-01
2.294457398114682078e-01
2.260161791790834263e-01
2.226643872715963479e-01
2.193784598186256096e-01
2.161254412246856327e-01
2.128692784340973365e-01
2.095800509315371429e-01
2.062515888257728802e-01
2.028988722582406035e-01
1.995560122201516795e-01
1.962549217750869934e-01
1.930148897539191166e-01
1.898290162758523025e-01
1.866749608093031809e-01
1.835250724888171925e-01
1.803688413522691603e-01
1.772142427237471118e-01
1.740851278444612849e-01
1.709981975890274841e-01
1.679552931949649386e-01
1.649401772632721752e-01
1.619403137007813798e-01
1.589566482161727523e-01
1.560075218890663584e-01
1.531046868909883563e-01
1.502425784280545795e-01
1.473992237562469221e-01
1.445673786566219476e-01
1.417644481902666787e-01
1.390195817547489887e-01
1.363327156000329887e-01
1.336739275286440709e-01
1.310174581569408248e-01
1.283848538614963397e-01
1.258167605249237153e-01
1.233180484076033118e-01
1.208433352614149275e-01
1.183702133810257823e-01
1.159353554931108476e-01
1.135791717819375490e-01
1.112716385659434926e-01
1.089694856795577760e-01
1.066951185004133829e-01
1.044961416475030103e-01
1.023462834607407335e-01
1.002062835583714118e-01
9.810640485975187508e-02
9.607723337357278182e-02
9.407674007399638438e-02
9.210002162718675112e-02
9.018526353598584067e-02
8.831328095903763498e-02
8.646252071754328972e-02
8.467063310805504617e-02
8.291676771559311487e-02
8.119005071675655660e-02
7.952112460134287686e-02
7.788111811591394429e-02
7.627612496977499712e-02
7.472800548647787200e-02
7.319397005249163313e-02
7.171787618234665151e-02
7.026855045882293704e-02
6.885420741754358365e-02
6.748704999963524298e-02
6.613870259741015667e-02
6.484190784497138871e-02
6.356533374820166893e-02
6.233205777295309363e-02
6.112406984492221168e-02
5.995223657203117146e-02
5.880864209801162784e-02
5.769699799709494814e-02
5.661368049790568846e-02
5.555890207107565953e-02
5.453345874972458096e-02
5.353343529157152114e-02
5.256052865958263376e-02
5.161275745745397964e-02
5.068937416398285739e-02
4.979106795466053254e-02
4.891449875730377594e-02
4.806064210039716345e-02
4.722918658660901076e-02
4.641733993233913141e-02
4.562601632552656938e-02
4.485374170997986215e-02
4.409959789642570877e-02
4.336480592066881135e-02
4.264559508539306903e-02
4.194343885921099357e-02
4.125796521682166540e-02
4.058658182922730145e-02
3.993054774717189753e-02
3.928812995134586122e-02
3.865886721726299879e-02
3.804405584854626127e-02
3.743980754389805710e-02
3.684789671607256734e-02
3.626789859138786903e-02
3.569743113365601156e-02
3.513815319054966468e-02
3.458808627654950951e-02
3.404728842289677510e-02
3.351717678411730850e-02
3.299387217234036468e-02
3.247950256853485151e-02
3.197348473924449541e-02
3.147383829066906918e-02
3.098246099635035278e-02
3.049717110411359275e-02
3.001841482285494758e-02
2.954767456825624361e-02
2.908111517254059752e-02
2.862111368355310312e-02
2.816687650999493212e-02
2.771691913992600093e-02
2.727327429655617905e-02
2.683355802566498097e-02
2.639857617061660416e-02
2.596986358507962292e-02
2.554369592921161211e-02
2.512257436107040096e-02
2.470558110387368472e-02
2.429173859048347484e-02
2.388309610718371973e-02
2.347698821040085718e-02
2.307464628463737344e-02
2.267749045606736943e-02
2.228197458838707817e-02
2.189072906348260919e-02
2.150268413516461322e-02
2.111732744105705023e-02
2.073662525993053354e-02
2.035763663033077903e-02
1.998203169172591692e-02
1.961103690117430368e-02
1.924131387325787521e-02
1.887563097549931762e-02
1.851266124064550669e-02
1.815230339487156411e-02
1.779651767437963328e-02
1.744211859470317511e-02
1.709112841996278734e-02
1.674451912264648956e-02
1.639925435622796232e-02
1.605819160005287141e-02
1.571971876721777253e-02
1.538401295018787529e-02
1.505305861512138028e-02
1.472354644647763146e-02
1.439771159260223171e-02
1.407619173945752478e-02
1.375635236528577159e-02
1.344107233933393084e-02
1.312847005310166341e-02
1.281892752760664667e-02
1.251440686052761667e-02
1.221160855190007305e-02
1.191284325282219309e-02
1.161839718155351087e-02
1.132612080513862272e-02
1.103867990736707300e-02
1.075408859456587762e-02
1.047292222975473516e-02
1.019691952648207021e-02
9.922968859374691961e-03
9.653433902935949426e-03
9.388130999062063720e-03
9.125548671147046612e-03
8.867943865142542334e-03
8.613417159607502510e-03
8.362648874169282404e-03
8.117085548355343350e-03
7.873998470160178259e-03
7.635623105449096740e-03
7.401449670863216590e-03
7.170499978673094271e-03
6.944644772917371416e-03
6.722120006233531751e-03
6.503634319403144015e-03
6.290301709068510383e-03
6.079870663586887936e-03
5.874257710662592058e-03
5.672787751737801663e-03
5.474886227660994212e-03
5.281996985033624720e-03
5.092537031027591365e-03
4.907211536278594313e-03
4.726771361142392304e-03
4.549465561656826883e-03
4.376822735528016796e-03
4.208142177428748562e-03
4.043154089833495002e-03
3.882897027706387703e-03
3.726026323289891723e-03
3.573250284125919878e-03
3.425010641676466336e-03
3.280030403757586144e-03
3.139488263067245679e-03
3.002725985737917432e-03
2.869672070433099652e-03
2.741042133593535497e-03
2.615719192366463761e-03
2.494331278567156560e-03
2.377047562749271415e-03
2.262939285651889565e-03
2.152862064664181740e-03
2.046208840860146583e-03
1.942974107013190500e-03
1.843650019478363647e-03
1.747339544397405291e-03
1.654583038660890296e-03
1.565404277544217918e-03
1.479165713108761444e-03
1.396502291306607729e-03
1.316891694786928016e-03
1.240346169575041535e-03
1.167207522871386346e-03
1.096727855244659412e-03
1.029321445190285386e-03
9.649213428610396758e-04
9.030967857294399954e-04
8.442911857486365759e-04
7.880845733144902681e-04
7.345286307586547511e-04
6.838614787282543215e-04
6.354659437732011794e-04
5.896642502186266862e-04
5.463045752412826195e-04
5.050845668916779593e-04
4.662640647972148282e-04
4.294792114788853737e-04
3.947905936241905543e-04
3.623827123596830833e-04
3.317862249180203904e-04
3.033559554689993823e-04
2.770355236420444589e-04
2.527584477126279929e-04
2.308947306193327362e-04
2.113142254359895813e-04
1.943300342003215480e-04
1.803307516888959727e-04
1.691386607766651206e-04
1.611930922108986252e-04
1.562987221137461860e-04
1.539081521833559143e-04
1.532943397029660061e-04
1.527154006173363871e-04
1.505018012230361203e-04
1.449325956442621723e-04
1.341258916404189090e-04
1.175169950144808341e-04
9.503921160632130129e-05
6.763059491923722002e-05
3.721255557512657595e-05
5.608363002809959796e-06
-2.489506404386019584e-05
-5.242708396916594186e-05
-7.615029286618453140e-05
-9.526473874284725112e-05
-1.098912152569398587e-04
-1.203678381197850891e-04
-1.270605022692378584e-04
-1.309298740329325431e-04
-1.323965352288428653e-04
-1.319131040305616942e-04
-1.302408421416155297e-04
-1.274933547062966771e-04
-1.241476124262385088e-04
-1.203986080089591604e-04
-1.162031695205927929e-04
-1.119740832745647025e-04
-1.075384470100654641e-04
-1.029094813067245919e-04
-9.843220416315260658e-05
-9.388910181757742198e-05
-8.951918009431787118e-05
-8.524835110622065682e-05
-8.084778961486521298e-05
-7.665381221729109060e-05
-7.245544759205124199e-05
-6.824491385736145357e-05
-6.426967022722891775e-05
-6.029845226788269492e-05
-5.659017247609074728e-05
-5.308867232152855226e-05
-4.964978024523727387e-05
-4.666694537569430985e-05
-4.386947958002704057e-05
-4.120513131622578605e-05
-3.878371355570260740e-05
-3.641419576336500538e-05
-3.432346086096987306e-05
-3.242531685503353918e-05
-3.059413319765497829e-05
-2.907647296921063494e-05
-2.749493664924041529e-05
-2.589215794450746416e-05
-2.448516296558234703e-05
-2.299988624996475718e-05
-2.155919548649835535e-05
-2.007081976085889127e-05
-1.850733540497153146e-05
-1.713566813442896197e-05
-1.578679636671522185e-05
-1.459428407035817486e-05
-1.361420213490083684e-05
-1.257739746777297207e-05
-1.186854706836043456e-05
-1.130627241924171914e-05
-1.068973962488514018e-05
-1.023175757231819371e-05
-9.818242968131462355e-06
-9.280429797104706505e-06
-8.736601243645391549e-06
-8.135439446866780049e-06
-7.557054542145291232e-06
-6.903597599789624161e-06
-6.284302052373530886e-06
-5.951698531181741066e-06
-5.469223476681538919e-06
-5.272877658921892878e-06
-5.056932840083383126e-06
-4.800276817177331101e-06
-4.488127418429214040e-06
-4.295086339421101016e-06
-3.731510390974953529e-06
-3.337069150430967290e-06
-2.967626482290881598e-06
-2.658230199660281434e-06
-2.590708426106126343e-06
-2.444932661348151169e-06
-2.496424104944720113e-06
-2.326844202771545734e-06
-2.222844379296656634e-06
-1.941871413149508039e-06
-1.716424567158678980e-06
-1.674768804036220568e-06
-1.581842128558488817e-06
-1.611192586838742957e-06
-1.545361155336946606e-06
-1.410551022604558850e-06
-1.124112235789638822e-06
-1.074469946382974593e-06
-1.006204141956926033e-06
-9.927416713317985889e-07
-1.078690307490642599e-06
-8.538413208140500651e-07
-7.479181581930387870e-07
-6.724008123177879086e-07
-6.551811562781049832e-07
-7.557349806682749726e-07
-6.411648586628816305e-07
-5.329248247523907394e-07
-4.526416616791092465e-07
-5.089207871841140756e-07
-5.422958360870455674e-07
-4.506184380836719720e-07
-3.893673666019537836e-07
-3.469828116870132102e-07
-4.087946716809961193e-07
-3.565043154862864111e-07
-2.534860560095919224e-07
-2.829567700665011622e-07
-2.900289388938219580e-07
-2.430030973246879020e-07
-2.044326954947486295e-07
-2.369217568509234727e-07
-2.219748050553594081e-07
-1.558729762270045663e-07
-1.833750015163637416e-07
-1.806808407944052322e-07
-1.223057926108608088e-07
-1.359879124887972614e-07
-1.382575626826453380e-07
-1.014524308870708569e-07
-1.050353214889153981e-07
-1.100828318489702865e-07
-7.771405335219899669e-08
-9.064872200921363133e-08
-7.243853475813008438e-08
-7.189980173698042609e-08
-5.924081433295274437e-08
-5.827683707894488415e-08
-5.717213133021511563e-08
-4.199082860416734608e-08
-5.453406277572530362e-08
-3.223598557210367164e-08
-4.790651148998459795e-08
-3.221127291768681459e-08
-3.624555380264266916e-08
-3.144235611787048334e-08
-3.414370250143618143e-08
-3.072228509552053108e-08
-2.941390847612802098e-08
-3.042636636511721283e-08
-2.890807492068414313e-08
-2.804317048819800023e-08
-2.793059143866634520e-08
-2.262994874546196559e-08
-2.649449659026329508e-08
-2.031795088384844448e-08
-1.791719037858378312e-08
-1.792069115299066699e-08
-1.161017608169305801e-08
-1.201449422547198434e-08
-9.268134466369156238e-09
-4.973173101727867656e-09
-8.887178482666532266e-09
-4.932123053633516845e-09
-5.923869827057550648e-09
-8.597447502343456805e-09
-6.275705500816839042e-09
-9.582038745158057902e-09
-9.642282696608181005e-09
-7.179338633733048777e-09
-1.056792233449555487e-08
-6.485629248880575895e-09
-6.398602942698766163e-09
-5.626663672105039516e-09
-2.699314435216355981e-09
-3.281313376071288596e-09
-2.015455490868242227e-09
-8.458303232114401607e-10
-2.992724596068934773e-09
-1.706285863546514203e-09
-3.365943761256251873e-09
-3.913387381898059986e-09
-3.542820108882558244e-09
-4.095774976213397595e-09
-3.135926197960592377e-09
-1.635118444324371320e-09
-1.593418936114935009e-09
2.068516026937086512e-11
-3.774304847999794023e-10
-8.519504122632623220e-10
-1.261278746786022637e-09
-2.413219501028146120e-09
-2.348267063903323379e-09
-1.746001784136163250e-09
-1.264078530693126388e-09
1.140547955682958333e-11
5.261905115577746712e-11
-1.895271702318814458e-10
-7.576714341411910128e-10
-1.473988377357487176e-09
-1.406343300817265553e-09
-8.250409478280215828e-10
-2.884775949861789070e-10
2.875388039151058633e-10
-6.294288662190173632e-11
-5.793819532410022283e-10
-9.822361255269840678e-10
-8.511526369654306160e-10
-2.195270832554557003e-10
2.744112858816876508e-10
4.977356455491686255e-11
-4.686801884582433859e-10
-8.077224812963543158e-10
-3.520524710828140401e-10
1.976420121604757274e-10
1.794454486290719356e-10
-3.742770603323117539e-10
-5.514137428677893522e-10
-1.515399937606108650e-10
2.286576187067712105e-10
-1.003665914474354881e-11
-3.825371776915906886e-10
-2.928443172289908108e-10
1.773105782504913216e-10
8.566356614121041443e-11
-3.156947030641053131e-10
-1.883559080785629514e-10
1.949187500896516956e-10
-1.804400157753611673e-11
-2.726484431486837468e-10
2.073462929280213853e-11
1.411152565832398295e-10
-1.904230037878124587e-10
-6.143275087458942159e-11
1.418969002263412401e-10
-1.149236315874235379e-10
-6.742368191515831173e-11
1.356025554597994172e-10
-1.265356907480532034e-10
1.783818236591039496e-11
6.520838724075412874e-11
-9.619757684458480067e-11
7.878464064769574643e-11
-2.600863565607995365e-11
-5.972875805160323327e-12
5.246293595308243917e-11
-4.863842429530279463e-11
6.754507356436729674e-11
-3.185849709616274342e-11
4.549009148786816256e-11
-6.098548243337888860e-12
2.739277059907207961e-11
8.056752460858164204e-12
2.648737106041321826e-11
5.054386291848578662e-12
3.052057062497651969e-11
8.044091192317125663e-12
2.676475503703806356e-11
1.364577069965146527e-11
2.180649115381614178e-11
1.704731146246337507e-11
2.390889022637903897e-11
1.231117519116880542e-11
2.718833353696016120e-11
1.238602474902773773e-11
2.470699900779668847e-11
1.527979663578540692e-11
2.059475864577891249e-11
1.699907738463806374e-11
2.116698518521102939e-11
1.344322703227549794e-11
2.275027868185209188e-11
1.247124363733267623e-11
2.083049788788940430e-11
1.375724821683055258e-11
1.752261011974492628e-11
1.440241857240409511e-11
1.725664314536507405e-11
1.185780856790465385e-11
1.775402526549542792e-11
1.063519112197113792e-11
1.636228264654871808e-11
1.102652526774699399e-11
1.396104903911728958e-11
1.122616027253985384e-11
1.346330579125523388e-11
9.634114621845181082e-12
1.358763629878041663e-11
8.713679810601816766e-12
1.283555985471156604e-11
8.936433695481669525e-12
1.144331471096808890e-11
9.226550940171827140e-12
1.124957223839188384e-11
8.577782166227558431e-12
1.154978558068242513e-11
8.285397543466879474e-12
1.149788558847927226e-11
8.769764885672639663e-12
1.103270431891790343e-11
9.370545164140612504e-12
1.126508125844609184e-11
9.431702814503140938e-12
1.178981070768921998e-11
9.592647207914246728e-12
1.210938170525387241e-11
1.015254762827004351e-11
1.204320450181513435e-11
1.069601380306686457e-11
1.225191393993553950e-11
1.080910197365436333e-11
1.251464420079488470e-11
1.080664943140466064e-11
1.256608688831101025e-11
1.093536939751692713e-11
1.227141771461761521e-11
1.099380880616193869e-11
1.207850408231059500e-11
1.079197944514737675e-11
1.194332493680403906e-11
1.054528900612942734e-11
1.177726343869907848e-11
1.048199908338286667e-11
1.152389805101667190e-11
1.052301797683089903e-11
1.145681956829283206e-11
1.054590200619266147e-11
1.154683915733123474e-11
1.061379988271261244e-11
1.167052431410264982e-11
1.079576062503680186e-11
1.170467433421032666e-11
1.096493748233177966e-11
1.173005315946683118e-11
1.099746576340423237e-11
1.171840138179546788e-11
1.092673861306717322e-11
1.163451223787605734e-11
1.086798346512830085e-11
1.149444750102949325e-11
1.084697795113689868e-11
1.142959384850725663e-11
1.086347064858912747e-11
1.146543936655905978e-11
1.092163455311595017e-11
1.153273331674256268e-11
1.100796976291643845e-11
1.154019172406786248e-11
1.104477726487730512e-11
1.149109847048480606e-11
1.100868189324439755e-11
1.142838811534468792e-11
1.096413116790233912e-11
1.140309679711046902e-11
1.099158115089010183e-11
1.141940640854959911e-11
1.105830403520536761e-11
1.143933903429986263e-11
1.108255242954149586e-11
1.141640787128359969e-11
1.105026888313137049e-11
1.137414208155298724e-11
1.104251761490151405e-11
1.136797613156764521e-11
1.108460398049138361e-11
1.138659049165068137e-11
1.110937186469038538e-11
1.137059476352618928e-11
1.108720108651966584e-11
1.134190193538480494e-11
1.109158564093394045e-11
1.134966812091425261e-11
1.112448209051052936e-11
1.134971870141448600e-11
1.112075053659014026e-11
1.132382757224726373e-11
1.111548125247291473e-11
1.132928372352833310e-11
1.113911988570402391e-11
1.132798545479130625e-11
1.113451982115184795e-11
1.130727195446286201e-11
1.114159036926204782e-11
1.131586731918564973e-11
1.115214092350172944e-11
1.130366664019230782e-11
1.114662084308406983e-11
1.130186264197932718e-11
1.116208992796563849e-11
1.129675297450305308e-11
1.115763708732349230e-11
1.129147118846811194e-11
1.116871792122027181e-11
1.128974957352220689e-11
1.116532039853989713e-11
1.128544593063831449e-11
1.117534158644220404e-11
1.128039472576631626e-11
1.117410504653094820e-11
1.128029406234475512e-11
1.117937196771207895e-11
1.127376732283131137e-11
1.118250642064139364e-11
1.127375008044344230e-11
1.118291154312652588e-11
1.127074925986482652e-11
1.118771986686511028e-11
1.126628463070149926e-11
1.119048959392396307e-11
1.126505857086264134e-11
1.119117081120649867e-11
1.126400162968181702e-11
1.119297517015701571e-11
1.126157396213905230e-11
1.119568208376335679e-11
1.125890560411925446e-11
1.119812582936979533e-11
1.125673883993219544e-11
1.120004395874581966e-11
1.125500733882393387e-11
1.120164797481270950e-11
1.125348443198247950e-11
1.120311722395975863e-11
1.125205234964930657e-11
1.120451759992260957e-11
1.125068049253117801e-11
1.120585925540094822e-11
1.124936868864970937e-11
1.120713863632054613e-11
1.124812095448794200e-11
1.120835265272806419e-11
1.124693902794142637e-11
1.120950085285514024e-11
1.124582228064817293e-11
1.121058467558644516e-11
1.124476867106966303e-11
1.121160656531303988e-11
1.124377547028361061e-11
1.121256941361745862e-11
1.124283967594447224e-11
1.121347625872581625e-11
1.124195822738714801e-11
1.121433013280593260e-11
1.124112811331680966e-11
1.121513398620920119e-11
1.124034642440315225e-11
1.121589065125565911e-11
1.123961037761132702e-11
1.121660282625935876e-11
1.123891732578768840e-11
1.121727307024915084e-11
1.123826475957402402e-11
1.121790380324262178e-11
1.123765030517296344e-11
1.121849730958650426e-11
1.123707171992310153e-11
1.121905574280224310e-11
1.123652688669637324e-11
1.121958113125396120e-11
1.123601380784766207e-11
1.122007538409375884e-11
1.123553059890166553e-11
1.122054029724844947e-11
1.123507548228342509e-11
1.122097755932318976e-11
1.123464678118937505e-11
1.122138875728976482e-11
1.123424291361707760e-11
1.122177538192189990e-11
1.123386238662889493e-11
1.122213883298440671e-11
1.123350379086793363e-11
1.122248042406988781e-11
1.123316579530917980e-11
1.122280138722791068e-11
1.123284714223682444e-11
1.122310287722619481e-11
1.123254664245417685e-11
1.122338597556763331e-11
1.123226317073263324e-11
1.122365169419798788e-11
1.123199566141109520e-11
1.122390097896721156e-11
1.123174310423278753e-11
1.122413471278826401e-11
1.123150454031735389e-11
1.122435371855502353e-11
1.123127905830144371e-11
1.122455876178991601e-11
1.123106579060183977e-11
1.122475055303610517e-11
1.123086390979687746e-11
1.122492975001024138e-11
1.123067262510946668e-11
1.122509695948013258e-11
1.123049117895592465e-11
1.122525273891844635e-11
1.123031884355809459e-11
1.122539759786562566e-11
1.123015491757897113e-11
1.122553199907097487e-11
1.122999872278116362e-11
1.122565635934016438e-11
1.122984960065721764e-11
1.122577105010672199e-11
1.122970690903354097e-11
1.122587639773189233e-11
