# bin_4_1
2.252668412697905092e-07
2.246748233434244643e-07
2.252522184722238667e-07
2.246934482096176749e-07
2.252387342225488384e-07
2.247113659693374971e-07
2.252263513201720060e-07
2.247286434605728437e-07
2.252150361479116662e-07
2.247453452323187697e-07
2.252047583927878715e-07
2.247615335736045291e-07
2.251954907357027780e-07
2.247772684884100444e-07
2.251872084983281475e-07
2.247926076063910693e-07
2.251798892387341746e-07
2.248076060199875263e-07
2.251735122838081614e-07
2.248223160360548123e-07
2.251680581854044679e-07
2.248367868317314904e-07
2.251635080879010086e-07
2.248510639997769922e-07
2.251598429924369475e-07
2.248651889711554241e-07
2.251570429044873005e-07
2.248791983020264471e-07
2.251550858507598632e-07
2.248931228128096332e-07
2.251539467554117971e-07
2.249069865705766852e-07
2.251535961663949068e-07
2.249208057105927612e-07
2.251539988309421254e-07
2.249345870978391408e-07
2.251551121253263491e-07
2.249483268421973702e-07
2.251568843578479533e-07
2.249620086921560456e-07
2.251592529784930420e-07
2.249756023526591777e-07
2.251621427514529558e-07
2.249890617951001000e-07
2.251654639729718211e-07
2.250023236600251446e-07
2.251691108519493099e-07
2.250153058882354106e-07
2.251729602099767821e-07
2.250279067613174728e-07
2.251768707049166577e-07
2.250400045796151134e-07
2.251806828314487001e-07
2.250514582581376996e-07
2.251842200032934136e-07
2.250621091670998596e-07
2.251872910640297750e-07
2.250717845826930517e-07
2.251896946028868392e-07
2.250803031263572666e-07
2.251912254466749535e-07
2.250874825465410582e-07
2.251916836483908938e-07
2.250931501109930310e-07
2.251908861663584401e-07
2.250971557059294611e-07
2.251886812030943602e-07
2.250993874520596017e-07
2.251849648204260438e-07
2.250997892237139476e-07
2.251796989463492528e-07
2.250983788773393789e-07
2.251729292342446401e-07
2.250952652721262750e-07
2.251648004524654465e-07
2.250906613416411322e-07
2.251555662467684596e-07
2.250848896667760522e-07
2.251455893819123737e-07
2.250783763954667257e-07
2.251353281716308013e-07
2.250716292523789156e-07
2.251253050945639697e-07
2.250651961679380794e-07
2.251160549903792971e-07
2.250596031723611404e-07
2.251080531639109472e-07
2.250552740254427924e-07
2.251016284776469348e-07
2.250524397103571404e-07
2.250968729718340466e-07
2.250510529753988826e-07
2.250935668761202748e-07
2.250507302273792925e-07
2.250911441588343278e-07
2.250507477332389976e-07
2.250887258474668595e-07
2.250501175659362702e-07
2.250852421445646595e-07
2.250477568196160322e-07
2.250796459534719384e-07
2.250427383122410553e-07
2.250711884418558069e-07
2.250345734021977554e-07
2.250596862345978755e-07
2.250234364853643935e-07
2.250456735012578397e-07
2.250102151464500248e-07
2.250303242460295420e-07
2.249962867668014740e-07
2.250150781108775643e-07
2.249830058263989486e-07
2.250010223445536184e-07
2.249710363098890236e-07
2.249882513958687756e-07
2.249598308149650900e-07
2.249755631017679302e-07
2.249476319420237435e-07
2.249608255191986908e-07
2.249322175975666682e-07
2.249420495334179092e-07
2.249121761967107485e-07
2.249186714564198935e-07
2.248879512967699866e-07
2.248921032973150259e-07
2.248616860806545744e-07
2.248647693555024325e-07
2.248355179132341148e-07
2.248379257437488571e-07
2.248093787581311547e-07
2.248100136970468713e-07
2.247804551677006001e-07
2.247775858468055780e-07
2.247455735471164799e-07
2.247386706516268194e-07
2.247046204128869222e-07
2.246950880926598090e-07
2.246607275471133423e-07
2.246500572358180074e-07
2.246157842396643610e-07
2.246030817302326283e-07
2.245667707175155625e-07
2.245496107364425493e-07
2.245094590292171967e-07
2.244876401106240473e-07
2.244450217934343360e-07
2.244208110125452967e-07
2.243773435532199007e-07
2.243505987132972637e-07
2.243040461206562197e-07
2.242716844356180631e-07
2.242198972799070690e-07
2.241821844543885161e-07
2.241274264454517046e-07
2.240867133065442457e-07
2.240290382881708585e-07
2.239826141946020384e-07
2.239183953224679152e-07
2.238647690993274069e-07
2.237957018109326694e-07
2.237376962126635269e-07
2.236640898380237084e-07
2.235984844762933730e-07
2.235165114695874181e-07
2.234428733275844208e-07
2.233553123706947553e-07
2.232752068240259429e-07
2.231792142833615829e-07
2.230884111751257038e-07
2.229835340698433561e-07
2.228849448091875771e-07
2.227714220519939518e-07
2.226608163656845368e-07
2.225357672101853530e-07
2.224151842509723708e-07
2.222798497765708810e-07
2.221454276970731180e-07
2.219966275509087163e-07
2.218502246736415276e-07
2.216882115580697921e-07
2.215254211806533195e-07
2.213486718883466914e-07
2.211712705166190685e-07
2.209770963684142920e-07
2.207816430146968951e-07
2.205710775802854754e-07
2.203560212535907999e-07
2.201253351732370759e-07
2.198909707747967769e-07
2.196384534239152672e-07
2.193815038014722054e-07
2.191070242478512757e-07
2.188249579439258454e-07
2.185261607682680207e-07
2.182180571477127495e-07
2.178919417717948231e-07
2.175562949272638555e-07
2.172006479038721176e-07
2.168350710071884926e-07
2.164480186888078208e-07
2.160499311909198964e-07
2.156294109856361080e-07
2.151963385654672299e-07
2.147400446746482462e-07
2.142695859989859752e-07
2.137750862576320468e-07
2.132648482470465579e-07
2.127296785587506534e-07
2.121772676179434076e-07
2.115989891817016706e-07
2.110020424205622535e-07
2.103782879686304446e-07
2.097345236921890067e-07
2.090630488161651735e-07
2.083703282997792581e-07
2.076490734749430026e-07
2.069054728193797605e-07
2.061326375476796886e-07
2.053365302263048862e-07
2.045106594983879703e-07
2.036608101319900856e-07
2.027808929021858562e-07
2.018765621435734356e-07
2.009421409286806817e-07
1.999832004299674590e-07
1.989944902736718643e-07
1.979815455505690296e-07
1.969395593805275699e-07
1.958740769230299430e-07
1.947807527348342510e-07
1.936651858896559001e-07
1.925235091990676480e-07
1.913614151375704710e-07
1.901755277498176258e-07
1.889716652462782792e-07
1.877469486415702467e-07
1.865073434904369375e-07
1.852504621308738194e-07
1.839824239861237099e-07
1.827013108276195366e-07
1.814133823356319554e-07
1.801171461422081210e-07
1.788189629146644807e-07
1.775176951779273113e-07
1.762197340846801736e-07
1.749241932470169863e-07
1.736373876352929309e-07
1.723585409791783860e-07
1.710937459679447148e-07
1.698421563291944612e-07
1.686094567751771416e-07
1.673945137527223713e-07
1.662023834795516814e-07
1.650313986791031118e-07
1.638857436299550358e-07
1.627629579912179818e-07
1.616661090134663265e-07
1.605916977374038277e-07
1.595414601908183781e-07
1.585106655084224589e-07
1.574995796131025202e-07
1.565021485506589396e-07
1.555171590156012847e-07
1.545373024183897932e-07
1.535600654445529645e-07
1.525771696690052114e-07
1.515852205636107148e-07
1.505755122020899259e-07
1.495444531362165640e-07
1.484837144745291813e-07
1.473904347991782701e-07
1.462576722795766575e-07
1.450843688641367549e-07
1.438660449291739409e-07
1.426044787170270329e-07
1.412985604791571073e-07
1.399536236124523533e-07
1.385723632807825794e-07
1.371637514662295062e-07
1.357339342371278945e-07
1.342946857481951820e-07
1.328542394511106098e-07
1.314252943173485253e-07
1.300158127305051397e-07
1.286366845889699149e-07
1.272926298948934632e-07
1.259897358601020801e-07
1.247267085924712259e-07
1.235025877280453073e-07
1.223086512070525103e-07
1.211366229615156308e-07
1.199714804169740741e-07
1.188003312967386847e-07
1.176061359738473860e-07
1.163770866703197239e-07
1.151008201348941675e-07
1.137736342328174803e-07
1.123942716832816634e-07
1.109719126949877087e-07
1.095184348636985730e-07
1.080542907277263341e-07
1.065987639236433329e-07
1.051739264085538440e-07
1.037938846378615083e-07
1.024686548845776874e-07
1.011948705418527390e-07
9.996232219248958270e-08
9.874856106155953760e-08
9.752962388050571345e-08
9.627852297676002474e-08
9.497825376365836577e-08
9.362028795291769981e-08
9.221444140189089467e-08
9.078137657195397978e-08
8.935438929940019541e-08
8.796397614430920012e-08
8.663439129147773093e-08
8.536853533828888767e-08
8.415155574240163924e-08
8.294854056893569494e-08
8.172265017072312769e-08
8.044349352357483728e-08
7.910663149065126582e-08
7.773160433249125948e-08
7.636144360877599632e-08
7.503826375935520480e-08
7.378828811170238840e-08
7.260064075515559494e-08
7.143625045819654244e-08
7.024242571210664155e-08
6.898985336931664238e-08
6.768722419814469134e-08
6.638426764205034847e-08
6.513515774620331750e-08
6.396612340022120279e-08
6.284812347829702340e-08
6.172111951856643013e-08
6.053586191214854445e-08
5.930320344867300167e-08
5.808325605732184322e-08
5.693784015395444400e-08
5.586523966550888748e-08
5.480370680667381703e-08
5.368804320823663235e-08
5.252751263356718686e-08
5.139508180077689555e-08
5.034804095926618400e-08
4.935008885433909292e-08
4.831980253230697164e-08
4.723470447346222537e-08
4.617139506562473173e-08
4.519234874687968922e-08
4.425379505880616027e-08
4.326755298652148947e-08
4.225127416375653586e-08
4.129689515336441285e-08
4.041277706704478630e-08
3.950175977559923550e-08
3.855162184356717464e-08
3.765691124466648497e-08
3.682851209418655158e-08
3.596603989174645511e-08
3.508462981422961481e-08
3.427606211299370738e-08
3.349449272496573223e-08
3.266748740620931777e-08
3.188260491180844973e-08
3.115226766964536426e-08
3.038688766757360512e-08
2.964170747954782310e-08
2.895666529767948376e-08
2.823964349903963398e-08
2.754990966834612518e-08
2.690445974481474625e-08
2.623263506156109746e-08
2.560322456504577575e-08
2.499122456531005421e-08
2.436885812367044900e-08
2.379743401731370150e-08
2.320897530429002002e-08
2.265644409282994763e-08
2.211080743242081810e-08
2.157680746668468716e-08
2.106775139545732983e-08
2.055846676382471946e-08
2.007847288743106973e-08
1.959774466893282752e-08
1.914351857995367288e-08
1.869154239836005415e-08
1.826145298414929975e-08
1.783743719341599296e-08
1.743142661650799985e-08
1.703262033894835910e-08
1.664988135265007618e-08
1.627523754856038870e-08
1.591505428123159583e-08
1.556280077521544323e-08
1.522380890050817494e-08
1.489365937311576140e-08
1.457466895085731414e-08
1.426419304631635698e-08
1.396464000083365317e-08
1.367270011473810670e-08
1.339117318082039762e-08
1.311663307052143837e-08
1.285163407305192210e-08
1.259396960074247604e-08
1.234407959262392306e-08
1.210126590826548880e-08
1.186620849622591944e-08
1.163676188586041163e-08
1.141517773699804382e-08
1.119876238092381905e-08
1.098888152577108523e-08
1.078459808535986721e-08
1.058589026173722492e-08
1.039225592382400125e-08
1.020391601845329562e-08
1.001971976734844465e-08
9.841292189039314995e-09
9.666236202661453143e-09
9.495633028138728923e-09
9.329071578300928351e-09
9.166366448075403173e-09
9.007000343407966219e-09
8.851096655460003677e-09
8.698328385753999355e-09
8.549534714559769473e-09
8.402601952097717335e-09
8.259080958022645959e-09
8.118337267478246376e-09
7.979871706022266730e-09
7.843874705513700145e-09
7.710162426830186866e-09
7.578592349254420249e-09
7.449827946657719118e-09
7.321941690703032310e-09
7.196762342553879975e-09
7.073373608589888357e-09
6.951141739864410563e-09
6.831057397697056571e-09
6.712484877384293800e-09
6.595060075147359946e-09
6.479952394159765404e-09
6.365401164538550347e-09
6.252717152999423711e-09
6.141191095279183367e-09
6.030517870157780772e-09
5.921608468751154759e-09
5.813621201293913964e-09
5.706302750255102170e-09
5.600992154661922076e-09
5.496087442373201818e-09
5.392390014438997415e-09
5.289561730666264345e-09
5.187754742094065231e-09
5.087233591201487786e-09
4.987221326531231336e-09
4.888126739415972963e-09
4.790732730338850423e-09
4.693459843530207249e-09
4.597380071526337449e-09
4.502059041300715381e-09
4.407716116553329300e-09
4.314499186364361969e-09
4.221582395139641977e-09
4.129838632783132486e-09
4.039544245543513579e-09
3.949192565656899113e-09
3.860398630301806281e-09
3.772335543611910830e-09
3.684975975287393343e-09
3.599038621734912969e-09
3.513530872505795097e-09
3.429078285169047617e-09
3.346022322147406765e-09
3.263104650651438508e-09
3.181825613419556431e-09
3.101266260448677520e-09
3.021365329854079095e-09
2.943092321031658019e-09
2.865387628861048559e-09
2.788600725156119474e-09
2.713266431693058904e-09
2.638482202466225400e-09
2.565156933696963429e-09
2.492570220155437116e-09
2.420990340638062512e-09
2.350998011931828906e-09
2.281584827133149681e-09
2.213288350339820485e-09
2.146408964336928377e-09
2.080285775242035898e-09
2.015590161069438193e-09
1.951681863539846680e-09
1.889041631002671886e-09
1.827883773308508564e-09
1.767322163503526958e-09
1.708190083463298536e-09
1.650377725182767977e-09
1.593310616564502632e-09
1.537810497493435164e-09
1.483190680297044128e-09
1.429762916720425133e-09
1.377791827067345434e-09
1.326521281269506140e-09
1.276684568289173843e-09
1.228075394204607962e-09
1.180240967718957467e-09
1.133972260071220355e-09
1.088623880431894807e-09
1.044352994538933063e-09
1.001501791295410559e-09
9.595094234317008701e-10
9.187891001250013742e-10
8.792214450814332586e-10
8.405897417502540706e-10
8.033526095335727738e-10
7.670085225856050310e-10
7.317416275312650076e-10
6.977362130055193794e-10
6.646126879261025214e-10
6.326099624123079349e-10
6.016280026805003883e-10
5.716044309105626483e-10
5.427526485033908334e-10
5.147034408009376992e-10
4.877155347026994081e-10
4.618013939715100525e-10
4.366930110122143876e-10
4.126260089591170289e-10
3.894683753931034199e-10
3.671676142824826601e-10
3.458829710869050828e-10
3.253080470420423877e-10
3.056720352631099272e-10
2.869179194567565944e-10
2.688568439273602588e-10
2.516998331583451373e-10
2.353177886634496300e-10
2.196358067283033190e-10
2.048243838025341202e-10
1.906299499245966989e-10
1.771840717056371556e-10
1.644381754713046262e-10
1.522862066607992219e-10
1.408416726171188302e-10
1.300146357386634390e-10
1.197589588842140838e-10
1.102250812020879664e-10
1.012261803931062778e-10
9.285580910475298366e-11
8.511043213424174051e-11
7.798300484877023405e-11
7.153525357838734035e-11
6.577357262373219658e-11
6.075564584507276696e-11
5.662585075317371744e-11
5.330929967191191350e-11
5.100437442872726859e-11
4.973401869940306864e-11
4.944217572469490043e-11
4.988561743729189196e-11
5.050856391528971957e-11
5.054284553067305132e-11
4.913663964387302305e-11
4.543422480473867962e-11
3.927866845075172401e-11
3.085732276541172989e-11
2.086466284775145622e-11
1.029464534120631612e-11
1.699338498211643012e-14
-9.269910277666002898e-12
-1.708967472220781440e-11
-2.341323294208689307e-11
-2.820037705953974451e-11
-3.170758334915967053e-11
-3.414722569365435909e-11
-3.561341548866638903e-11
-3.629551136316794823e-11
-3.636891581857258339e-11
-3.593670538827872675e-11
-3.527763132089653324e-11
-3.443575965298618590e-11
-3.348865176438764766e-11
-3.241817991171465689e-11
-3.121944296179183424e-11
-2.998461814706184282e-11
-2.873789615183946667e-11
-2.743658322376283714e-11
-2.618274085245753831e-11
-2.492145846404530368e-11
-2.374457645002073824e-11
-2.265093126429539049e-11
-2.161790630085397210e-11
-2.060667896589481285e-11
-1.950223396868324986e-11
-1.830671625405479294e-11
-1.720154230692798775e-11
-1.614460722657193540e-11
-1.523854259611787912e-11
-1.443012560486971921e-11
-1.363600388244989906e-11
-1.286324913564914789e-11
-1.209103882446884329e-11
-1.131586308197243944e-11
-1.068635247225356106e-11
-1.006358268774472687e-11
-9.435150068993815200e-12
-8.767921482999549510e-12
-8.115672038612523852e-12
-7.690544151545988082e-12
-7.387412331152989097e-12
-6.981211504548013041e-12
-6.469800059993870737e-12
-5.937376971205314353e-12
-5.556876337523331454e-12
-5.265878422668534569e-12
-4.924298956664227588e-12
-4.573853578538087343e-12
-4.289032371495128419e-12
-4.024266135444740086e-12
-3.758395186225651393e-12
-3.447152071500239112e-12
-3.278092288982262348e-12
-3.146824637973949819e-12
-2.926669245814246441e-12
-2.712381871501833471e-12
-2.529114196564177205e-12
-2.381836622512149241e-12
-2.252810988665329598e-12
-2.080532056437505847e-12
-1.952438509002694566e-12
-1.854605895560581396e-12
-1.762747493736554179e-12
-1.748263432893730688e-12
-1.538728807926608633e-12
-1.458109912296313927e-12
-1.409420078531730938e-12
-1.301881656468753779e-12
-1.155903707700990583e-12
-1.097626606431027042e-12
-9.693813766567499125e-13
-8.938712073880406772e-13
-8.022151900754337412e-13
-7.637648831181511229e-13
-7.310616023488738932e-13
-6.569594355630492986e-13
-6.219336645451659471e-13
-5.702873313142371184e-13
-5.931794610598494685e-13
-5.263055824556774177e-13
-4.821769521725707216e-13
-4.945532017253578760e-13
-4.356707410379605544e-13
-4.225853791123283402e-13
-3.912624108910292206e-13
-3.562021272773324840e-13
-3.192788008376410774e-13
-3.160252871731388269e-13
-2.872506517137137407e-13
-2.544952309287348436e-13
-2.610970881962439428e-13
-2.210882885858063414e-13
-2.174367587242523600e-13
-2.067238549788433266e-13
-1.745720503436305662e-13
-1.807193544255959504e-13
-1.514821872217479857e-13
-1.512066659127016996e-13
-1.313588425491262797e-13
-1.295190373645989673e-13
-1.251877121399264335e-13
-1.125151978866499426e-13
-1.207283136507274995e-13
-1.038208060792084882e-13
-9.663759210102018663e-14
-8.891619681337527361e-14
-7.262706110908673519e-14
-7.263116851634342135e-14
-5.625554165516690435e-14
-6.011991921664062544e-14
-5.961769630883168663e-14
-5.306734779569444686e-14
-5.333481585782577857e-14
-5.054025330057879690e-14
-4.641836292496635651e-14
-3.751091360776694985e-14
-3.458227804066699403e-14
-3.059733231737948387e-14
-2.631061893040296055e-14
-3.205383676127472035e-14
-2.525958125669741243e-14
-2.494764680937735800e-14
-2.631851865647469124e-14
-2.023843752502508618e-14
-2.090784032238880975e-14
-1.860837047539993650e-14
-1.630167669155060400e-14
-1.868579671203997994e-14
-1.500778480305728271e-14
-1.628366540781103310e-14
-1.460037225424975761e-14
-1.298475069524184828e-14
-1.372737955516575023e-14
-1.171841447201754748e-14
-1.046984042440613256e-14
-1.048589677773838316e-14
-9.249555398821873714e-15
-8.482482196771588453e-15
-6.692395159842833394e-15
-7.090626771846820011e-15
-6.056040747597518153e-15
-4.989494772125477316e-15
-4.725534154097673419e-15
-4.031515899944506427e-15
-4.791168804996157783e-15
-3.817505067976255526e-15
-3.427099820304279475e-15
-4.920251893573320484e-15
-3.129893221725575126e-15
-4.189445492207827112e-15
-3.932967185063994963e-15
-2.780937045220692044e-15
-3.512431871195930705e-15
-2.487038253768274750e-15
-1.721378335614127507e-15
-2.347865346921881784e-15
-9.376608902848446301e-16
-1.479793502007845154e-15
-1.490178134605330157e-15
-8.365298932042767014e-16
-1.901266737995697734e-15
-1.300836134437093666e-15
-1.310437508052828502e-15
-1.656664090449216682e-15
-8.342686079711549657e-16
-1.117873707868075480e-15
-7.547639387614892092e-16
-3.708819064199529089e-16
-7.673056552734012744e-16
-3.822128407694249343e-16
-5.110037930568193713e-16
-7.020372672967007468e-16
-3.853604300704965408e-16
-6.427673636040163309e-16
-4.177773922106482187e-16
-2.763159704370029162e-16
-3.515028237550144207e-16
-1.826513224061356876e-16
-1.525586182494470088e-16
-3.093653713112838735e-16
-9.546615372433920869e-17
-2.910921893168197955e-16
-1.189677519820845881e-16
-1.033808245800188751e-16
-1.170599676122682474e-16
-5.929465889277317168e-17
-4.773850685358247974e-17
-1.034194636640704393e-16
1.059531921164090317e-17
-7.752395286325441451e-17
7.605864647435320704e-18
-4.933974487300536992e-19
2.710332572157560422e-18
8.817996055343203199e-18
1.893946970509283626e-17
6.891260780373788740e-18
6.721061873103101228e-17
1.933448155406432986e-17
4.760990878461540409e-17
3.101110742888340822e-17
6.058196721988545789e-17
5.304372457822785882e-17
6.123221690146847121e-17
4.068223532426253286e-17
6.732120435910322751e-17
5.149523828623855848e-17
7.228819343992942495e-17
4.720097775088314510e-17
6.514756236891444463e-17
5.327709773287080116e-17
6.732139170438938946e-17
4.826833321186532394e-17
5.868884571993070428e-17
5.073158925658548632e-17
5.950021459954243189e-17
3.853696711628121577e-17
5.779443816944354873e-17
3.821961681846896686e-17
4.748510314624561069e-17
3.658246279281115482e-17
3.809644346973634332e-17
3.334168523225735364e-17
3.504022868693537814e-17
2.206433426639198533e-17
3.373174543645518247e-17
1.463563687273568461e-17
2.726378586512665029e-17
1.147186110898600315e-17
1.767732021660214882e-17
8.830071127734443183e-18
1.391206021741300482e-17
1.038413566320764423e-18
1.175114617267185118e-17
-3.585055654684231690e-18
7.028311363432516766e-18
-4.324334443681982265e-18
4.935877428247751658e-19
-4.025292461124046613e-18
-1.113367851138208191e-18
-7.052840516275398604e-18
-5.003670975326262541e-19
-8.286497436796507644e-18
-4.773843138778049003e-19
-6.449196706258292950e-18
-1.827904654778334342e-18
-3.694159856863379910e-18
1.018679091289371687e-19
-2.951601265825648233e-18
3.169715315336819418e-18
-1.645427099461755992e-18
5.540517298161766673e-18
1.446633384183012654e-18
6.078082869817417776e-18
4.354838981469692347e-18
7.748460327817505795e-18
5.157125680658541173e-18
9.421053354422804532e-18
5.232613801578128022e-18
9.890925043119186776e-18
5.693658012119560208e-18
8.428053916636781770e-18
5.653020854070490486e-18
7.360267774463635923e-18
4.218741170543261081e-18
6.469547147614958544e-18
2.527468841840596825e-18
5.448974692684939276e-18
1.853093218337990210e-18
4.045060342561736860e-18
1.859227393956116486e-18
3.767112551928926735e-18
1.915206370053306902e-18
4.438725360584509754e-18
2.317685046919168658e-18
5.371658526224968898e-18
3.385698397907117689e-18
5.796733612760674461e-18
4.351974019049786012e-18
6.101608545570937996e-18
4.477985437380950623e-18
6.093073216389709762e-18
3.936962047667093522e-18
5.606955021178075628e-18
3.431398384156292656e-18
4.784563448067905380e-18
3.170634962303484463e-18
4.446739026844323991e-18
3.200317992031176642e-18
4.755673971780999847e-18
3.531314842756437648e-18
5.278804582780177678e-18
4.035310340729034746e-18
5.413999339651630445e-18
4.202905498345163766e-18
5.156318236261267816e-18
3.894094202759828189e-18
4.789300695334017373e-18
3.540038205034407484e-18
4.673075149823625570e-18
3.666717894541661039e-18
4.843525300388125237e-18
4.058509134973261805e-18
5.033804777268097819e-18
4.171664526703404167e-18
4.925428655954524523e-18
3.909887315121087832e-18
4.683228174281656255e-18
3.812778625583041471e-18
4.686327608845241899e-18
4.053361477504393932e-18
4.854069723015967320e-18
4.181458849493402421e-18
4.782712216140135293e-18
3.996819529650351607e-18
4.622964597027524347e-18
3.992213972144836421e-18
4.709265712154737241e-18
4.181545112898337706e-18
4.741495735158973278e-18
4.126004915701618880e-18
4.595219096538485679e-18
4.062913408590132205e-18
4.658844461941724609e-18
4.196330330939943843e-18
4.675939202092804249e-18
4.140056783178613716e-18
4.560332431595934806e-18
4.164419100074019229e-18
4.640788246060643520e-18
4.214234976087198653e-18
4.579226754182141374e-18
4.156519474611704982e-18
4.586945921886371195e-18
4.241682448565227053e-18
4.571197659607908573e-18
4.193495892834556136e-18
4.552893341456467790e-18
4.251607736793470277e-18
4.557527903260427210e-18
4.212821228360175321e-18
4.543844846254837580e-18
4.265580360080148902e-18
4.524215279503098217e-18
4.243203999642104683e-18
4.537067746988864252e-18
4.265724772486440246e-18
4.505628120750796563e-18
4.274605935763479154e-18
4.517467089581931178e-18
4.265743334940213969e-18
4.508427878093403921e-18
4.287363241578956672e-18
4.488781166856781403e-18
4.295892496156082069e-18
4.490371060689257204e-18
4.290924764489516575e-18
4.492511762088909553e-18
4.294121737069770801e-18
4.484829228385261446e-18
4.303964646333150160e-18
4.474988549408127945e-18
4.312545396408876045e-18
4.468037834729783457e-18
4.318058107215417463e-18
4.463560680054066436e-18
4.321901330071359291e-18
4.460054819071645510e-18
4.325258835227097887e-18
4.456751503728385278e-18
4.328549873357366490e-18
4.453469132027675307e-18
4.331818762962730365e-18
4.450230108732445279e-18
4.335018719479665047e-18
4.447083693783178676e-18
4.338107496630391670e-18
4.444062399304364397e-18
4.341061990953380907e-18
4.441181478383322713e-18
4.343873112867432404e-18
4.438445442235919391e-18
4.346539730987460899e-18
4.435853037983788414e-18
4.349064828348093647e-18
4.433400115926432481e-18
4.351453404955921050e-18
4.431081148925900526e-18
4.353711381938251818e-18
4.428890022824274207e-18
4.355845030869466850e-18
4.426820450116095831e-18
4.357860673310129856e-18
4.424866189147963256e-18
4.359764521247434709e-18
4.423021160721486252e-18
4.361562592650972003e-18
4.421279509278010846e-18
4.363260668385090944e-18
4.419635633113991102e-18
4.364864272363730478e-18
4.418084197130846425e-18
4.366378665086968349e-18
4.416620135247102531e-18
4.367808845139549445e-18
4.415238646932283775e-18
4.369159555160358044e-18
4.413935190231935986e-18
4.370435290576759712e-18
4.412705472815632144e-18
4.371640309801698549e-18
4.411545442009566937e-18
4.372778645222770729e-18
4.410451274381914164e-18
4.373854114456873755e-18
4.409419365194244196e-18
4.374870331700221612e-18
4.408446318031470517e-18
4.375830718850704209e-18
4.407528934714983461e-18
4.376738516386964892e-18
4.406664205568352393e-18
4.377596793935162227e-18
4.405849300145852729e-18
4.378408460402850523e-18
4.405081558386798361e-18
4.379176273759730311e-18
4.404358482266836408e-18
4.379902850394113376e-18
4.403677727912039864e-18
4.380590674080624201e-18
4.403037098153653007e-18
4.381242104523207651e-18
4.402434535563783895e-18
4.381859385548913955e-18
4.401868115889976203e-18
4.382444652870953304e-18
4.401336041910230835e-18
4.382999941532878846e-18
4.400836637658857636e-18
4.383527192929670615e-18
4.400368342993654280e-18
4.384028261507666009e-18
4.399929708491225104e-18
4.384504921054572267e-18
4.399519390597955576e-18
4.384958870643759107e-18
4.399136147020852876e-18
4.385391740166477850e-18
4.398778832287671860e-18
4.385805095463363867e-18
4.398446393431825108e-18
4.386200442987337150e-18
