# bin_3_3
7.101248474906144414e-01
7.097022644706046934e-01
7.101114237414318797e-01
7.097144950955561749e-01
7.100987213010210297e-01
7.097259308854734217e-01
7.100866896050977983e-01
7.097366083857252761e-01
7.100752797269036520e-01
7.097465606935031701e-01
7.100644440862096118e-01
7.097558174420236510e-01
7.100541361421132125e-01
7.097644047495383912e-01
7.100443100665984053e-01
7.097723451319859489e-01
7.100349203923630448e-01
7.097796573724639568e-01
7.100259216311547439e-01
7.097863563458504110e-01
7.100172678565519480e-01
7.097924527912892190e-01
7.100089122444230849e-01
7.097979530282052529e-01
7.100008065665878165e-01
7.098028586100731951e-01
7.099929006286179733e-01
7.098071659089673080e-01
7.099851416480759125e-01
7.098108656270269989e-01
7.099774735644448498e-01
7.098139422276690258e-01
7.099698362775240801e-01
7.098163732837846629e-01
7.099621648091751780e-01
7.098181287406433171e-01
7.099543883878561834e-01
7.098191700926216319e-01
7.099464294568942346e-01
7.098194494803711230e-01
7.099382026137864843e-01
7.098189087161599353e-01
7.099296134927142177e-01
7.098174782555682905e-01
7.099205576109633986e-01
7.098150761408135168e-01
7.099109192103397747e-01
7.098116069527031780e-01
7.099005701357630205e-01
7.098069608203178005e-01
7.098893688075088582e-01
7.098010125533806836e-01
7.098771593585452289e-01
7.097936209753743508e-01
7.098637710225883524e-01
7.097846285510778230e-01
7.098490178719530919e-01
7.097738614124023959e-01
7.098326990115112478e-01
7.097611298885653230e-01
7.098145993332513060e-01
7.097462296414556171e-01
7.097944909191512552e-01
7.097289434748162984e-01
7.097721351397849876e-01
7.097090438361832732e-01
7.097472854261025477e-01
7.096862959387333358e-01
7.097196905817175772e-01
7.096604612984440674e-01
7.096890983471818570e-01
7.096313013032744532e-01
7.096552587247676458e-01
7.095985802044380009e-01
7.096179263290883776e-01
7.095620666665466425e-01
7.095768607704041608e-01
7.095215327607039546e-01
7.095318238479643158e-01
7.094767490973582502e-01
7.094825722070424723e-01
7.094274747616428067e-01
7.094288441994891503e-01
7.093734409541266883e-01
7.093703401163170552e-01
7.093143278896888448e-01
7.093066958612408435e-01
7.092497356827397459e-01
7.092374515971512361e-01
7.091791516885650459e-01
7.091620188837269856e-01
7.091019189402337775e-01
7.090796520790481061e-01
7.090172125132244707e-01
7.089894317105819299e-01
7.089240320784797600e-01
7.088902681607787137e-01
7.088212184345162870e-01
7.087809320964516546e-01
7.087074981353252978e-01
7.086601123951178360e-01
7.085815525295157125e-01
7.085264924626861749e-01
7.084420959411302787e-01
7.083788231893514142e-01
7.082879350672004470e-01
7.082159595950296982e-01
7.081179737791719608e-01
7.080368257610004656e-01
7.079311326979775831e-01
7.078402874333469263e-01
7.077261786195828686e-01
7.076249484545363844e-01
7.075015051379963671e-01
7.073889391918776193e-01
7.072549573281546875e-01
7.071298075034503361e-01
7.069838161473973592e-01
7.068446151052779625e-01
7.066850107835339623e-01
7.065302501056097695e-01
7.063554929502902091e-01
7.061838028904312559e-01
7.059925387645510364e-01
7.058027149682857271e-01
7.055936794202205542e-01
7.053844599955898520e-01
7.051561528660548195e-01
7.049258483665484798e-01
7.046762018052911136e-01
7.044224948659268959e-01
7.041488816605571133e-01
7.038690777558278544e-01
7.035687685686073944e-01
7.032603478540497832e-01
7.029309850868629139e-01
7.025918133612483185e-01
7.022312280763424175e-01
7.018589731080947525e-01
7.014643559953583907e-01
7.010557104765106073e-01
7.006232288116466256e-01
7.001741585483767238e-01
6.996998180506028842e-01
6.992067040398832756e-01
6.986872134715972349e-01
6.981469130155223413e-01
6.975787664069549310e-01
6.969870968947237122e-01
6.963652985926228611e-01
6.957168621412020970e-01
6.950361301362874000e-01
6.943262420438627291e-01
6.935823330991219837e-01
6.928066263399343949e-01
6.919942909098883987e-01
6.911465120052295852e-01
6.902590413762792476e-01
6.893329889333884575e-01
6.883649956034179063e-01
6.873554837823676600e-01
6.863008483611503507e-01
6.852005340222170338e-01
6.840515809054523721e-01
6.828537132218196470e-01
6.816045554248199023e-01
6.803027740100657805e-01
6.789455936018080617e-01
6.775315832022094087e-01
6.760591648935608822e-01
6.745267154399603449e-01
6.729320068475633798e-01
6.712727068447559287e-01
6.695477498289713614e-01
6.677552366275687490e-01
6.658935294808693284e-01
6.639598839635668659e-01
6.619539081282959092e-01
6.598734097414680200e-01
6.577172399891932919e-01
6.554828802320559200e-01
6.531708028314230363e-01
6.507783611698869652e-01
6.483053195522395784e-01
6.457501254473985153e-01
6.431135180158581433e-01
6.403929491305972999e-01
6.375903384898311543e-01
6.347041450672938900e-01
6.317356980589106108e-01
6.286846942647857928e-01
6.255534148541251893e-01
6.223411813554772243e-01
6.190521104471206071e-01
6.156856278149399619e-01
6.122466857107076166e-01
6.087359958578247854e-01
6.051587361752824856e-01
6.015171296023446024e-01
5.978168356402597805e-01
5.940612423308200274e-01
5.902568762178632689e-01
5.864079900447894955e-01
5.825221139326351993e-01
5.786042115367943106e-01
5.746627285656475959e-01
5.707032145985587723e-01
5.667348077803757711e-01
5.627634515079406041e-01
5.587986561115134698e-01
5.548464589300378114e-01
5.509163279290509863e-01
5.470139770578834604e-01
5.431483200569305891e-01
5.393242193465418444e-01
5.355494326210202827e-01
5.318273534694319959e-01
5.281639175922249185e-01
5.245603841805823730e-01
5.210201864975767538e-01
5.175418006578844654e-01
5.141255395844881448e-01
5.107665569584363130e-01
5.074615950480781956e-01
5.042021734363867358e-01
5.009813092069684837e-01
4.977869397097050008e-01
4.946086361248270835e-01
4.914313037417109009e-01
4.882419042157686850e-01
4.850234621624103792e-01
4.817617945024449400e-01
4.784398256873867439e-01
4.750442924068807860e-01
4.715603304211064550e-01
4.679780803187932325e-01
4.642874595587327957e-01
4.604845456047046426e-01
4.565663962894476735e-01
4.525370432234872564e-01
4.484021885812316532e-01
4.441746246087279748e-01
4.398686389453174139e-01
4.355047108349265339e-01
4.311035254966168462e-01
4.266899066842682053e-01
4.222864890976992802e-01
4.179170347967727794e-01
4.136000297014876259e-01
4.093517657138730503e-01
4.051803558464486255e-01
4.010891607595938324e-01
3.970718472194736948e-01
3.931167671092655747e-01
3.892035765991656571e-01
3.853089067163482651e-01
3.814046169179091672e-01
3.774644903406414453e-01
3.734634666453547358e-01
3.693843191212829447e-01
3.652164952836113310e-01
3.609612105600269460e-01
3.566283381774688066e-01
3.522386298015482975e-01
3.478179109232589217e-01
3.433964864187180610e-01
3.390016569384133316e-01
3.346562910695832227e-01
3.303724044253018577e-01
3.261519842860373664e-01
3.219844545246564604e-01
3.178516386331719512e-01
3.137294552473685605e-01
3.095955014446288844e-01
3.054317029274399853e-01
3.012301177780186134e-01
2.969920859919266132e-01
2.927290182144212105e-01
2.884570905265730900e-01
2.841947840613677223e-01
2.799571123324477440e-01
2.757547409747491129e-01
2.715915928782259847e-01
2.674669509706816273e-01
2.633751004331236767e-01
2.593075623705996535e-01
2.552526543276167348e-01
2.511983719145752803e-01
2.471349269550550121e-01
2.430610501875704599e-01
2.389876336551483571e-01
2.349383387167727211e-01
2.309408215350045590e-01
2.270129496691538629e-01
2.231488676509577052e-01
2.193177947016741181e-01
2.154797421671010016e-01
2.116136299644511831e-01
2.077377711062395604e-01
2.039037133914196054e-01
2.001601697630421561e-01
1.965115208840645666e-01
1.929086016668677683e-01
1.892884648156608896e-01
1.856351353867985721e-01
1.820013538632456185e-01
1.784609322706303680e-01
1.750305738639509057e-01
1.716487087827036906e-01
1.682441963594226986e-01
1.648243957194441278e-01
1.614684093128506137e-01
1.582258946144591560e-01
1.550497816050832312e-01
1.518662792364036118e-01
1.486844564888258613e-01
1.455805650461740319e-01
1.425727659791198865e-01
1.395965896604297041e-01
1.366236113296723231e-01
1.337130079316956599e-01
1.308912945286234697e-01
1.281010698522017655e-01
1.253268789385441062e-01
1.226337416687925119e-01
1.200150781777509362e-01
1.174027047277458324e-01
1.148353770148713981e-01
1.123734412255831955e-01
1.099374582159289571e-01
1.075095485060036521e-01
1.051887197403698210e-01
1.029207807912298628e-01
1.006453047459606731e-01
9.847032636815505890e-02
9.634953804007119482e-02
9.423238013197256235e-02
9.221072578461486646e-02
9.022023204125602380e-02
8.826908569322641784e-02
8.638603797778555970e-02
8.452944689390137767e-02
8.273991967711553930e-02
8.097560265538329694e-02
7.927677569026145288e-02
7.760738876086396842e-02
7.598979000828526287e-02
7.441535598578360999e-02
7.287589607593204788e-02
7.138953920572016498e-02
6.993086560291095211e-02
6.852442057018645616e-02
6.714446770924109575e-02
6.581402961822438447e-02
6.451041919031071104e-02
6.325019406530710264e-02
6.201894842616195030e-02
6.082583072493608078e-02
5.966347793711308106e-02
5.853437713578567292e-02
5.743399799429339814e-02
5.636689244355478495e-02
5.532520553537909752e-02
5.431419933983291926e-02
5.332791749919134350e-02
5.236898657380819472e-02
5.143545621530545842e-02
5.052544886273904051e-02
4.963813469441510917e-02
4.877507984937653335e-02
4.793091986798118237e-02
4.710952377403521824e-02
4.630627355934105460e-02
4.552268994565041027e-02
4.475833097433690871e-02
4.401009611787951026e-02
4.327852694895154700e-02
4.256416341425861560e-02
4.186294264146069727e-02
4.117821401329375269e-02
4.050583535253199363e-02
3.984727977543817828e-02
3.920291323963008556e-02
3.856913309284096952e-02
3.794721648121678753e-02
3.733715697676682349e-02
3.673607086019955309e-02
3.614694656723900501e-02
3.556582291491639652e-02
3.499441294723361351e-02
3.443341873040099005e-02
3.387911494935191142e-02
3.333335568106402663e-02
3.279569807254471836e-02
3.226408712314720456e-02
3.174138161344136622e-02
3.122363402730980037e-02
3.071291743884568132e-02
3.020997222032537413e-02
2.971102632409405170e-02
2.921856027287995927e-02
2.873176295951392414e-02
2.824922829937428700e-02
2.777379132276358228e-02
2.730125790467480620e-02
2.683411476909469337e-02
2.637319142418095841e-02
2.591480621950788266e-02
2.546173150760058096e-02
2.501269980320441552e-02
2.456699841378437443e-02
2.412749142589225293e-02
2.368969748949553006e-02
2.325633382005377545e-02
2.282820957397526870e-02
2.240196589677083405e-02
2.198051425201813860e-02
2.156223846607061706e-02
2.114699430767247659e-02
2.073754597052185691e-02
2.032932497797502666e-02
1.992540406624809107e-02
1.952627653438826841e-02
1.912887319724732027e-02
1.873631244980130534e-02
1.834661684393300296e-02
1.796005044386977251e-02
1.757926263761568422e-02
1.719960720435217624e-02
1.682447689551899370e-02
1.645394807680984617e-02
1.608539712782279182e-02
1.572204138747635566e-02
1.536153711115669472e-02
1.500447861883785587e-02
1.465338182326701537e-02
1.430376733040770315e-02
1.395909891064248814e-02
1.361888422532411304e-02
1.328121737733853509e-02
1.294906278914931090e-02
1.261998391775196772e-02
1.229466464430678009e-02
1.197541465802803157e-02
1.165814974492886819e-02
1.134615565157946586e-02
1.103860245812554250e-02
1.073423665249144052e-02
1.043559233435355227e-02
1.014026840045842946e-02
9.849146341271142885e-03
9.564140456533127763e-03
9.281674895598054226e-03
9.004730406576334084e-03
8.732282772316945704e-03
8.463662459862261386e-03
8.200907802940119243e-03
7.941710573722468233e-03
7.687162410715393975e-03
7.438639304549676638e-03
7.193195171845195510e-03
6.953463445421387279e-03
6.718251824160665665e-03
6.487288080669675709e-03
6.262167255893508547e-03
6.040776766947161466e-03
5.824243028266735088e-03
5.613439122513674134e-03
5.406042204185500764e-03
5.204272087099813711e-03
5.006894988411512808e-03
4.813859653345961727e-03
4.626420617958634796e-03
4.442743325111284981e-03
4.263877379127184626e-03
4.090338398030382745e-03
3.920400522506898092e-03
3.755815945570992187e-03
3.595447475734593959e-03
3.439401261621553765e-03
3.288568484964417542e-03
3.141430713323255242e-03
2.998877376705214384e-03
2.861088703023609726e-03
2.726850621614148890e-03
2.597422740653158001e-03
2.471801418978149083e-03
2.350145249121089741e-03
2.233049017355926563e-03
2.119330959304105769e-03
2.009707900656114692e-03
1.904179688288034191e-03
1.801953332356429939e-03
1.703916673523127008e-03
1.609272479793261027e-03
1.518204244710285233e-03
1.431068005182223541e-03
1.346962631067583332e-03
1.266465232734383236e-03
1.189440022388857203e-03
1.115402171887115799e-03
1.044939428995914250e-03
9.774441111188051853e-04
9.130833047154848043e-04
8.520647219880407835e-04
7.936737671087876807e-04
7.382952857181081675e-04
6.857088014335943355e-04
6.355460813566776506e-04
5.881580770814321410e-04
5.429830279544904225e-04
5.001568766572084962e-04
4.598084467621196218e-04
4.214402268651963102e-04
3.854265451679390777e-04
3.517299184860326797e-04
3.203258606220286595e-04
2.917529541234393760e-04
2.658449499407826628e-04
2.431172695360409172e-04
2.240138167734955562e-04
2.084511062169622686e-04
1.969107490534037323e-04
1.892214951922553342e-04
1.847975900589042975e-04
1.828729432507678239e-04
1.814482684687124725e-04
1.787909611921140618e-04
1.729225197292643952e-04
1.617772605653616520e-04
1.445845082293602181e-04
1.210916290621904504e-04
9.205153641757267706e-05
5.926989642316684778e-05
2.437022796599866683e-05
-1.020064433794233983e-05
-4.242465159497274036e-05
-7.108880600675498529e-05
-9.501423603113985942e-05
-1.140359339742771916e-04
-1.283447094642830471e-04
-1.382082092850165516e-04
-1.447174343295881541e-04
-1.482303322412841624e-04
-1.492543578251570688e-04
-1.484676223292294363e-04
-1.459845110624488065e-04
-1.424621589543414080e-04
-1.384498580055125200e-04
-1.342090379962871760e-04
-1.304630639068202257e-04
-1.268070432992536350e-04
-1.227824813383308650e-04
-1.180343263385341733e-04
-1.119958989980893513e-04
-1.051375446077407741e-04
-9.821139986764769990e-05
-9.198799257457933027e-05
-8.753907461528738141e-05
-8.436622868010866104e-05
-8.158127766184428554e-05
-7.827404256887483336e-05
-7.381815115827580071e-05
-6.891201232557038090e-05
-6.426880703051441224e-05
-6.001826683335354944e-05
-5.633444131023224020e-05
-5.263819745713808993e-05
-4.940002643684409571e-05
-4.732057620969034131e-05
-4.591674654945798701e-05
-4.396161735155082906e-05
-4.033394103603766965e-05
-3.584852162543580427e-05
-3.303880703810962370e-05
-3.216665160975412695e-05
-3.166927885753930506e-05
-2.999207566373702187e-05
-2.737475323875687903e-05
-2.525416709219209863e-05
-2.344827673054547789e-05
-2.151701350872303438e-05
-2.064915154079635537e-05
-2.048866139945559051e-05
-1.912724085044585122e-05
-1.645856606552377415e-05
-1.499659510598170869e-05
-1.528212493871995706e-05
-1.468293815557393860e-05
-1.316780881130622384e-05
-1.217798473835260164e-05
-1.111462745941784732e-05
-1.066335298763015109e-05
-1.072870125572249145e-05
-9.379006096079090424e-06
-8.424862229915667711e-06
-8.565605599217695381e-06
-7.946056194928262720e-06
-7.514848263024929749e-06
-6.805630163749980703e-06
-6.536866098511306875e-06
-6.415680674305610576e-06
-5.600884981792047452e-06
-5.299510913087259563e-06
-5.048599723740223136e-06
-4.556753964572078869e-06
-4.236435090003269361e-06
-3.825381512661304561e-06
-3.609456148578896706e-06
-3.386249764182172192e-06
-2.946058034219832651e-06
-2.934819745104826037e-06
-2.661773607276371763e-06
-2.427345318794546865e-06
-2.488556056006912243e-06
-2.105676664756223883e-06
-2.192415869999806176e-06
-2.006316365947162966e-06
-1.820973967104873396e-06
-1.864986283192228876e-06
-1.592410849582181904e-06
-1.545839368260401394e-06
-1.412651811216323789e-06
-1.328583550350740583e-06
-1.138295254770534766e-06
-1.166208102067498264e-06
-9.634777723637756767e-07
-9.764868085560414412e-07
-9.155797604947876520e-07
-8.121815763760199583e-07
-8.305836372768729166e-07
-7.232150606308985284e-07
-6.926196210541676171e-07
-6.304276006216117419e-07
-5.774099637561935390e-07
-5.415360144843698721e-07
-4.916722904440003278e-07
-5.114739143399432502e-07
-4.380493830034356916e-07
-4.375829582094661803e-07
-3.970503992609533181e-07
-3.421642916713984845e-07
-3.285952781478351364e-07
-2.776799185331844260e-07
-2.724475338498611693e-07
-2.737223404933983429e-07
-2.482479730734205199e-07
-2.369825669882787477e-07
-2.052656022202242967e-07
-1.931855265507831157e-07
-1.669521621234930664e-07
-1.727594362751079488e-07
-1.637361134205826336e-07
-1.449097994303575922e-07
-1.408151344423060900e-07
-1.119048649382351997e-07
-1.155970248974051699e-07
-1.230635525299478431e-07
-9.988979256460344589e-08
-1.060500695389115031e-07
-8.307506153054861962e-08
-8.006766944802827344e-08
-9.164542424035408291e-08
-7.294919130585166430e-08
-6.782623902350830898e-08
-6.270254324309075212e-08
-5.950528612134218229e-08
-6.268216212924335469e-08
-4.647754787451522127e-08
-4.282919117393918574e-08
-4.579494472773119168e-08
-4.049584478183914140e-08
-3.298079979171670768e-08
-3.131785156997358391e-08
-3.413980053992897853e-08
-2.581712061994756724e-08
-2.583444699839416959e-08
-2.816507786619632568e-08
-2.034144249040797431e-08
-2.421136575659168402e-08
-2.298649582372344803e-08
-1.852678193947647941e-08
-2.068577781124276696e-08
-1.715359507792482014e-08
-1.690248405931671823e-08
-1.577331165338139782e-08
-1.159447327609175866e-08
-1.454288176908834187e-08
-1.098972611951353130e-08
-9.562214125595181968e-09
-1.198454372847843510e-08
-7.132376989500034011e-09
-1.023963436842922285e-08
-8.740709503399383458e-09
-5.528944096629709463e-09
-9.563066194053596036e-09
-4.968801969440331182e-09
-6.208130270442725994e-09
-6.087226563352897471e-09
-3.853193696701575482e-09
-5.681649785437086675e-09
-4.503189185273451875e-09
-3.316631783529312930e-09
-5.349687381167459424e-09
-2.912755867927275830e-09
-3.940234123833236746e-09
-3.497750652948613138e-09
-2.430605701346856439e-09
-3.214876561024165348e-09
-2.421394796700979065e-09
-1.753560395920305323e-09
-2.669729429954809249e-09
-1.402375114829311202e-09
-1.989899513693022305e-09
-1.841733963298748584e-09
-1.335961517175277009e-09
-1.868732953014560612e-09
-1.411532651805520832e-09
-1.170157545087289830e-09
-1.517286737645931652e-09
-8.122565711593020738e-10
-1.090314995508481728e-09
-8.727355539019974325e-10
-6.846110407646863492e-10
-8.827594643117935419e-10
-7.415537808005957243e-10
-6.837320359296263554e-10
-8.286865501273774347e-10
-4.837134777081282680e-10
-5.864173757867239514e-10
-4.300438505982322523e-10
-3.837742852399487282e-10
-4.181076780694099481e-10
-3.939135835183452284e-10
-3.694704997753942743e-10
-4.099967665625125823e-10
-2.483148165353088296e-10
-2.716685061460531684e-10
-1.843724766477548110e-10
-2.198464302249998631e-10
-2.133262014579787559e-10
-2.372483384287419206e-10
-1.617713975428293923e-10
-1.398910032812766265e-10
-8.956582716017820926e-11
-1.266528018781823508e-10
-1.079256658475484044e-10
-1.513620727978152503e-10
-5.388087192235036350e-11
-5.901128340074232604e-11
-4.262595945337796443e-11
-8.092095479870135106e-11
-5.850010392887160527e-11
-3.297006890353319340e-11
-1.935548455198540638e-12
-4.971457770013347807e-11
-1.226294048914885341e-11
-3.431886209937943666e-11
2.595791965983965541e-11
-1.612088686387736820e-11
-7.682875316936759107e-12
6.123503875698408548e-13
3.283936035463849337e-11
-1.505493440305841395e-11
2.562033306244162469e-11
1.049173791593757874e-11
3.288428860449543686e-11
5.580768956273881066e-12
2.717012475856536564e-11
2.992445021477176745e-11
2.460631732913377269e-11
1.580492756413025383e-11
4.824030665639592906e-11
9.647789218291456571e-12
4.383064825664325213e-11
2.541535938384569671e-11
2.775998478131683397e-11
3.592540752170310676e-11
3.198975153179735866e-11
2.371417991947974212e-11
4.268685228278883898e-11
1.964442667489079260e-11
4.110453330246743638e-11
2.307522579213582227e-11
3.405979473657125522e-11
2.614505534352240215e-11
3.474491862432123950e-11
1.967165129321400578e-11
3.715609613678007152e-11
1.800127346570777135e-11
3.315062293705237053e-11
2.032012170580287215e-11
2.657373502312285433e-11
2.142642707647209426e-11
2.588985364752045026e-11
1.630409968056526811e-11
2.668054811932345444e-11
1.373794980930149082e-11
2.385973116896277669e-11
1.426251125993083306e-11
1.905596407824937289e-11
1.447102009254382498e-11
1.800891847696086829e-11
1.114791268969325065e-11
1.818838781236352667e-11
9.186143372710991117e-12
1.665775645435529280e-11
9.502438391665996934e-12
1.385348906352010437e-11
9.996686198388215267e-12
1.347585376889518891e-11
8.623373954592777470e-12
1.409435434474126520e-11
7.994707144407607514e-12
1.402562412119096306e-11
8.951961627177526593e-12
1.312390005382518676e-11
1.016677939329286828e-11
1.365450042070340607e-11
1.029366949568419264e-11
1.477895024632642899e-11
1.063192573404174555e-11
1.548807526027274801e-11
1.178979012186539550e-11
1.539884503944029665e-11
1.291337406517980453e-11
1.586967499907298482e-11
1.314536391826097518e-11
1.643963113107337951e-11
1.313306682066643761e-11
1.656489349888636903e-11
1.338457078908947181e-11
1.596150294566317836e-11
1.348547431071093875e-11
1.556388103887550837e-11
1.304272694868819490e-11
1.528092102676480162e-11
1.250676168015225567e-11
1.493440806839917916e-11
1.235653469194607796e-11
1.440723589573710125e-11
1.242995929692836343e-11
1.427407959654885776e-11
1.247141790844844896e-11
1.447293180697715743e-11
1.261181182119767731e-11
1.474482552576501457e-11
1.299350546927946147e-11
1.482771567484245368e-11
1.334767912089285260e-11
1.488919559296090694e-11
1.341198023197382454e-11
1.486866898275166553e-11
1.325629023178464967e-11
1.469305953235305497e-11
1.312504070464185727e-11
1.439823574451301476e-11
1.307463311638658745e-11
1.426367096504159654e-11
1.310623398793185115e-11
1.434368292901433154e-11
1.322818790741324435e-11
1.449102038916767003e-11
1.341007863334885970e-11
1.451044398904144137e-11
1.348586993168944973e-11
1.440797463382701546e-11
1.340592670248622030e-11
1.427561178558540183e-11
1.330843201365439640e-11
1.422327422846215744e-11
1.336526717389353813e-11
1.426030855320796456e-11
1.350645367137393360e-11
1.430487625666333948e-11
1.355688413910058909e-11
1.425708067561673914e-11
1.348635711094993810e-11
1.416764137117828258e-11
1.346847305220728341e-11
1.415565894929005698e-11
1.355757267226718901e-11
1.419668797479506136e-11
1.360972197862241678e-11
1.416325062877105443e-11
1.356136245990447576e-11
1.410245839164048926e-11
1.357001457642418294e-11
1.411985457893589628e-11
1.363988897387993986e-11
1.412060951859743392e-11
1.363129707043877486e-11
1.406559263560670834e-11
1.361951602343002557e-11
1.407774580882832648e-11
1.366979359416569331e-11
1.407537662755953493e-11
1.365953484227448612e-11
1.403130303782631986e-11
1.367437363981417317e-11
1.405003596603555762e-11
1.369674273385402134e-11
1.402410871982381854e-11
1.368466919630692335e-11
1.402045511178624271e-11
1.371765371994738932e-11
1.400967741876794923e-11
1.370793737255164995e-11
1.399849070935857894e-11
1.373158128939658729e-11
1.399491249284021746e-11
1.372418831994913395e-11
1.398577489018161543e-11
1.374560174842412735e-11
1.397501323973521861e-11
1.374288602671588475e-11
1.397484947649590128e-11
1.375414312982794868e-11
1.396088197474099443e-11
1.376084026744619222e-11
1.396086653838769332e-11
1.376169431839063886e-11
1.395443812138436263e-11
1.377200715148149983e-11
1.394485715642532250e-11
1.377795793705356078e-11
1.394221384724567357e-11
1.377943714054395040e-11
1.393992543826463007e-11
1.378333314388495564e-11
1.393468960957016792e-11
1.378917186633858148e-11
1.392893143310030198e-11
1.379445164301016650e-11
1.392424423089456383e-11
1.379860852987106858e-11
1.392048660874598443e-11
1.380209541016816746e-11
1.391717310053324749e-11
1.380529629556903341e-11
1.391405175040836860e-11
1.380835191005457958e-11
1.391105751886101374e-11
1.381128347825719378e-11
1.390819056896320869e-11
1.381408288784349532e-11
1.390545998667431905e-11
1.381674308230844617e-11
1.390286991412563332e-11
1.381926271878894855e-11
1.390041936719057400e-11
1.382164455928382269e-11
1.389810428519588191e-11
1.382389356695958636e-11
1.389591909266425528e-11
1.382601570402540138e-11
1.389385759172310534e-11
1.382801728325151023e-11
1.389191342733729766e-11
1.382990463658035380e-11
1.389008032210053839e-11
1.383168394954131073e-11
1.388835219224612399e-11
1.383336118065148839e-11
1.388672320275668789e-11
1.383494202454105650e-11
1.388518779079580549e-11
1.383643189836399440e-11
1.388374067220054611e-11
1.383783594025417945e-11
1.388237683900629656e-11
1.383915901474621502e-11
1.388109155194590025e-11
1.384040572155409961e-11
1.387988033049398278e-11
1.384158040629830536e-11
1.387873894151346022e-11
1.384268717201052266e-11
1.387766338743658699e-11
1.384372989100564390e-11
1.387664989428997363e-11
1.384471221655508488e-11
1.387569489997141160e-11
1.384563759439303032e-11
1.387479504277492327e-11
1.384650927378447720e-11
1.387394715038811920e-11
1.384733031813907351e-11
1.387314822929557507e-11
1.384810361509739518e-11
1.387239545468015997e-11
1.384883188619218297e-11
1.387168616080722339e-11
1.384951769592306630e-11
1.387101783185580858e-11
1.385016346038136710e-11
1.387038809319962938e-11
1.385077145534158867e-11
1.386979470316185013e-11
1.385134382392825384e-11
1.386923554513468463e-11
1.385188258376939850e-11
1.386870862011435929e-11
1.385238963374641382e-11
1.386821203958652301e-11
1.385286676027541676e-11
1.386774401873984738e-11
1.385331564321125328e-11
1.386730287001890347e-11
1.385373786127609892e-11
1.386688699692017634e-11
1.385413489716686930e-11
1.386649488806160657e-11
1.385450814220644709e-11
1.386612511147176443e-11
1.385485890063347451e-11
1.386577630906027989e-11
1.385518839351611967e-11
1.386544719124932905e-11
1.385549776222486511e-11
1.386513653173555002e-11
1.385578807157207021e-11
1.386484316232160033e-11
1.385606031248703937e-11
