# bin_3_1
3.788086081295067533e-07
3.789648790929262014e-07
3.788145106652283799e-07
3.789604256632388743e-07
3.788201397572217540e-07
3.789563457744125009e-07
3.788255186311723764e-07
3.789526239251733522e-07
3.788306693344114163e-07
3.789492456881612269e-07
3.788356127313264868e-07
3.789461975603154285e-07
3.788403684735389914e-07
3.789434667965791156e-07
3.788449549437572216e-07
3.789410412200018209e-07
3.788493891670842780e-07
3.789389090065089090e-07
3.788536866872347932e-07
3.789370584361628863e-07
3.788578614001533086e-07
3.789354776077742849e-07
3.788619253423039478e-07
3.789341541087828529e-07
3.788658884253313641e-07
3.789330746355515839e-07
3.788697581130769127e-07
3.789322245572763564e-07
3.788735390339335464e-07
3.789315874180810685e-07
3.788772325247461021e-07
3.789311443726775426e-07
3.788808361020489185e-07
3.789308735527245298e-07
3.788843428591269263e-07
3.789307493635829464e-07
3.788877407912687789e-07
3.789307417155268540e-07
3.788910120558977076e-07
3.789308151988620120e-07
3.788941321800570563e-07
3.789309282198891678e-07
3.788970692382186926e-07
3.789310321243402052e-07
3.788997830319654800e-07
3.789310703482258682e-07
3.789022243193238034e-07
3.789309776489175155e-07
3.789043341555865421e-07
3.789306794900072303e-07
3.789060434281015577e-07
3.789300916699243715e-07
3.789072726862933049e-07
3.789291203075487724e-07
3.789079323899402054e-07
3.789276623158114250e-07
3.789079237149029866e-07
3.789256065098901318e-07
3.789071400679595687e-07
3.789228355019816037e-07
3.789054694594933223e-07
3.789192285243515767e-07
3.789027978623314935e-07
3.789146652868460443e-07
3.788990136328062491e-07
3.789090309049232797e-07
3.788940129781239170e-07
3.789022218170227764e-07
3.788877063099506007e-07
3.788941524368375491e-07
3.788800251195407539e-07
3.788847620492151863e-07
3.788709287414986062e-07
3.788740211624374986e-07
3.788604100543717305e-07
3.788619361934158185e-07
3.788484988241368380e-07
3.788485510316321995e-07
3.788352610962192744e-07
3.788339437804848188e-07
3.788207928787233228e-07
3.788182169325034293e-07
3.788052064771460626e-07
3.788014795545824828e-07
3.787886084091310471e-07
3.787838209228336025e-07
3.787710690253473645e-07
3.787652766060362043e-07
3.787525858995167302e-07
3.787457903047229100e-07
3.787330456863442708e-07
3.787251776305251105e-07
3.787121921329916818e-07
3.787031009147529056e-07
3.786896104924885927e-07
3.786790660326400971e-07
3.786647394380115524e-07
3.786524516079599258e-07
3.786369190421373496e-07
3.786225761018473595e-07
3.786054758726336416e-07
3.785887979626000920e-07
3.785698332037359456e-07
3.785506286735880355e-07
3.785296175967449046e-07
3.785078217818333301e-07
3.784847182805224892e-07
3.784603905458017739e-07
3.784352525142180068e-07
3.784085137060570360e-07
3.783814096991197195e-07
3.783523229240948423e-07
3.783231956993139067e-07
3.782916267070812437e-07
3.782601677056629604e-07
3.782256938508499023e-07
3.781913060839066600e-07
3.781532496179667714e-07
3.781151594780802341e-07
3.780727750527824390e-07
3.780302774741788409e-07
3.779830220802422411e-07
3.779357285016564504e-07
3.778834340694278056e-07
3.778313184541634548e-07
3.777740762191973462e-07
3.777171911897691007e-07
3.776549330167159282e-07
3.775929319002560767e-07
3.775250035210992203e-07
3.774568877054274383e-07
3.773820732031078177e-07
3.773065374719759892e-07
3.772236787451150712e-07
3.771398558240397128e-07
3.770484944995050114e-07
3.769562485924381933e-07
3.768563982893696532e-07
3.767555665691843323e-07
3.766466298790761791e-07
3.765360079159379954e-07
3.764162838214982868e-07
3.762939683676718404e-07
3.761618077083442111e-07
3.760267225404382350e-07
3.758816862325822006e-07
3.757336754674085368e-07
3.755753310887117551e-07
3.754131621039449518e-07
3.752394054861303429e-07
3.750605450661667097e-07
3.748692008831298163e-07
3.746723740572482983e-07
3.744629539877556636e-07
3.742476212063388725e-07
3.740186143723840708e-07
3.737820482119376162e-07
3.735303138940704942e-07
3.732701546437309409e-07
3.729945887684425042e-07
3.727101002035634038e-07
3.724088916898874093e-07
3.720967288899865630e-07
3.717662314877107575e-07
3.714240384626265359e-07
3.710631493982926034e-07
3.706892329498542893e-07
3.702944000331088127e-07
3.698845470703859011e-07
3.694530366472885141e-07
3.690057923532474430e-07
3.685349970867314092e-07
3.680458393335945136e-07
3.675317270087897411e-07
3.669985441513105278e-07
3.664386202365407941e-07
3.658567553920378736e-07
3.652465898601939131e-07
3.646135979748411719e-07
3.639500485932581592e-07
3.632608279982582067e-07
3.625399404547616760e-07
3.617918414581334068e-07
3.610091322649570436e-07
3.601973438988185890e-07
3.593498383018350487e-07
3.584703373644746356e-07
3.575531621404924888e-07
3.566027563548851480e-07
3.556119747408191515e-07
3.545861669935876097e-07
3.535186819151856796e-07
3.524135221368422306e-07
3.512656223576953388e-07
3.500781672731586924e-07
3.488462873009836101e-07
3.475738287439569760e-07
3.462552666443274393e-07
3.448953533146779833e-07
3.434882395110586838e-07
3.420391173041123937e-07
3.405423670268423823e-07
3.390032771795655657e-07
3.374167508650394676e-07
3.357881045457242389e-07
3.341128479188118126e-07
3.323963946838008911e-07
3.306348725494316613e-07
3.288338898322728548e-07
3.269901973557399859e-07
3.251096824694243776e-07
3.231897306658097163e-07
3.212365707654673091e-07
3.192482344147451326e-07
3.172313304756476949e-07
3.151845376600485590e-07
3.131148564719088576e-07
3.110215924490677449e-07
3.089121167898848826e-07
3.067863102170045120e-07
3.046518537420332244e-07
3.025091103373664213e-07
3.003659619220956259e-07
2.982231104425466950e-07
2.960884743577128361e-07
2.939628938751641610e-07
2.918540991188831413e-07
2.897628070123071109e-07
2.876962735380618989e-07
2.856547726341354703e-07
2.836447463362399208e-07
2.816656593721450201e-07
2.797227634059809693e-07
2.778143249052225617e-07
2.759440230085501126e-07
2.741085525970006258e-07
2.723096791218665822e-07
2.705422232270900127e-07
2.688057995315932096e-07
2.670931928168293702e-07
2.654018101774670961e-07
2.637224604333118919e-07
2.620505487065641498e-07
2.603752686225431633e-07
2.586905633380759159e-07
2.569847322931118093e-07
2.552511710570600291e-07
2.534783791501008161e-07
2.516604714652823244e-07
2.497875503584045433e-07
2.478559542004519728e-07
2.458589272536250948e-07
2.437965395452195881e-07
2.416665575193834744e-07
2.394739417787080026e-07
2.372218005368001893e-07
2.349203607395740305e-07
2.325778899741615821e-07
2.302090584822722563e-07
2.278257599880403920e-07
2.254448520883753783e-07
2.230789033521700687e-07
2.207434214687999918e-07
2.184476966487846551e-07
2.162017808409564540e-07
2.140077495249267081e-07
2.118668265362814981e-07
2.097714748530363512e-07
2.077130819875437798e-07
2.056752188622426584e-07
2.036421167994938735e-07
2.015931273822142023e-07
1.995117978642158294e-07
1.973810487449745309e-07
1.951920959090245281e-07
1.929393380475478900e-07
1.906279799250193051e-07
1.882674676359792046e-07
1.858768546043158056e-07
1.834762231836418347e-07
1.810898607514657774e-07
1.787364842606910410e-07
1.764318467097915324e-07
1.741800300972486384e-07
1.719780941734835741e-07
1.698108751822820007e-07
1.676593614122433835e-07
1.654993251877352239e-07
1.633120293939172244e-07
1.610835295481918359e-07
1.588132784368878780e-07
1.565093553913035785e-07
1.541912682135806284e-07
1.518797624693678140e-07
1.495957156970864734e-07
1.473495840439253608e-07
1.451434019018780826e-07
1.429665810695921751e-07
1.408048798402533819e-07
1.386416691834971102e-07
1.364681095095685623e-07
1.342812882329068452e-07
1.320879168344339387e-07
1.298962782743003073e-07
1.277166565028391513e-07
1.255546832055014458e-07
1.234156787725103216e-07
1.213012750458521173e-07
1.192131172592285814e-07
1.171462534057935402e-07
1.150913195148381667e-07
1.130334039691707140e-07
1.109652491429067845e-07
1.088936950322701563e-07
1.068447147078147937e-07
1.048447465444445901e-07
1.029006835858306090e-07
1.009842516571296661e-07
9.905367985267485672e-08
9.709013813524490581e-08
9.512662813223461733e-08
9.322059295595167025e-08
9.139708340365998756e-08
8.961147069263876457e-08
8.779576935968484824e-08
8.593880853398135344e-08
8.411118486252327105e-08
8.237765784910734224e-08
8.070925230665678988e-08
7.901545483163717277e-08
7.727730318958840511e-08
7.557899512356115591e-08
7.398132841353283164e-08
7.242052111599140135e-08
7.081613656385656565e-08
6.920878362133947148e-08
6.768844931256605436e-08
6.622827021940817771e-08
6.474132925780397964e-08
6.324870979353673122e-08
6.183377034445944343e-08
6.046958835276534599e-08
5.908258236762258211e-08
5.771144019344633183e-08
5.641874838593335994e-08
5.514389916322808452e-08
5.385143841226998466e-08
5.262141500546028054e-08
5.143889578552782479e-08
5.023197484580916437e-08
4.907966277369422563e-08
4.797578353755770664e-08
4.684960107381230507e-08
4.578751074634662597e-08
4.474886765272265593e-08
4.370870445816963320e-08
4.273240622186101597e-08
4.175139989315245449e-08
4.081035356837417174e-08
3.989418002375886808e-08
3.899284883662527643e-08
3.812958064569777157e-08
3.727685911266094884e-08
3.645736648153489964e-08
3.565464451413218702e-08
3.487761837226957778e-08
3.412175310883515430e-08
3.338710541865773730e-08
3.267400086664703272e-08
3.198155358988531298e-08
3.130839623090020734e-08
3.065546190873165787e-08
3.002136855582851856e-08
2.940513659777586830e-08
2.880798809588907792e-08
2.822744613380702731e-08
2.766380346668108617e-08
2.711671279859301375e-08
2.658491395927518715e-08
2.606898734248257777e-08
2.556720796512024206e-08
2.507953758018634269e-08
2.460667905346597711e-08
2.414609619968600639e-08
2.369815128988188218e-08
2.326254720084581783e-08
2.283840181351403824e-08
2.242573302365602485e-08
2.202306385060830804e-08
2.163115540716926388e-08
2.125000111405612171e-08
2.087700852058736408e-08
2.051363698856102951e-08
2.015900044281719671e-08
1.981209002113019100e-08
1.947364192616999235e-08
1.914204229583083322e-08
1.881804683457110564e-08
1.850166294330857878e-08
1.819043106031513615e-08
1.788640478204623554e-08
1.758824147242345699e-08
1.729493244697454008e-08
1.700816578474571325e-08
1.672590959605678170e-08
1.644843169827776670e-08
1.617658916591491239e-08
1.590827581252965660e-08
1.564486334252346260e-08
1.538521947350091234e-08
1.512907661567720734e-08
1.487788507158620605e-08
1.462934729637387482e-08
1.438393832782794414e-08
1.414281444136928771e-08
1.390411117780061212e-08
1.366859037230891632e-08
1.343549368348626328e-08
1.320543766903919912e-08
1.297891666283051497e-08
1.275364934329162262e-08
1.253124950896264087e-08
1.231208916651422828e-08
1.209415835601303460e-08
1.187898142899560610e-08
1.166549874247552664e-08
1.145434750951904340e-08
1.124601285213937217e-08
1.103819887795701295e-08
1.083316398045355615e-08
1.063056855766639758e-08
1.042838423910635562e-08
1.022924663061238548e-08
1.003146529487027092e-08
9.835145382501621227e-09
9.641738423747859644e-09
9.448942406259066196e-09
9.258445968886717106e-09
9.069994754216128301e-09
8.882183454659435075e-09
8.697328417305211192e-09
8.513612891460058340e-09
8.331131488359222088e-09
8.151693690727345806e-09
7.973071857989787398e-09
7.796333465870820314e-09
7.621563993407157443e-09
7.448186410405614253e-09
7.277356285138823321e-09
7.107536122371174983e-09
6.939602331976469224e-09
6.774593429294840986e-09
6.610358281165706450e-09
6.448324214667430152e-09
6.288268703654410574e-09
6.129892462143133577e-09
5.974033674235773447e-09
5.819208284975232061e-09
5.666786669316113420e-09
5.517088648335198934e-09
5.368118791703091732e-09
5.221972202448714957e-09
5.077836728286507381e-09
4.935224915495522048e-09
4.795552153367106421e-09
4.657179248314347369e-09
4.521150070473830507e-09
4.387882040407003403e-09
4.255700946514839915e-09
4.126487522171600158e-09
3.999308311552051841e-09
3.873747983855692202e-09
3.751360197807718074e-09
3.630512842608437903e-09
3.511868366980967543e-09
3.396037072157495659e-09
3.281816499977079928e-09
3.170317554062159407e-09
3.060842505329101088e-09
2.953403044424009712e-09
2.848938459651155242e-09
2.746047134264524973e-09
2.645511658549522097e-09
2.547595124671351081e-09
2.451457031070928752e-09
2.357893925697881552e-09
2.266285663552365749e-09
2.176885878353430575e-09
2.090182547867984053e-09
2.005024669356396914e-09
1.922383540286255555e-09
1.842126748223843797e-09
1.763589430264553092e-09
1.687628225284656160e-09
1.613591923682077947e-09
1.541638862229471111e-09
1.472191455185678503e-09
1.404309038085583889e-09
1.338809388889929433e-09
1.275412779227049576e-09
1.213670393028838329e-09
1.154280324003588749e-09
1.096692322152274591e-09
1.040916855038572166e-09
9.873872653939782222e-10
9.354156744402652104e-10
8.854829680669237027e-10
8.373845233616239910e-10
7.909285869405610448e-10
7.464725447037174213e-10
7.036232603333411115e-10
6.624075726263047744e-10
6.231003557340165820e-10
5.852183498332769528e-10
5.490280605936018240e-10
5.143819663393619576e-10
4.812489935078283561e-10
4.497358104285302616e-10
4.195751170754620384e-10
3.908879606814434785e-10
3.637607469223494451e-10
3.378184177081346273e-10
3.133062808114422604e-10
2.900521270012206498e-10
2.680324383534597325e-10
2.473052014377636376e-10
2.276537774649340657e-10
2.092380115449589322e-10
1.920876733541809798e-10
1.759492164582392510e-10
1.611430001327754375e-10
1.475466615569002799e-10
1.351976995121072640e-10
1.243330733204326396e-10
1.148755664103816027e-10
1.070336514752254064e-10
1.009374397688784583e-10
9.636517952587884798e-11
9.333044837892552160e-11
9.127761796714129891e-11
8.960611872053725310e-11
8.774812287139986153e-11
8.475798082714956450e-11
7.996357296017831245e-11
7.284791477641952096e-11
6.289071159909985869e-11
5.014797426032434623e-11
3.491115910532277066e-11
1.808680423956997390e-11
8.758489932389520996e-13
-1.574544358565963224e-11
-3.071871841244176100e-11
-4.337292107451047220e-11
-5.354119928977839437e-11
-6.114070328095218616e-11
-6.651347544085374727e-11
-6.993001890485793390e-11
-7.174787577422098671e-11
-7.244949349993427883e-11
-7.209546205091563503e-11
-7.094566059490679732e-11
-6.935776269347111295e-11
-6.735153045047131376e-11
-6.518413579119972014e-11
-6.286427426810649278e-11
-6.036899440573258959e-11
-5.791457940014397855e-11
-5.538648087434307056e-11
-5.286680638955352850e-11
-5.047901537940210100e-11
-4.803254012105788954e-11
-4.567864908903671268e-11
-4.339885009742805502e-11
-4.112136928432430832e-11
-3.901836442138376012e-11
-3.696819069993827995e-11
-3.493683688180150047e-11
-3.294574320309841012e-11
-3.092636094770183826e-11
-2.909431025470351536e-11
-2.742657940213899425e-11
-2.584502664092228395e-11
-2.443071078057909155e-11
-2.301105777175448318e-11
-2.154792008225793612e-11
-2.018406416969812398e-11
-1.894376353466209808e-11
-1.792736206571995729e-11
-1.683850670077231610e-11
-1.566424302494406195e-11
-1.467189615421977820e-11
-1.376040021629048320e-11
-1.298470872599338897e-11
-1.228270781321810165e-11
-1.145247594855170143e-11
-1.064511483155723199e-11
-9.902749100966696126e-12
-9.271701878818894207e-12
-8.767293745305138564e-12
-8.144808536368078730e-12
-7.606104439824399140e-12
-7.216726233930444577e-12
-6.695627511754440459e-12
-6.237017044381391368e-12
-5.896131856366266436e-12
-5.549468572577235409e-12
-5.214606942602532656e-12
-4.870833950539446982e-12
-4.545769409210053894e-12
-4.298582643240154787e-12
-4.037560781761210806e-12
-3.815329920409246169e-12
-3.542968703186644097e-12
-3.355554765697624680e-12
-3.202601666231842959e-12
-2.955790081762174762e-12
-2.787409436946508949e-12
-2.572717831344240961e-12
-2.345734890080909268e-12
-2.178436704141400369e-12
-2.059949419840548568e-12
-1.833695583396106999e-12
-1.697221912428199880e-12
-1.547614188523802111e-12
-1.478118414251955672e-12
-1.371701350519705980e-12
-1.288367671727619337e-12
-1.236498730139882326e-12
-1.104852564605163701e-12
-1.094798700622655962e-12
-1.024659765820315764e-12
-9.613288941586876777e-13
-8.972139656921590867e-13
-8.403280029212012291e-13
-7.859136401454743636e-13
-7.280768749776958876e-13
-6.950083077231272007e-13
-5.980562401640596914e-13
-5.997575318992592828e-13
-5.351495473788415854e-13
-4.939711671493158826e-13
-4.900246565730993808e-13
-4.062611761483959373e-13
-4.183020434618325830e-13
-3.751835230389341867e-13
-3.432533382365277814e-13
-3.333998524849110309e-13
-2.924996899078215234e-13
-2.919415894756024237e-13
-2.606868941731195916e-13
-2.551802949830607787e-13
-2.255876292589854510e-13
-2.156374154479317769e-13
-2.172875149777808053e-13
-1.752444782944542428e-13
-1.765838022247430645e-13
-1.614408237390559650e-13
-1.392887201364597932e-13
-1.365802070927650230e-13
-1.176426500962852890e-13
-1.172391826923047561e-13
-1.044731957118927637e-13
-1.031712773899497299e-13
-9.359993785089188315e-14
-8.598176977396262357e-14
-8.698024267852484215e-14
-6.951739773046356301e-14
-7.022539411040670381e-14
-6.104646457138089780e-14
-5.471007021161429294e-14
-5.886057834195297461e-14
-4.865852221445921344e-14
-5.229934420847539533e-14
-4.856416608394942064e-14
-3.900892880571206571e-14
-4.545341036094495073e-14
-3.628605056394258197e-14
-3.320861214254585477e-14
-3.611189658609056743e-14
-2.975310452902273447e-14
-3.084529210396653261e-14
-2.716173684511513272e-14
-2.472196768277306074e-14
-2.376437980333868798e-14
-2.096016780621824140e-14
-1.880544102718020048e-14
-1.737999541093743816e-14
-1.628585771172988238e-14
-1.468738441765247541e-14
-1.274163068158691776e-14
-1.365099359103612612e-14
-1.039067138397965282e-14
-1.170743402616121772e-14
-1.087711546088707917e-14
-8.718006699516971434e-15
-1.073859291001571361e-14
-8.983753974107345673e-15
-8.457439909326702130e-15
-8.681878985713127857e-15
-6.334425596381595084e-15
-7.932158105682949468e-15
-5.854393811497087766e-15
-4.641520964458715555e-15
-6.019105567520828010e-15
-3.778975428414971523e-15
-4.155165059336295163e-15
-4.453462473786069225e-15
-2.677389832485179213e-15
-4.494713632944105574e-15
-3.293739664074665186e-15
-2.692244251152144531e-15
-3.997262226217282771e-15
-2.200403257052189524e-15
-2.754121193809170735e-15
-2.570334057071942140e-15
-1.394536656454840935e-15
-2.405417863036559065e-15
-1.512342581907328571e-15
-1.400329379496013857e-15
-1.954274922092081607e-15
-1.197159235361887624e-15
-1.565549701119386350e-15
-1.442307344076807567e-15
-8.796614668028090823e-16
-1.378281414977746358e-15
-8.056131407514317392e-16
-7.797440028068356280e-16
-9.828274871197040579e-16
-6.104887882789585389e-16
-8.079340814979625010e-16
-7.772712663213986915e-16
-4.514542502112858359e-16
-7.454866228838226671e-16
-3.781463356932102490e-16
-4.691313539514335077e-16
-4.827056256799792734e-16
-3.489125191745202933e-16
-3.916895874141308988e-16
-3.806415353308345357e-16
-2.165943240750044271e-16
-3.590295253076089392e-16
-1.909280814832794360e-16
-2.559593885611791742e-16
-2.144213921453556605e-16
-1.731375897609469234e-16
-1.639770246371044814e-16
-1.722701715954889852e-16
-1.082523000335386323e-16
-1.573141608427213713e-16
-7.596967789514060125e-17
-1.083129771451721252e-16
-7.341647498352147122e-17
-8.077910303101494354e-17
-5.458691223444663903e-17
-6.077357147019396534e-17
-3.251877535881305739e-17
-4.919213722755018602e-17
-1.810057553325084405e-17
-3.017698651648370176e-17
-4.181195182513068342e-18
-2.465434723131702073e-17
6.116146978156191473e-18
-6.095220006853658971e-18
4.045385749457790330e-18
5.053561760929793808e-18
1.757969564063011381e-17
7.054590250784170828e-18
2.420166148241482898e-17
8.602265899846749966e-18
3.320747058746539473e-17
1.528823111087048398e-17
2.702647089356705357e-17
2.636113561453862628e-17
2.822587668855488950e-17
2.748030119017787940e-17
3.207117563380407037e-17
2.316167975832795917e-17
3.769854311393121999e-17
2.593079239093683264e-17
3.090743679867471724e-17
3.094266791000489408e-17
3.091164944454230275e-17
2.717727229393209935e-17
3.443221963605324078e-17
2.057518430145256671e-17
3.603132935260071788e-17
2.217148410377058563e-17
2.813976862954441390e-17
2.502263879607910381e-17
2.504975148412369546e-17
2.167935584550787052e-17
2.571391753900790517e-17
1.537916185979064438e-17
2.553340771650634697e-17
1.498584608780063312e-17
1.908376200553209064e-17
1.573466018306084398e-17
1.545845082003302543e-17
1.288695322370494968e-17
1.494650317864432187e-17
7.746745109871320590e-18
1.442093247561414041e-17
6.681585352798455028e-18
1.005302251938861039e-17
6.887691342200024183e-18
7.291711108439322488e-18
5.342656094685431391e-18
7.062684787620002647e-18
2.306427993547380604e-18
7.206744996481384475e-18
2.100186279498889998e-18
5.268984837461375621e-18
3.010344004588340672e-18
4.260895881522846312e-18
3.217501550356398223e-18
5.143897510100056281e-18
2.432982695816121543e-18
6.382766967308973512e-18
3.372914639125202741e-18
6.397111760492254946e-18
4.995796190767973646e-18
6.670242360515842081e-18
6.126854814893383888e-18
7.943173937714990933e-18
6.289331968293783463e-18
9.177961862522466049e-18
7.094217203796986878e-18
9.325527449960813136e-18
7.983321818568296298e-18
9.171495258356160602e-18
8.308524355930132303e-18
9.322161896436865525e-18
7.703517757550120773e-18
9.277688188349834143e-18
7.329174733059805892e-18
8.567218302077129611e-18
7.079119472905439822e-18
7.745687604995096424e-18
6.748023277750572464e-18
7.413550662377416072e-18
6.192116973480516811e-18
7.378890127581901384e-18
6.133347676577723940e-18
7.328235368526620027e-18
6.493111949638770891e-18
7.417388517824742541e-18
6.948196755504421201e-18
7.817622823567829088e-18
7.159746533032562935e-18
8.184853386167436707e-18
7.331878368178750399e-18
8.184476870220241873e-18
7.384803054386156458e-18
7.902883746292650709e-18
7.230633909028710857e-18
7.652868069150515184e-18
6.920139923058039833e-18
7.512285293259954489e-18
6.813962938290712877e-18
7.486580858892574842e-18
6.983283572113091036e-18
7.585001780731239440e-18
7.237608689394777071e-18
7.763857460438136322e-18
7.322484083421114210e-18
7.805912246298159262e-18
7.243039148026498016e-18
7.648075927853346495e-18
7.119693821739354610e-18
7.471025849655065497e-18
7.098611948053814878e-18
7.498803172537274232e-18
7.193229498679244839e-18
7.639812319139369457e-18
7.294814961761817551e-18
7.664634850109828894e-18
7.271927852657537723e-18
7.533343120021664979e-18
7.191978751809149942e-18
7.473098892124800820e-18
7.212037457173620467e-18
7.555423957290447842e-18
7.299629873935023047e-18
7.591417926289081978e-18
7.287134226328875144e-18
7.497423407271255603e-18
7.236812921306667036e-18
7.479988368764174300e-18
7.287699665435352670e-18
7.544603736485026965e-18
7.315081679099155277e-18
7.507770003599278255e-18
7.267495128274214482e-18
7.468328921382080838e-18
7.306728915892537264e-18
7.511791224555607740e-18
7.325596338732246785e-18
7.476968648560647953e-18
7.288374845260132807e-18
7.476402438950354293e-18
7.332435183812916553e-18
7.486955807846983694e-18
7.316655768771802058e-18
7.453315632892923642e-18
7.329114027754106375e-18
7.479908843577265684e-18
7.331211395229392255e-18
7.451367358317445968e-18
7.331801219398280818e-18
7.467609582378272424e-18
7.341493238856277770e-18
7.443918097498081635e-18
7.343053197596560892e-18
7.458888373999344322e-18
7.341693569188200572e-18
7.442916877421967004e-18
7.353509031334475407e-18
7.446040136977167420e-18
7.346479338298173220e-18
7.443846357925075575e-18
7.357133585007717926e-18
7.434608019523712337e-18
7.358739789025315133e-18
7.438405589254559370e-18
7.355614943792135142e-18
7.437039925284971750e-18
7.361056773406140151e-18
7.430331109197472937e-18
7.366447755153339158e-18
7.427300649967834795e-18
7.367477555672821173e-18
7.427296926404632082e-18
7.367361143724036996e-18
7.427004890386946475e-18
7.368219198075954231e-18
7.425657381577752863e-18
7.369891175513404858e-18
7.423825071991605539e-18
7.371762837124652237e-18
7.421989601621828322e-18
7.373525397250568931e-18
7.420314253669841102e-18
7.375114395905350806e-18
7.418806539156744280e-18
7.376549831070541103e-18
7.417436607428261562e-18
7.377862271897470816e-18
7.416177116436060209e-18
7.379074703622277942e-18
7.415009288038915930e-18
7.380202351953338158e-18
7.413920731578486793e-18
7.381255437156323826e-18
7.412902883655894147e-18
7.382241283207019093e-18
7.411949373422266045e-18
7.383165543960703774e-18
7.411055118582234761e-18
7.384032864867400695e-18
7.410215841322934590e-18
7.384847238720566170e-18
7.409427805020626056e-18
7.385612202603650621e-18
7.408687665311975340e-18
7.386330952127505290e-18
7.407992381369575576e-18
7.387006411500724113e-18
7.407339159915345188e-18
7.387641279095568487e-18
7.406725417742163811e-18
7.388238058968978572e-18
7.406148755066870451e-18
7.388799083829166169e-18
7.405606935676335477e-18
7.389326532721608117e-18
7.405097871288256197e-18
7.389822445152491469e-18
7.404619608899052831e-18
7.390288732914898642e-18
7.404170320061239678e-18
7.390727190096025689e-18
7.403748291734034529e-18
7.391139501905534229e-18
7.403351918152401380e-18
7.391527252465910340e-18
7.402979693683136852e-18
7.391891931887953693e-18
7.402630206291610464e-18
7.392234942657669693e-18
7.402302131666792366e-18
7.392557605549817342e-18
7.401994227828372170e-18
7.392861165035427486e-18
7.401705330164686722e-18
7.393146794330167482e-18
7.401434346859340611e-18
7.393415600067853645e-18
7.401180254678161993e-18
7.393668626688502359e-18
7.400942095021938303e-18
7.393906860510616500e-18
7.400718970306828135e-18
7.394131233565695008e-18
7.400510040547083598e-18
7.394342627182608839e-18
7.400314520214468703e-18
7.394541875348199266e-18
7.400131675247609105e-18
7.394729767843328155e-18
7.399960820306765385e-18
7.394907053214811278e-18
7.399801316134566397e-18
7.395074441495623337e-18
7.399652567108226262e-18
7.395232606776667715e-18
7.399514018878559171e-18
7.395382189551962878e-18
7.399385156131423252e-18
7.395523798900827320e-18
7.399265500408848230e-18
7.395658014431024229e-18
7.399154607988267625e-18
7.395785388032101927e-18
7.399052067765713739e-18
