# bin_2_1
1.093020399670986964e-01
1.092219671400300324e-01
1.092996407031422701e-01
1.092250204856973911e-01
1.092974458958334977e-01
1.092279405009147358e-01
1.092954476702973771e-01
1.092307395797033204e-01
1.092936388162714240e-01
1.092334295915099729e-01
1.092920127277028086e-01
1.092360218839461827e-01
1.092905633358709633e-01
1.092385272747684460e-01
1.092892850341786182e-01
1.092409560308240379e-01
1.092881725928012554e-01
1.092433178325302734e-01
1.092872210606986583e-01
1.092456217212972730e-01
1.092864256529059719e-01
1.092478760280568006e-01
1.092857816201771304e-01
1.092500882798693868e-01
1.092852840984678414e-01
1.092522650826074915e-01
1.092849279355653375e-01
1.092544119765506416e-01
1.092847074920845346e-01
1.092565332631583036e-01
1.092846164147964344e-01
1.092586318008247626e-01
1.092846473805176022e-01
1.092607087688362150e-01
1.092847918102131666e-01
1.092627633995563868e-01
1.092850395540464481e-01
1.092647926812699427e-01
1.092853785508547809e-01
1.092667910361056621e-01
1.092857944681113608e-01
1.092687499815315627e-01
1.092862703327708296e-01
1.092706577879733743e-01
1.092867861682982750e-01
1.092724991512869642e-01
1.092873186596545199e-01
1.092742549052945489e-01
1.092878408755857955e-01
1.092759018082236772e-01
1.092883220862091720e-01
1.092774124457178420e-01
1.092887277233429572e-01
1.092787553027055325e-01
1.092890195405151338e-01
1.092798950654632062e-01
1.092891560376047788e-01
1.092807932220495187e-01
1.092890932204415161e-01
1.092814090320324005e-01
1.092887857648261879e-01
1.092817009314892840e-01
1.092881886446877143e-01
1.092816284233397578e-01
1.092872592603512799e-01
1.092811544703660709e-01
1.092859600604661197e-01
1.092802483546025660e-01
1.092842615846749826e-01
1.092788888869034580e-01
1.092821457598506935e-01
1.092770677410480895e-01
1.092796091592947161e-01
1.092747925507882023e-01
1.092766657869059105e-01
1.092720892529484983e-01
1.092733487911511647e-01
1.092690030073643487e-01
1.092697103747429371e-01
1.092655969106570146e-01
1.092658190912871724e-01
1.092619477012903434e-01
1.092617537743257317e-01
1.092581378014159804e-01
1.092575936067717302e-01
1.092542434389417727e-01
1.092534043909171998e-01
1.092503193132936118e-01
1.092492219733408737e-01
1.092463813328247157e-01
1.092450349947510363e-01
1.092423902796103019e-01
1.092407705129424256e-01
1.092382405972977255e-01
1.092362872294150439e-01
1.092337593731652901e-01
1.092313814428119700e-01
1.092287202990749606e-01
1.092258096834686082e-01
1.092228751540851028e-01
1.092193285181093376e-01
1.092160005881621931e-01
1.092117459933893558e-01
1.092079509109168539e-01
1.092029714630483872e-01
1.091986998611980814e-01
1.091930437062225978e-01
1.091883495160732853e-01
1.091821157464462760e-01
1.091770876648223143e-01
1.091703838152040112e-01
1.091650906766657714e-01
1.091579703650931987e-01
1.091523971547246202e-01
1.091448028084422289e-01
1.091388091351376544e-01
1.091305555381588688e-01
1.091238915137849597e-01
1.091147180967747959e-01
1.091071114083571880e-01
1.090967960997423075e-01
1.090880771693101547e-01
1.090765515938107166e-01
1.090667339042311890e-01
1.090541054885474093e-01
1.090433330223156000e-01
1.090297549949756778e-01
1.090181099596129327e-01
1.090035618885897978e-01
1.089908687884600380e-01
1.089750411199437441e-01
1.089608790565424756e-01
1.089433335616038501e-01
1.089273230668729442e-01
1.089078375111681013e-01
1.088899378189989164e-01
1.088686426701594989e-01
1.088490479230263819e-01
1.088260778515100086e-01
1.088047188678888805e-01
1.087797462098880064e-01
1.087560646894853295e-01
1.087284591025165226e-01
1.087019421156300708e-01
1.086714760213345898e-01
1.086421918392307534e-01
1.086090851352351505e-01
1.085771297511615718e-01
1.085411303196605198e-01
1.085058549118290833e-01
1.084661371084766762e-01
1.084268880542233748e-01
1.083832347985989181e-01
1.083401663721033498e-01
1.082927297154733792e-01
1.082455558886363522e-01
1.081935102379639746e-01
1.081412261333330876e-01
1.080839486493863077e-01
1.080265232512557655e-01
1.079641745006031661e-01
1.079012863078450263e-01
1.078328591967576827e-01
1.077633767753453792e-01
1.076883568554234116e-01
1.076123591635042981e-01
1.075305745382290484e-01
1.074470478538534640e-01
1.073572008333874561e-01
1.072655455572127520e-01
1.071676463590496842e-01
1.070673562355750480e-01
1.069600338311393894e-01
1.068499778941649492e-01
1.067330036807111748e-01
1.066127890026498382e-01
1.064847863072720530e-01
1.063531505232086505e-01
1.062137826792343143e-01
1.060700735663528682e-01
1.059177899157359853e-01
1.057609872989009464e-01
1.055953689712341576e-01
1.054242031561293674e-01
1.052438215882908340e-01
1.050576983464517472e-01
1.048614589201385117e-01
1.046588693659837588e-01
1.044460110224410404e-01
1.042258170446492965e-01
1.039949028247948437e-01
1.037562660303163048e-01
1.035060087089019337e-01
1.032476889356114674e-01
1.029771299611707130e-01
1.026978003591332289e-01
1.024059161709600096e-01
1.021044543404410337e-01
1.017901242912164356e-01
1.014655537511491012e-01
1.011277172678052977e-01
1.007791379908222762e-01
1.004168833433695535e-01
1.000434961511239146e-01
9.965609108552125894e-02
9.925725877928648355e-02
9.884417964255609590e-02
9.841948814130116463e-02
9.798046347162475689e-02
9.752977947297294947e-02
9.706484410630823734e-02
9.658837298407500771e-02
9.609792723909563184e-02
9.559627230797705655e-02
9.508114245233746653e-02
9.455536391938416940e-02
9.401686046952116571e-02
9.346853059248308448e-02
9.290850024968995424e-02
9.233974982794407316e-02
9.176061561273732292e-02
9.117416557027896440e-02
9.057894830169962996e-02
8.997811872850536297e-02
8.937043158840092538e-02
8.875911930416735540e-02
8.814312602617610515e-02
8.752574074790100966e-02
8.690606725462828031e-02
8.628741612151767659e-02
8.566900558742270022e-02
8.505411657162861849e-02
8.444201941599624450e-02
8.383589658478857176e-02
8.323499040260423643e-02
8.264229873572941087e-02
8.205693930720300844e-02
8.148162445387954755e-02
8.091523832869366994e-02
8.036009781029651577e-02
7.981473988496895489e-02
7.928097693157841463e-02
7.875689273716104943e-02
7.824370159075826059e-02
7.773895256877080828e-02
7.724320294483714988e-02
7.675343131072737135e-02
7.626953641522438154e-02
7.578795995824512410e-02
7.530802164578415114e-02
7.482575158399441817e-02
7.434007052069085963e-02
7.384682909770105830e-02
7.334483839953444273e-02
7.283010843175416471e-02
7.230172790221398027e-02
7.175628709835944752e-02
7.119359753490149545e-02
7.061127558401507354e-02
7.001028345778095852e-02
6.938964135971244229e-02
6.875176379937354698e-02
6.809726298514306997e-02
6.743005269195410933e-02
6.675220865800306214e-02
6.606882099207467274e-02
6.538289319468557070e-02
6.469994741944920524e-02
6.402297497743261734e-02
6.335683687768083050e-02
6.270332218982486994e-02
6.206543180582713842e-02
6.144264440451357306e-02
6.083520644313075709e-02
6.023972565976041388e-02
5.965358790064392153e-02
5.907096645570503179e-02
5.848741985732167081e-02
5.789630236096372090e-02
5.729345998993276567e-02
5.667386652451509438e-02
5.603616674307728557e-02
5.537921149236002538e-02
5.470609416327096991e-02
5.402023689192859274e-02
5.332865594238212631e-02
5.263747144837371134e-02
5.195448791479755773e-02
5.128445296535234788e-02
5.063153368552879285e-02
4.999509331521456712e-02
4.937292127425411958e-02
4.875829079955102535e-02
4.814442288168553630e-02
4.752281559061110466e-02
4.688833099315371788e-02
4.623757128619079837e-02
4.557293950883579969e-02
4.489933529932556983e-02
4.422589281657837712e-02
4.356063006404550797e-02
4.291080034151043693e-02
4.227773699887021897e-02
4.165892173392044678e-02
4.104605274803474479e-02
4.043061426631775618e-02
3.980466812724049730e-02
3.916679202559514295e-02
3.852053141259489943e-02
3.787556006157841854e-02
3.724098434991428980e-02
3.662324202652171568e-02
3.602035066514288481e-02
3.542501961111823444e-02
3.482644269707661083e-02
3.421898592186911614e-02
3.360391796317493962e-02
3.299115006267874795e-02
3.239078357876497283e-02
3.180794432922857268e-02
3.123670779150334448e-02
3.066633881911979068e-02
3.008817844126360566e-02
2.950539948578197874e-02
2.892911540851203153e-02
2.837025141935614961e-02
2.782695439587890007e-02
2.728755676494314455e-02
2.674103283279168422e-02
2.619145919699203059e-02
2.565280526235856270e-02
2.513415681723065939e-02
2.462623409848565745e-02
2.411427122545165697e-02
2.359695904569469871e-02
2.309084307799348298e-02
2.260517156404442604e-02
2.212863762723717501e-02
2.164568175608007697e-02
2.116384545530430178e-02
2.070007346974746948e-02
2.025205587243341168e-02
1.980172335953123142e-02
1.935066088903115641e-02
1.891501557789644281e-02
1.849456775798918873e-02
1.807406498300798137e-02
1.765580295190476851e-02
1.725152498478835922e-02
1.685953166526839644e-02
1.646891271977316690e-02
1.608309512462600954e-02
1.571191229690957827e-02
1.534990630721539025e-02
1.498661342569214579e-02
1.463654452342934460e-02
1.429911246969017835e-02
1.395941529956968262e-02
1.363291526430229945e-02
1.331772497104131633e-02
1.300056948168539644e-02
1.270024115950785584e-02
1.240301225830215195e-02
1.211235830218639585e-02
1.183303760823828030e-02
1.155654247144483407e-02
1.129089994806726886e-02
1.102994474252140186e-02
1.077741527961446552e-02
1.053107642331547675e-02
1.029186947138823784e-02
1.005901995914554661e-02
9.833158223164833664e-03
9.613144046002062085e-03
9.400059377855663964e-03
9.192664949490033169e-03
8.991507900321254326e-03
8.796137950209932319e-03
8.606486845768413635e-03
8.422498430194345909e-03
8.243896212805234061e-03
8.070448579538999287e-03
7.902534721392129313e-03
7.739298108504631853e-03
7.580927476711154384e-03
7.427217534381239626e-03
7.278022100590294217e-03
7.133227076225387778e-03
6.992476820250542041e-03
6.855884140212348266e-03
6.723493974876870727e-03
6.594515612235687940e-03
6.469334059832691948e-03
6.347659899508809739e-03
6.229225172934784241e-03
6.114140513122744494e-03
6.001954075599880839e-03
5.892856301855896317e-03
5.786796469321646950e-03
5.683050112178604334e-03
5.582164707233204862e-03
5.483741161935015186e-03
5.387454231964030303e-03
5.293740685818970962e-03
5.202001764244981903e-03
5.112314116914934078e-03
5.024842996838233336e-03
4.938989280089238661e-03
4.855113937746044321e-03
4.772875855083366300e-03
4.692127375464367860e-03
4.613303866652105137e-03
4.535708264230799841e-03
4.459448484156352567e-03
4.384803712028831346e-03
4.311268459358091540e-03
4.238992623956701865e-03
4.167770432077618804e-03
4.097716927830058822e-03
4.029001607526906323e-03
3.960926841889258858e-03
3.893933381529830328e-03
3.828103171334634215e-03
3.762896767190699373e-03
3.698648693919144494e-03
3.635102352830028513e-03
3.572415736817011710e-03
3.510713449263531266e-03
3.449292409969683705e-03
3.388826396020252780e-03
3.329168000908513253e-03
3.269756803088942534e-03
3.211279486032545850e-03
3.153289928733425326e-03
3.095789449875102715e-03
3.039185865554796476e-03
2.982779078906358950e-03
2.927105474302642025e-03
2.872025943883656837e-03
2.817147820383081227e-03
2.763133615607056733e-03
2.709475743227168863e-03
2.656144744977797373e-03
2.603705038765675994e-03
2.551469477375813144e-03
2.499762886616620824e-03
2.448572819412275434e-03
2.397750781833126160e-03
2.347615245342898720e-03
2.297731035070187111e-03
2.248310758015412050e-03
2.199717703665579702e-03
2.151275448803665474e-03
2.103400601781390405e-03
2.056023589105429074e-03
2.009099107657011211e-03
1.962816676674116086e-03
1.916761790034051966e-03
1.871336244963263786e-03
1.826656692670835039e-03
1.782079415704281977e-03
1.738260249961955800e-03
1.694936787654333869e-03
1.651993042172554332e-03
1.609815050672990877e-03
1.567929415858696244e-03
1.526655616870350833e-03
1.486129558545983215e-03
1.445792904699505629e-03
1.406283197785685541e-03
1.367273161530949870e-03
1.328646614211474166e-03
1.290889994052486734e-03
1.253498097717222577e-03
1.216657735905308374e-03
1.180600432185310725e-03
1.144908297708830498e-03
1.109973221668510146e-03
1.075544320122877751e-03
1.041649153149225033e-03
1.008596945617166660e-03
9.759338170541980708e-04
9.438942431822416228e-04
9.126132566048733618e-04
8.817857915980922530e-04
8.516914047293342631e-04
8.221066389737271933e-04
7.931502317500226627e-04
7.649678751196613844e-04
7.371718358670225225e-04
7.100890134536919475e-04
6.837011096382784826e-04
6.577489088205087497e-04
6.325591051647037541e-04
6.078830194902250066e-04
5.838069368082873844e-04
5.604695217476513393e-04
5.375443223443102493e-04
5.153293136315175924e-04
4.937476296116557811e-04
4.726114361869753248e-04
4.522143948962351685e-04
4.323304734438516983e-04
4.129871852511736896e-04
3.943365590985070343e-04
3.761308963583061748e-04
3.585464839173551407e-04
3.415254626938177425e-04
3.249739784999075044e-04
3.090598765703778442e-04
2.936178424410523877e-04
2.786789941686867501e-04
2.643427050296978014e-04
2.504411623145421880e-04
2.370739192383248617e-04
2.241985857377044573e-04
2.117864039279051972e-04
1.999039345737406892e-04
1.884333517755588266e-04
1.774349929503167729e-04
1.669354471928138396e-04
1.568141137257416263e-04
1.471582093526086431e-04
1.379203890217743016e-04
1.290846993453703098e-04
1.206918423307608469e-04
1.126468774090328990e-04
1.050133143397714082e-04
9.778210082849460815e-05
9.086082062789354056e-05
8.433228453437858032e-05
7.814144650412902220e-05
7.226536552592284360e-05
6.675941301278803461e-05
6.154651643297919515e-05
5.667192930915697786e-05
5.214315159116861905e-05
4.791404476469508626e-05
4.405904444101712962e-05
4.055466453696227427e-05
3.740795587915136787e-05
3.469867799976148246e-05
3.238129277987294416e-05
3.049350790174827833e-05
2.904135328702502300e-05
2.795150746310677065e-05
2.715741001715954843e-05
2.648495819012574020e-05
2.574197013932518651e-05
2.473351735275576416e-05
2.318292095037804729e-05
2.096721629971057225e-05
1.802790697334390681e-05
1.439002973706888247e-05
1.022428584562493995e-05
5.741951786367163850e-06
1.223528530914420519e-06
-3.077242663626815198e-06
-7.024923320739052513e-06
-1.043490081751832713e-05
-1.325937162960636712e-05
-1.551388832715477106e-05
-1.719230390407074281e-05
-1.837938455015718117e-05
-1.913526486808818505e-05
-1.950926469143742100e-05
-1.962498181185023846e-05
-1.949677117250039093e-05
-1.920419735842796829e-05
-1.881090964553299539e-05
-1.829694197536479804e-05
-1.772265155338307200e-05
-1.711102272094808100e-05
-1.644024721987018747e-05
-1.577287155970498559e-05
-1.509022030145692664e-05
-1.441263495574275614e-05
-1.374593943862886785e-05
-1.306422525614638458e-05
-1.240855845409660447e-05
-1.177014315078640679e-05
-1.111137282415572926e-05
-1.047451990636885176e-05
-9.846170674210938295e-06
-9.253273029257035837e-06
-8.683796191151992470e-06
-8.125392107134085754e-06
-7.628093468796683922e-06
-7.162983369521916278e-06
-6.693534243417749208e-06
-6.264878243209605819e-06
-5.860052690684246904e-06
-5.496191608296008415e-06
-5.153111353348184588e-06
-4.832745525662925452e-06
-4.563887316998311958e-06
-4.292201905628344064e-06
-4.034205363791506052e-06
-3.849719659479125899e-06
-3.652872210736622615e-06
-3.450305906683494875e-06
-3.260335306875089964e-06
-3.084648631984198485e-06
-2.940233930306758355e-06
-2.768443710614721871e-06
-2.590423298057066122e-06
-2.452617184670749407e-06
-2.274057835570147622e-06
-2.116641474640714018e-06
-1.988242764631513873e-06
-1.812929258073662092e-06
-1.661036973713049945e-06
-1.551358152292464922e-06
-1.419476653000188926e-06
-1.291743993700595857e-06
-1.212623628565780309e-06
-1.148864631377893846e-06
-1.077912040688038018e-06
-1.016920886798606500e-06
-1.009030693560461851e-06
-9.674041453094680879e-07
-9.324204104133888042e-07
-8.877075891863255318e-07
-8.351844094210472113e-07
-7.774381806369172869e-07
-7.156265683515934247e-07
-6.182089704538940372e-07
-5.521092225185403044e-07
-4.985713031028717929e-07
-4.207043081803907658e-07
-4.001913931280583679e-07
-3.636115842236621072e-07
-3.642242403635584953e-07
-3.595303669985608366e-07
-3.480292422290128573e-07
-3.431763510628825395e-07
-3.168814990983071210e-07
-2.936123125950409259e-07
-2.457113411149306070e-07
-2.171593815699790034e-07
-1.931127036216959763e-07
-1.786238933916828654e-07
-1.682839890129390766e-07
-1.840226876261915615e-07
-1.843310610034347129e-07
-1.599610887880895528e-07
-1.607697500126062551e-07
-1.221715857565640784e-07
-9.852079185508363356e-08
-9.652600236142977341e-08
-8.678081646383229937e-08
-1.060210738083536844e-07
-1.075429210922570057e-07
-1.008581261564465050e-07
-8.430746789092925361e-08
-6.394971501280938681e-08
-5.793295264146791552e-08
-6.191364217276293708e-08
-7.909767761320950635e-08
-7.759621610630273232e-08
-6.761803231361287735e-08
-5.109704601486387874e-08
-3.653427658410045069e-08
-4.617680687776309234e-08
-5.555121441617639811e-08
-5.407635158960450381e-08
-4.032850945598657077e-08
-2.451229638188544925e-08
-2.796735137665197463e-08
-3.814406801292800825e-08
-3.845326535649961931e-08
-2.248885203533375064e-08
-1.220604368285308120e-08
-1.914749692443255343e-08
-2.439899479142598903e-08
-1.864617758188279645e-08
-5.792790300284128582e-09
-8.956740032944301164e-09
-1.857739137499122704e-08
-1.086938288950090507e-08
-4.902358399753530702e-09
-1.027641748342128344e-08
-1.354224295627664346e-08
-8.599240764374046135e-09
-6.895971859008972417e-09
-1.341587048800418299e-08
-1.043962119881044433e-08
-6.666675406147469994e-09
-1.291520100123332106e-08
-8.549339849499090154e-09
-6.092785621661134530e-09
-9.889049428469658411e-09
-4.781632266541492656e-09
-4.203724596530687728e-09
-5.749963792172301599e-09
-4.168850297900338318e-10
-4.271531608321398629e-09
-8.348759912323581192e-10
-1.781180305166278047e-09
-2.829976675381535359e-09
-1.576187468012726923e-09
-4.473890125334709726e-09
-2.168314162269084069e-09
-5.089109173629134004e-09
-2.825671098973027314e-09
-3.698602360640254539e-09
-2.190245236825499032e-09
-1.465092914886167760e-09
-8.665686694164136417e-10
-4.259718747688376636e-10
7.266083172320091334e-11
-1.144332893629503266e-09
-9.862162645619666522e-10
-2.002899056976763357e-09
-2.125368900950121296e-09
-1.627082613948332181e-09
-1.410280791646976175e-09
-4.990902357774124562e-10
2.255071226705119175e-10
-2.086155591893485710e-10
-8.833604176829068869e-11
-1.000423984457667731e-09
-1.240336460583470072e-09
-1.059114365114790109e-09
-8.148004799365752924e-10
-1.073141430447345312e-10
2.379461637113461990e-10
-1.220243703376192065e-10
-2.686837231361617937e-10
-8.152410901311774710e-10
-7.158133587104967779e-10
-3.355727914496817729e-10
-4.830658500559370428e-11
1.402921294308692261e-10
-3.399370472731106745e-11
-4.821995679995676000e-10
-4.378960907044434624e-10
-3.196862368986700929e-10
9.092057195531513638e-11
1.623704117736907347e-10
-1.783263891858101974e-10
-4.086609485050362267e-10
-2.367284543749434641e-10
8.789874849779922094e-11
1.798578904541721457e-10
-2.271240292592988456e-10
-3.080968634266100318e-10
-5.272014057856047080e-12
1.665334821109580067e-10
-8.203165968693853225e-11
-2.285065019646113826e-10
-2.676874112474875150e-11
1.428549230317636917e-10
-8.568993489804346075e-11
-1.412348520047862440e-10
3.129425108771370955e-11
8.208357384957106402e-11
-1.102358838431481520e-10
-4.611637804230892588e-11
9.088522712857028522e-11
-3.518285955924346500e-11
-8.201202532167885206e-11
1.084404017696209601e-10
-5.177718679799285836e-11
-2.851969643490350439e-11
7.311185522752172543e-11
-4.252461349563657349e-11
3.669369543057932640e-12
5.180149029502407787e-11
-5.233017687362708182e-11
6.387793550530407976e-11
-2.434555070055157659e-11
2.105419270057144722e-11
2.114116801474153762e-11
-9.635607966294047259e-12
3.840213071695309580e-11
-1.467331712271022581e-11
3.695636735809811684e-11
-6.857695572407613962e-12
2.707602899992119521e-11
1.909610924334708193e-12
2.102344643512325646e-11
5.582154470602173667e-12
1.804617607698280879e-11
6.295262300337512804e-12
1.612490090210136531e-11
8.490586669127099816e-12
1.188167709851642800e-11
1.014523674627732721e-11
1.006693087805953459e-11
9.116927981875009526e-12
9.801754702124373690e-12
6.776346069024229611e-12
9.384930516514687146e-12
6.613487925216306860e-12
6.593069704455696142e-12
6.817866541692396438e-12
4.939539851605150934e-12
5.632367191879977236e-12
4.494597075337980607e-12
3.500242129680045383e-12
4.132792732239829811e-12
2.971007182611355584e-12
2.266354271466108299e-12
2.928412514431159643e-12
1.081719411995546674e-12
2.208102016827569255e-12
9.289762460328736920e-13
8.820400126019967141e-13
9.712561909988839865e-13
7.371664533023849549e-13
1.782306994353142689e-13
1.054889698939883620e-12
-2.081612546915987555e-13
1.108981017275403710e-12
2.040283533546415227e-13
7.557810036148634978e-13
7.819618672879275717e-13
1.142328436774034858e-12
8.553641453347713960e-13
1.817759372059775773e-12
1.040135919907331615e-12
2.292208176972579122e-12
1.648777331727794792e-12
2.352327733958810153e-12
2.237424585363884621e-12
2.683750131904877058e-12
2.351762253580707508e-12
3.042554949562378063e-12
2.327437990372438472e-12
3.154163684066570853e-12
2.424187052566640776e-12
2.854785894148488655e-12
2.427954102374365315e-12
2.652353061496684295e-12
2.137219711003886232e-12
2.501819459118457817e-12
1.795416766176163900e-12
2.319237529710334667e-12
1.668304436293733384e-12
2.042269145292453595e-12
1.674757967096198034e-12
1.990306186152509502e-12
1.678288495035731951e-12
2.127933556911964649e-12
1.745814666211680250e-12
2.312222807800603596e-12
1.950837153968218615e-12
2.389689011857401353e-12
2.138628388515739850e-12
2.448507604035219534e-12
2.159230453800255280e-12
2.451860051003319640e-12
2.050604060002489789e-12
2.361908774487831494e-12
1.953621776695007908e-12
2.202971673665890968e-12
1.905339504399703149e-12
2.138053682974189796e-12
1.909798682393858356e-12
2.199526736319081085e-12
1.970751033656903982e-12
2.301032869382429036e-12
2.066993741032342325e-12
2.326440237132636152e-12
2.099423125920720019e-12
2.277066749149619407e-12
2.039859761718954112e-12
2.207869792709466207e-12
1.971012842440134383e-12
2.186312450413888788e-12
1.995081590169708185e-12
2.218824028476419922e-12
2.070298814806711373e-12
2.255095795800608758e-12
2.091791842052300216e-12
2.234692055273547031e-12
2.041253746089755438e-12
2.188690337216794674e-12
2.022606993170662251e-12
2.189225740039491651e-12
2.068753862207251020e-12
2.221219359236458389e-12
2.093236234251546143e-12
2.207702363878985735e-12
2.057718748589020440e-12
2.177280900458979725e-12
2.056816252228389401e-12
2.193754902603616428e-12
2.093097284521858673e-12
2.199850042911090615e-12
2.082497777569370395e-12
2.171901215107003445e-12
2.070370578444262659e-12
2.184113379660764913e-12
2.095893542146888929e-12
2.187348832717501101e-12
2.085178872493017879e-12
2.165180920609779690e-12
2.089875441295633521e-12
2.180563624787827186e-12
2.099400368177428379e-12
2.168783197483011982e-12
2.088379163076908752e-12
2.170225861023528416e-12
2.104714814270252719e-12
2.167168895281624981e-12
2.095530525764903725e-12
2.163646380402780155e-12
2.106661863839812162e-12
2.164516775581779698e-12
2.099264200977133437e-12
2.161870575013282029e-12
2.109389591906866435e-12
2.158083026362970858e-12
2.105137517843809135e-12
2.160518347536246608e-12
2.109465477059280787e-12
2.154484783420273185e-12
2.111185392125780764e-12
2.156726353357197489e-12
2.109514204840637888e-12
2.154973672757311973e-12
2.113671611337935176e-12
2.151195841255142681e-12
2.115321079293891058e-12
2.151483028647359375e-12
2.114387264318003112e-12
2.151876339735365356e-12
2.115014567375558536e-12
2.150391599205655593e-12
2.116911728021098160e-12
2.148495760038507155e-12
2.118565592244429917e-12
2.147154586867689909e-12
2.119630806004450736e-12
2.146288242550652061e-12
2.120375089873015468e-12
2.145609197254270211e-12
2.121025008827023891e-12
2.144970308024408106e-12
2.121660828719627389e-12
2.144336779849017857e-12
2.122291078974347229e-12
2.143712846597056094e-12
2.122906863591930203e-12
2.143107874907536443e-12
2.123500159618080210e-12
2.142528023113775193e-12
2.124066609767000425e-12
2.141976145071353701e-12
2.124604539583204136e-12
2.141453038359728296e-12
2.125113797759871906e-12
2.140958397582011001e-12
2.125595019921471826e-12
2.140491363603149430e-12
2.126049226762104499e-12
2.140050814762143508e-12
2.126477613939415311e-12
2.139635518446692496e-12
2.126881442556914091e-12
2.139244210551999845e-12
2.127261981418820069e-12
2.138875637626329802e-12
2.127620476307491888e-12
2.138528579335176610e-12
2.127958133681828691e-12
2.138201860293231347e-12
2.128276112320818939e-12
2.137894355925097937e-12
2.128575519453556937e-12
2.137604994946358786e-12
2.128857409487051567e-12
2.137332759846006879e-12
2.129122784255898322e-12
2.137076686224348680e-12
2.129372594180181100e-12
2.136835861432829619e-12
2.129607739928317286e-12
2.136609422827706371e-12
2.129829074417464409e-12
2.136396555815154520e-12
2.130037404930282605e-12
2.136196491783464448e-12
2.130233495337097566e-12
2.136008506030083098e-12
2.130418068291608271e-12
2.135831915694219420e-12
2.130591807438905871e-12
2.135666077740229733e-12
2.130755359536040057e-12
2.135510387007146441e-12
2.130909336546240434e-12
2.135364274343130892e-12
2.131054317629277465e-12
2.135227204819356581e-12
2.131190851081113767e-12
2.135098676027765148e-12
2.131319456176264744e-12
2.134978216474501904e-12
2.131440624941508487e-12
2.134865384054725634e-12
2.131554823844611345e-12
2.134759764614851569e-12
2.131662495410684888e-12
2.134660970588878308e-12
2.131764059756341790e-12
2.134568639721547705e-12
2.131859916054652087e-12
2.134482433850973307e-12
2.131950443910196038e-12
2.134402037765818446e-12
2.132036004678663583e-12
2.134327158114997465e-12
2.132116942692504577e-12
2.134257522370894493e-12
2.132193586417795804e-12
2.134192877834033325e-12
2.132266249524115095e-12
2.134132990668955607e-12
2.132335231872630776e-12
2.134077644962229334e-12
2.132400820404853120e-12
