# bin_4_2
9.619736207474854776e-05
9.618951360828071240e-05
9.619729695630871902e-05
9.618964936567140657e-05
9.619723484354450048e-05
9.618978618674643829e-05
9.619717579002262165e-05
9.618992382481166296e-05
9.619711976612608086e-05
9.619006197272458555e-05
9.619706664225769876e-05
9.619020024178037709e-05
9.619701616856174301e-05
9.619033813690798529e-05
9.619696794985970834e-05
9.619047502690973356e-05
9.619692141543201638e-05
9.619061010948708667e-05
9.619687578280167867e-05
9.619074236978302297e-05
9.619683001456479489e-05
9.619087053163734823e-05
9.619678276720563940e-05
9.619099300059181373e-05
9.619673233112046727e-05
9.619110779748351930e-05
9.619667656044139030e-05
9.619121248165447835e-05
9.619661279202941203e-05
9.619130406272511334e-05
9.619653775232075293e-05
9.619137890013132355e-05
9.619644745164185838e-05
9.619143258978117680e-05
9.619633706536770813e-05
9.619145983771835973e-05
9.619620080207392815e-05
9.619145432109371349e-05
9.619603175948340161e-05
9.619140853784869337e-05
9.619582177015254616e-05
9.619131364741622704e-05
9.619556123968776352e-05
9.619115930635397109e-05
9.619523898270501379e-05
9.619093350482296073e-05
9.619484206310317277e-05
9.619062241183834949e-05
9.619435564824726939e-05
9.619021024024330437e-05
9.619376288928933037e-05
9.618967914517416353e-05
9.619304484306314686e-05
9.618900917303350464e-05
9.619218045403897619e-05
9.618817828085869832e-05
9.619114661762517349e-05
9.618716244841549732e-05
9.618991834760566681e-05
9.618593590596320373e-05
9.618846907038692434e-05
9.618447149912961514e-05
9.618677106517206957e-05
9.618274120663461110e-05
9.618479606122858647e-05
9.618071681580806290e-05
9.618251598898814464e-05
9.617837074244450226e-05
9.617990385921933768e-05
9.617567695461061992e-05
9.617693471280639101e-05
9.617261192324049965e-05
9.617358654186119831e-05
9.616915547620701629e-05
9.616984103327293903e-05
9.616529138040790512e-05
9.616568393276877515e-05
9.616100742491295536e-05
9.616110478058881739e-05
9.615629473967708771e-05
9.615609574465813845e-05
9.615114607778077992e-05
9.615064929517695659e-05
9.614555283855762895e-05
9.614475455260032620e-05
9.613950074281472154e-05
9.613839232668475036e-05
9.613296431325298139e-05
9.613152916479514429e-05
9.612590067121976718e-05
9.612411113640692464e-05
9.611824360731790183e-05
9.611605854429178242e-05
9.610989933399044104e-05
9.610726315024835690e-05
9.610074562245042432e-05
9.609758963517462792e-05
9.609063592966410826e-05
9.608688261959088639e-05
9.607940936649156437e-05
9.607497940463814896e-05
9.606690575511590022e-05
9.606172656760866347e-05
9.605298264308740437e-05
9.604699594711600566e-05
9.603752854075349736e-05
9.603069325219980063e-05
9.602046502785902633e-05
9.601275202547310511e-05
9.600173144030451505e-05
9.599310872957307519e-05
9.598125113106239863e-05
9.597166228313488848e-05
9.595888780841392151e-05
9.594823206143416618e-05
9.593441104129752262e-05
9.592253708443869832e-05
9.590749470607958340e-05
9.589421753664902721e-05
9.587776240045539329e-05
9.586290083459554233e-05
9.584486626342646881e-05
9.582828083814266286e-05
9.580855103702563510e-05
9.579015052608100950e-05
9.576864196408704116e-05
9.574833865014013531e-05
9.572493436537269176e-05
9.570256914269373446e-05
9.567705174602887457e-05
9.565235414313462935e-05
9.562440880759888863e-05
9.559704976751237648e-05
9.556635951182261438e-05
9.553606608355696300e-05
9.550241049700542784e-05
9.546901049025817475e-05
9.543222945257971582e-05
9.539553278176466007e-05
9.535535741352414881e-05
9.531499767275340078e-05
9.527097289646060604e-05
9.522645957306842947e-05
9.517812243421554621e-05
9.512907672392601692e-05
9.507613514362623882e-05
9.502230345512330625e-05
9.496444848891723561e-05
9.490539156174782889e-05
9.484203599154622099e-05
9.477709327788593483e-05
9.470761917631383110e-05
9.463630518903872022e-05
9.456033606219501546e-05
9.448225860536976512e-05
9.439923833232340188e-05
9.431364438771456420e-05
9.422274266027479627e-05
9.412891484659395135e-05
9.402959619143719217e-05
9.392704784479675214e-05
9.381864620642440503e-05
9.370646519083897501e-05
9.358800973085601264e-05
9.346541796466712230e-05
9.333631411805219593e-05
9.320261883016493353e-05
9.306187568721587780e-05
9.291597818217905611e-05
9.276271884604587060e-05
9.260393737239260481e-05
9.243729581052284204e-05
9.226446636051820606e-05
9.208335224697992202e-05
9.189568501225103803e-05
9.169925061020856060e-05
9.149556882407560094e-05
9.128267881405799442e-05
9.106216685711234523e-05
9.083190942486642542e-05
9.059336918883783109e-05
9.034474319593608163e-05
9.008740117982389211e-05
8.981937556229170313e-05
8.954218368606210612e-05
8.925403181351259524e-05
8.895614451757739600e-05
8.864693615907851183e-05
8.832773918822615521e-05
8.799680386645667893e-05
8.765560743914932787e-05
8.730254520637390197e-05
8.693889826988439209e-05
8.656338182087169094e-05
8.617717185702223671e-05
8.577909337611422044e-05
8.537045571530010868e-05
8.495006715469808061e-05
8.451941660417691866e-05
8.407735196036337556e-05
8.362547654833098838e-05
8.316276750005496615e-05
8.269089461752083376e-05
8.220901127792726673e-05
8.171884566731260418e-05
8.121973870834795980e-05
8.071348629258341559e-05
8.019961248355456519e-05
7.967998927442064940e-05
7.915431261829005479e-05
7.862453026985162681e-05
7.809049249282220553e-05
7.755421089300578677e-05
7.701566374905338078e-05
7.647690149635041998e-05
7.593799272234980091e-05
7.540098729271938372e-05
7.486599291941763439e-05
7.433500430857736536e-05
7.380810268227599384e-05
7.328715802814287673e-05
7.277214572237535625e-05
7.226472848584998337e-05
7.176468572729043365e-05
7.127338188058555100e-05
7.079030547005314732e-05
7.031643093932096657e-05
6.985086579844537887e-05
6.939411369185365423e-05
6.894482926242926930e-05
6.850299083699222264e-05
6.806676365915069460e-05
6.763559090658376736e-05
6.720716640566544691e-05
6.678045235149134180e-05
6.635276212178530832e-05
6.592271159400797166e-05
6.548741077656997707e-05
6.504535256722286478e-05
6.459370824889499349e-05
6.413115264894545854e-05
6.365525303075419928e-05
6.316522306779315526e-05
6.265938781323933751e-05
6.213785162071789301e-05
6.160001511007793607e-05
6.104713610568610212e-05
6.047987035864571136e-05
5.990070277911370466e-05
5.931148558713242926e-05
5.871572326078400289e-05
5.811609333736435782e-05
5.751658560312036041e-05
5.692001386358205953e-05
5.633003810145962746e-05
5.574870783830336086e-05
5.517842978644092592e-05
5.461961575694365700e-05
5.407268465990875729e-05
5.353590359416124741e-05
5.300751257237139064e-05
5.248382626900244963e-05
5.196152424901073172e-05
5.143601000730060494e-05
5.090381558824628902e-05
5.036110480578425769e-05
4.980602724560809018e-05
4.923715143415575914e-05
4.865553474080550343e-05
4.806285753053583993e-05
4.746303199370738914e-05
4.685994592342935410e-05
4.625864847515628707e-05
4.566288393434973130e-05
4.507618111037690591e-05
4.449960763966223518e-05
4.393323755434478756e-05
4.337454425464885112e-05
4.282051292822138786e-05
4.226669253237835876e-05
4.170968947593790756e-05
4.114634570839315503e-05
4.057591716280160821e-05
3.999867417305230324e-05
3.941725117588837574e-05
3.883449930261369400e-05
3.825425607456713295e-05
3.767904835483286321e-05
3.711104902187749050e-05
3.655030924633043474e-05
3.599629169144501759e-05
3.544665946047508438e-05
3.489917062481490129e-05
3.435077857770901945e-05
3.379977780937905128e-05
3.324516152997994796e-05
3.268869882141299120e-05
3.213359864345101917e-05
3.158498085969171432e-05
3.104649039701661516e-05
3.051935507781296778e-05
2.999975472546754216e-05
2.948139355352587292e-05
2.895792118850569176e-05
2.842874876679731328e-05
2.789951272970893204e-05
2.738020145208262785e-05
2.687675010464131507e-05
2.638665127179481260e-05
2.589893004509854376e-05
2.540438819847318648e-05
2.490372828105996876e-05
2.440913306339086841e-05
2.393173423155255274e-05
2.347054461109741741e-05
2.301183153011963269e-05
2.254567554833175380e-05
2.207756576071064165e-05
2.162303775758597058e-05
2.118649312391476263e-05
2.075598603887053256e-05
2.031971948750409355e-05
1.988469364513083026e-05
1.946465558391017214e-05
1.905850224907617679e-05
1.865231547481660936e-05
1.824543265911031316e-05
1.784999155225304945e-05
1.746757550133493230e-05
1.708677094720954684e-05
1.670885730303456915e-05
1.634287145413563692e-05
1.598499713561882675e-05
1.562883863179043614e-05
1.528201225534571190e-05
1.494450784400613580e-05
1.460992895132503975e-05
1.428360199491632549e-05
1.396690827173220163e-05
1.365270643017492881e-05
1.334788643219328577e-05
1.305100642914594165e-05
1.275746491752743295e-05
1.247407842337734969e-05
1.219623864619336578e-05
1.192362251105603514e-05
1.166112658512537805e-05
1.140105711621887402e-05
1.115087155726132352e-05
1.090522369405835123e-05
1.066622499033261275e-05
1.043444880206708606e-05
1.020694905700858132e-05
9.987850816926787035e-06
9.772380357943545178e-06
9.564696666733616572e-06
9.361219821430381732e-06
9.164442441947324175e-06
8.972484073027611789e-06
8.786364380048517435e-06
8.605003745659327183e-06
8.429309272916187773e-06
8.258056178444128846e-06
8.092078521677908742e-06
7.930477251743623234e-06
7.773637341246100580e-06
7.621277364904252388e-06
7.473169506807824643e-06
7.329110506095415347e-06
7.189346602105177981e-06
7.053181483790051702e-06
6.921028419093835327e-06
6.792286396457991090e-06
6.667159208555002806e-06
6.545546931454525015e-06
6.426997013741399160e-06
6.311570897594386360e-06
6.199299229896557845e-06
6.089656308537938572e-06
5.982979993337533198e-06
5.878755793563000340e-06
5.777152724639078273e-06
5.678157080272358640e-06
5.581243872467622258e-06
5.486641395243372509e-06
5.394250603227467127e-06
5.303660484709741561e-06
5.215248554019161797e-06
5.128504989356213244e-06
5.043570758102605648e-06
4.960543308697111673e-06
4.878884491964306944e-06
4.798865914207250895e-06
4.720347265974445520e-06
4.643050140467560109e-06
4.567351698946853667e-06
4.492724445760326250e-06
4.419332955332596367e-06
4.347348063334200491e-06
4.276238958797982011e-06
4.206274921889603812e-06
4.137321470388314133e-06
4.069243015693109074e-06
4.002335577452273646e-06
3.936056127684227373e-06
3.870681728526043727e-06
3.806361862268609848e-06
3.742567717914759225e-06
3.679627983447087141e-06
3.617373225518371509e-06
3.555768143039209224e-06
3.495075045755599346e-06
3.434730275017896262e-06
3.375119945828027562e-06
3.316324470382066018e-06
3.257824996752753948e-06
3.200067540148634864e-06
3.142793846966694690e-06
3.085991664887818869e-06
3.029985008383913911e-06
2.974183277952299287e-06
2.918997853906055123e-06
2.864476469014464716e-06
2.810152515327219857e-06
2.756536840726517110e-06
2.703297503183653222e-06
2.650443909627945335e-06
2.598373463229710632e-06
2.546470674907952213e-06
2.495116497454101632e-06
2.444365562633551063e-06
2.393844363494221647e-06
2.343999571841590500e-06
2.294478187657883691e-06
2.245373702538732255e-06
2.197042081017491194e-06
2.148872084931806374e-06
2.101272480044912458e-06
2.054242889757368370e-06
2.007521164315431211e-06
1.961471354291236439e-06
1.915751442135351817e-06
1.870531138455142997e-06
1.826074904350708268e-06
1.781804014370134746e-06
1.738189305082190567e-06
1.695132222519881373e-06
1.652429163723393734e-06
1.610447025369176854e-06
1.568824697477175409e-06
1.527745930239231921e-06
1.487431317242334576e-06
1.447360817972490978e-06
1.408006828648724430e-06
1.369210765981761940e-06
1.330820585774850341e-06
1.293210206275860767e-06
1.256000986479175115e-06
1.219355951131121876e-06
1.183485669843678886e-06
1.147952628619571735e-06
1.113148114729451248e-06
1.078907642647830426e-06
1.045157538448956141e-06
1.012198898263765898e-06
9.796719235517608861e-07
9.477480489775100740e-07
9.165899548457487618e-07
8.858489152970201923e-07
8.558305770285402290e-07
8.263744863574016624e-07
7.974763935219820517e-07
7.693395241936451778e-07
7.416441228021220820e-07
7.145882878895947398e-07
6.882475954438424021e-07
6.623493307979028161e-07
6.371622647439627254e-07
6.125194925766572165e-07
5.884418538703831496e-07
5.650817117797992185e-07
5.421685260515028228e-07
5.198995157597576677e-07
4.982870652849593977e-07
4.771285750537657908e-07
4.566615840367364439e-07
4.367219220173893676e-07
4.173232613891871857e-07
3.985969523578888277e-07
3.803198024601832891e-07
3.626419803737742579e-07
3.455497518931171154e-07
3.289091250410939101e-07
3.128862090477567272e-07
2.973467280807555272e-07
2.823044635794908377e-07
2.678561265760538662e-07
2.538328462351252730e-07
2.403431999186548810e-07
2.273601065471622998e-07
2.148147619088443972e-07
2.027962836697744211e-07
1.912096096722987198e-07
1.800743361456456241e-07
1.694433949686412992e-07
1.591912761140635291e-07
1.493996222200826447e-07
1.400335347586511461e-07
1.310565466000200885e-07
1.225198213831544806e-07
1.143514923400283542e-07
1.065757094943637560e-07
9.921587946947614152e-08
9.217627241329993115e-08
8.552101189299091894e-08
7.920977296392264629e-08
7.321562835363422970e-08
6.757862108407686170e-08
6.223733924239088118e-08
5.721622285695826649e-08
5.253629246216687339e-08
4.813601501117741023e-08
4.408008326495703274e-08
4.035181541962443685e-08
3.695649611003698093e-08
3.395568040122866809e-08
3.132203657795224449e-08
2.910440342762409357e-08
2.734066320105635426e-08
2.597611980621683366e-08
2.500917212124131926e-08
2.432361519116886068e-08
2.377284145898304292e-08
2.319782988623154632e-08
2.234406640123275993e-08
2.105305628950764049e-08
1.920118292689529926e-08
1.667428644789622206e-08
1.351261415909470713e-08
9.784566232819625247e-09
5.664940879474992884e-09
1.396841441723630065e-09
-2.828230755343352763e-09
-6.753045681336192975e-09
-1.020238728977033712e-08
-1.310825910109345388e-08
-1.538707500200421709e-08
-1.707951902582002620e-08
-1.823674920362660059e-08
-1.891895985883596661e-08
-1.926468221310956737e-08
-1.931033743616410201e-08
-1.911883346762096340e-08
-1.877905874924716338e-08
-1.829478866835675146e-08
-1.774043977087146002e-08
-1.714105168428285636e-08
-1.648574895100428468e-08
-1.583396271154655567e-08
-1.515681174317259685e-08
-1.447313258803254698e-08
-1.382223469734862474e-08
-1.317091246149331429e-08
-1.254394024573480994e-08
-1.192685220669498223e-08
-1.129915601687999606e-08
-1.071703908006024406e-08
-1.014534437935255758e-08
-9.587016880926204891e-09
-9.058675469450354896e-09
-8.533582363195236973e-09
-8.043916093393667929e-09
-7.578207488883329561e-09
-7.120026512160073224e-09
-6.718817538912238023e-09
-6.326932776729847085e-09
-5.946336714522243132e-09
-5.589987539957941432e-09
-5.235168807426367421e-09
-4.925306608771158079e-09
-4.635483515529306098e-09
-4.340061279738459881e-09
-4.075694712559629039e-09
-3.812829575816145014e-09
-3.576526168183553099e-09
-3.373233130104010133e-09
-3.151876242507562332e-09
-2.945098224759769738e-09
-2.759309575332794537e-09
-2.577457414595783793e-09
-2.416888891331396551e-09
-2.247998549488305293e-09
-2.109344630716528894e-09
-1.995150162663202664e-09
-1.852546350834541540e-09
-1.734489108829556845e-09
-1.634071507355457496e-09
-1.531083295294573436e-09
-1.436774391613301123e-09
-1.346699382939613204e-09
-1.262574823942354877e-09
-1.188242733417553141e-09
-1.114178150112263715e-09
-1.060077112298146045e-09
-9.807941766562436488e-10
-9.220984056013885108e-10
-8.829769377654927589e-10
-8.161073586335372433e-10
-7.650670231499733459e-10
-7.113152270541231480e-10
-6.525620598788549984e-10
-6.042519273459165294e-10
-5.700771365380310072e-10
-5.085177854682484105e-10
-4.783047486621582545e-10
-4.386738401084210339e-10
-4.077025550777949987e-10
-3.840368256792151345e-10
-3.553118056835978913e-10
-3.416645623229247675e-10
-3.086431189425042564e-10
-3.040371095829331214e-10
-2.792161692263138739e-10
-2.641562598908529316e-10
-2.501046864169578344e-10
-2.310962296668165512e-10
-2.170387430837152395e-10
-2.013177217332200088e-10
-1.916593941505871573e-10
-1.668380715323849391e-10
-1.667963238222330502e-10
-1.494933041990333166e-10
-1.357179725886584719e-10
-1.357453292465169685e-10
-1.135118344817877835e-10
-1.153467693968366131e-10
-1.046742090981285188e-10
-9.411041998114168636e-11
-9.243632781758203344e-11
-8.203174704770982004e-11
-8.031523720189462224e-11
-7.223887387373042412e-11
-6.991733349065791720e-11
-6.386781875116618013e-11
-5.890015949846279129e-11
-5.885386966729524652e-11
-4.860778464591629309e-11
-4.867261579217975962e-11
-4.388698177829616922e-11
-3.924266710380709552e-11
-3.869299486413475838e-11
-3.312925217786100293e-11
-3.238640949307963498e-11
-2.981869211800814647e-11
-2.782503448421054908e-11
-2.583634547552402789e-11
-2.361404887603604219e-11
-2.329897414991294934e-11
-1.971434436155796314e-11
-1.989535197890641534e-11
-1.760074762428540354e-11
-1.550338232501756936e-11
-1.645118113537704342e-11
-1.357229124649969399e-11
-1.395269544267062836e-11
-1.350130531421094441e-11
-1.092841423829859028e-11
-1.251599806259146533e-11
-1.023326443430678486e-11
-9.376916036328393708e-12
-9.907860112403542800e-12
-8.107436103229921992e-12
-8.384955166704161501e-12
-7.504316230472271017e-12
-6.673789607124865833e-12
-6.634306528368557582e-12
-5.745843728131442671e-12
-5.244188803819660572e-12
-4.763518590866091015e-12
-4.518024734867232014e-12
-4.215181852090195819e-12
-3.569171991483007293e-12
-3.760268112794436122e-12
-3.076436905714529191e-12
-3.303902271027776299e-12
-3.026020333900012491e-12
-2.481632728543290512e-12
-3.015017698518331404e-12
-2.418863518578058985e-12
-2.297975802725301491e-12
-2.411649879115982123e-12
-1.715882990824950279e-12
-2.107018318342820426e-12
-1.648670625110051816e-12
-1.263634155347941886e-12
-1.713190431994423717e-12
-1.107595454584767134e-12
-1.177192335138578976e-12
-1.310877790462073491e-12
-7.947721745165358517e-13
-1.229071860166995443e-12
-9.509171157208780304e-13
-7.010855803183890148e-13
-1.084672500760042962e-12
-6.072516536785463049e-13
-7.401539240310848123e-13
-7.254077785103949439e-13
-4.281514783266921629e-13
-6.856370809792165155e-13
-4.685709047094341791e-13
-3.933869606861953865e-13
-5.638340897335560470e-13
-3.263269135354161816e-13
-4.278788324089788639e-13
-3.951549497469031469e-13
-2.571245698841075146e-13
-3.825804264406786872e-13
-2.584441246891107156e-13
-2.218161729201625398e-13
-2.982799091041478929e-13
-1.749338109049412457e-13
-2.287472709597355070e-13
-2.162720598386839065e-13
-1.371938008002274861e-13
-2.103679218758791351e-13
-1.301909440044977242e-13
-1.320078605314769898e-13
-1.526979768703680652e-13
-9.777868880860067622e-14
-1.211248868483493571e-13
-1.110399261010349951e-13
-7.493518249886780170e-14
-1.047548214416614782e-13
-6.849731518967836938e-14
-7.406179977470783177e-14
-7.387536772594934049e-14
-5.202624575970201968e-14
-5.844333358813786145e-14
-5.555393804918821477e-14
-4.163526814507201249e-14
-4.822321778168370675e-14
-3.217284576560843080e-14
-3.761222140540161557e-14
-3.287537174892677965e-14
-2.650974861040063243e-14
-2.460927455089221273e-14
-2.493896062792236279e-14
-1.994245995248249344e-14
-1.860248646090074161e-14
-1.436848047756558653e-14
-1.523145159775192858e-14
-1.067516780636395773e-14
-1.218191054731763141e-14
-7.237133917928305526e-15
-7.582093338568996358e-15
-7.788908176246328561e-15
-3.553587494412767882e-15
-3.414152381126293827e-15
-3.680071116181679377e-15
-3.034085860155818883e-16
-2.847551677162464551e-15
1.888681412531521992e-15
-1.759477871406991588e-16
4.356306192680015964e-16
3.176284481632356734e-15
1.760593461781484234e-15
3.140226959699738935e-15
3.746740253706054897e-15
2.538338292769500185e-15
5.285416734242418614e-15
4.165516989249664340e-15
3.639787088135224778e-15
5.989460692808590136e-15
4.421406550518705256e-15
5.258426213072032256e-15
5.846808588985966934e-15
4.051220032665201655e-15
6.770021962875749784e-15
4.938394346587735780e-15
5.073581879706456530e-15
6.153170137012988171e-15
4.941839164039410391e-15
5.523421555352300393e-15
5.615660009796074152e-15
4.304628582409310732e-15
6.012512338856639130e-15
4.576797307291832852e-15
4.615895148009098101e-15
5.170544626092678609e-15
4.115389678044846961e-15
4.543570764936410367e-15
4.378577828822496359e-15
3.408736446708930774e-15
4.445161960929713082e-15
3.340210455044704169e-15
3.379885364059424013e-15
3.521657634971222895e-15
2.802114811686116832e-15
3.023798952086192895e-15
2.810671058771879433e-15
2.146606036624440827e-15
2.765461682076823326e-15
1.978746245805818203e-15
2.066463875418241183e-15
2.034033570367338000e-15
1.629821597680896883e-15
1.770086129178011119e-15
1.633970940833970765e-15
1.260759490432176355e-15
1.679464654423350399e-15
1.218893676505701473e-15
1.375650727577530281e-15
1.368380777011612880e-15
1.218323611251324483e-15
1.388162995735683508e-15
1.374231130645148041e-15
1.246795421054793117e-15
1.585567100523893745e-15
1.383243097826416250e-15
1.588619857388279342e-15
1.635764135667865049e-15
1.635554779373826717e-15
1.806298833374312684e-15
1.843787567819131681e-15
1.817379389266913604e-15
2.047510330345984487e-15
1.936750353597535572e-15
2.075356962417958878e-15
2.071877769157409445e-15
2.054156709315020672e-15
2.117024508015863964e-15
2.084987116420115005e-15
2.014795335841348528e-15
2.085815293069013357e-15
1.951024205758131944e-15
1.978806279754556364e-15
1.908236248772768208e-15
1.854153875901170694e-15
1.852387007102348488e-15
1.807790458759930430e-15
1.760107346821971491e-15
1.807829048528572667e-15
1.746722129470579791e-15
1.803295623577178458e-15
1.799754170693660132e-15
1.820150260596552154e-15
1.867271832810528916e-15
1.886461916067346890e-15
1.896082812208484463e-15
1.947637116970729905e-15
1.919513622659076211e-15
1.950552165296464299e-15
1.925125396075114297e-15
1.909164339695117145e-15
1.898464341134953212e-15
1.873036876891727038e-15
1.847123827344394847e-15
1.853923156726273176e-15
1.827962320010866365e-15
1.852347182564187175e-15
1.852083853900306213e-15
1.869857453766860957e-15
1.889583466069874062e-15
1.899949419969162781e-15
1.900582871869669851e-15
1.908675674905699246e-15
1.886155412609758067e-15
1.885968245461441896e-15
1.865132363580782399e-15
1.860089628825167879e-15
1.860151408986235448e-15
1.866126678993090860e-15
1.873201097266315288e-15
1.889754246377404010e-15
1.887464349726685840e-15
1.895133367487119752e-15
1.882460188676652887e-15
1.876044946175214515e-15
1.868639168507885454e-15
1.867993052999079213e-15
1.870449846814887597e-15
1.882108247411210598e-15
1.882870975574734461e-15
1.888908735441885950e-15
1.879780207908469328e-15
1.875356107634040167e-15
1.870861689786125890e-15
1.873689214096560623e-15
1.877767087645813714e-15
1.884763776623927754e-15
1.881068048171402250e-15
1.879954892318503632e-15
1.872747706245247241e-15
1.874677861432064477e-15
1.878016706005945464e-15
1.882281298880538980e-15
1.880151723409483731e-15
1.877636112417729881e-15
1.873588169197724194e-15
1.878283835980316977e-15
1.879746230505395685e-15
1.880618092184523210e-15
1.876616347749102926e-15
1.876025253919940857e-15
1.877924625243830900e-15
1.880787534483274797e-15
1.877653304723904844e-15
1.876917838837651057e-15
1.877183143057247884e-15
1.879995148711543096e-15
1.878165012322214831e-15
1.876815776326644707e-15
1.877908220251515781e-15
1.879635641003474366e-15
1.877224453597617661e-15
1.877603252642965052e-15
1.878622678832912689e-15
1.878520879109002752e-15
1.877108449953165061e-15
1.878585240314024712e-15
1.878374614262436499e-15
1.877528496575662722e-15
1.878252603235503563e-15
1.878482037512281514e-15
1.877414547732842789e-15
1.878609722038843375e-15
1.877932229667432533e-15
1.877884937358888912e-15
1.878460790557843792e-15
1.877715382829070283e-15
1.878327149242836724e-15
1.878000470301950377e-15
1.878031567090187532e-15
1.878224322114845358e-15
1.877903722097364729e-15
1.878268267051326255e-15
1.877917671309882213e-15
1.878222164404634037e-15
1.877976789649290965e-15
1.878161938987767785e-15
1.878032127177325007e-15
1.878113830694486087e-15
1.878072874616565520e-15
1.878079746944068013e-15
1.878101434882591491e-15
1.878055727194915906e-15
1.878121900540571166e-15
1.878038161750806551e-15
1.878137220765249404e-15
1.878024738233095569e-15
1.878149171631409427e-15
1.878014104476491760e-15
1.878158783372392160e-15
1.878005471462258556e-15
1.878166667158788585e-15
1.877998360413577730e-15
1.878173204369055758e-15
1.877992463696858901e-15
1.878178647959019947e-15
1.877987571099839357e-15
1.878183176225703185e-15
1.877983530410457695e-15
1.878186921929545115e-15
1.877980225727186338e-15
1.878189988598439367e-15
1.877977565090780775e-15
1.878192460047810697e-15
1.877975473090193608e-15
1.878194406160227286e-15
1.877973886302956543e-15
1.878195886541356488e-15
1.877972750342353724e-15
1.878196952940174709e-15
1.877972017887007327e-15
1.878197650888697228e-15
1.877971647298490337e-15
1.878198020868652995e-15
1.877971601646749637e-15
1.878198099166030428e-15
1.877971847973806512e-15
1.878197918515079797e-15
1.877972356741940163e-15
1.878197508594150554e-15
1.877973101395174919e-15
1.878196896426736789e-15
1.877974058015061173e-15
1.878196106696669750e-15
1.877975205036576201e-15
1.878195162024176963e-15
1.877976523007385901e-15
1.878194083186869780e-15
1.877977994391415668e-15
1.878192889312492860e-15
1.877979603394716446e-15
1.878191598046430109e-15
1.877981335814449142e-15
1.878190225697572950e-15
1.877983178908211003e-15
1.878188787364404353e-15
1.877985121271320015e-15
1.878187297048322256e-15
1.877987152733184220e-15
1.878185767747351901e-15
1.877989264251287093e-15
1.878184211545083591e-15
1.877991447823382986e-15
1.878182639680562609e-15
1.877993696392907969e-15
1.878181062608245411e-15
1.877996003761134650e-15
1.878179490045684686e-15
1.877998364500482670e-15
1.878177931008276314e-15
1.878000773861413395e-15
1.878176393827975489e-15
1.878003227674690839e-15
1.878174886158236954e-15
1.878005722248398240e-15
1.878173414957373195e-15
1.878008254250843884e-15
1.878171986456095577e-15
1.878010820578265584e-15
1.878170606095646345e-15
1.878013418204066737e-15
