# bin_4_3
7.354192732037619085e-02
7.349043835910359923e-02
7.354024998217321973e-02
7.349188282167788688e-02
7.353865643905019289e-02
7.349322635949390170e-02
7.353714020609875002e-02
7.349447306479058029e-02
7.353569497540990429e-02
7.349562659059361014e-02
7.353431458116473085e-02
7.349669014922513566e-02
7.353299296328925927e-02
7.349766650713307481e-02
7.353172412928481172e-02
7.349855797583913775e-02
7.353050211363332256e-02
7.349936639862646170e-02
7.352932093445437023e-02
7.350009313253162702e-02
7.352817454685653398e-02
7.350073902515347202e-02
7.352705679230032987e-02
7.350130438588803328e-02
7.352596134355963986e-02
7.350178895096447229e-02
7.352488164447408547e-02
7.350219184175696419e-02
7.352381084401501954e-02
7.350251151584227816e-02
7.352274172396963681e-02
7.350274571025199044e-02
7.352166661969847250e-02
7.350289137650402316e-02
7.352057733347965029e-02
7.350294460701367605e-02
7.351946504022555118e-02
7.350290055280189749e-02
7.351832018533530078e-02
7.350275333261373223e-02
7.351713237511717236e-02
7.350249593392668701e-02
7.351589026033671093e-02
7.350212010695546250e-02
7.351458141426836512e-02
7.350161625320726644e-02
7.351319220723594172e-02
7.350097331120973576e-02
7.351170768049050674e-02
7.350017864268465484e-02
7.351011142337482429e-02
7.349921792371590101e-02
7.350838545873493446e-02
7.349807504645827771e-02
7.350651014256920357e-02
7.349673203795481502e-02
7.350446408500177498e-02
7.349516900341306058e-02
7.350222410001777673e-02
7.349336410150152099e-02
7.349976519128302577e-02
7.349129355854366885e-02
7.349706058008731446e-02
7.348893172630290016e-02
7.349408177827920774e-02
7.348625118399965128e-02
7.349079870376214185e-02
7.348322287833054800e-02
7.348717982776735436e-02
7.347981628526147058e-02
7.348319233122783956e-02
7.347599956370327867e-02
7.347880223226843643e-02
7.347173965417354291e-02
7.347397442833154824e-02
7.346700225618786606e-02
7.346867257690344044e-02
7.346175159905664331e-02
7.346285872143587525e-02
7.345594990655027190e-02
7.345649255951440526e-02
7.344955645316664228e-02
7.344953025686005998e-02
7.344252612780327594e-02
7.344192274289867983e-02
7.343480746948430338e-02
7.343361349144686412e-02
7.342634022845616337e-02
7.342453590036135402e-02
7.341705263707389018e-02
7.341461053366403477e-02
7.340685873865576694e-02
7.340374265968613310e-02
7.339565628756504478e-02
7.339182066438358631e-02
7.338332584162779448e-02
7.337871596718650857e-02
7.336973163232904382e-02
7.336428492209913499e-02
7.335472452096869489e-02
7.334837275847773397e-02
7.333814676051167436e-02
7.333081887217855754e-02
7.331983740872638489e-02
7.331146182362879848e-02
7.329963628361853278e-02
7.329014155480886861e-02
7.327738375714439034e-02
7.326669615208927788e-02
7.325291407422945822e-02
7.324095159761337404e-02
7.322604182363855185e-02
7.321270572605935445e-02
7.319654467802444442e-02
7.318171152768473964e-02
7.316414940709602133e-02
7.314766813547662894e-02
7.312852988815302102e-02
7.311022725577147330e-02
7.308932226095826712e-02
7.306901585501812679e-02
7.304615224916079230e-02
7.302366357625417193e-02
7.299865697069921056e-02
7.297381298205717071e-02
7.294647870159474967e-02
7.291909446522780447e-02
7.288922246774323654e-02
7.285907272846610383e-02
7.282640201471354824e-02
7.279320554186255454e-02
7.275742423130564240e-02
7.272086219498033466e-02
7.268164146849878660e-02
7.264139853565662608e-02
7.259842784610934241e-02
7.255420758102795742e-02
7.250718033321056077e-02
7.245866068802253590e-02
7.240721123501539513e-02
7.235398550815416718e-02
7.229765985988255428e-02
7.223925507603724816e-02
7.217757561510218522e-02
7.211353844816344172e-02
7.204606898091392431e-02
7.197597027882299270e-02
7.190224679699362687e-02
7.182556730759205588e-02
7.174500202211860078e-02
7.166111951362530430e-02
7.157309211737433730e-02
7.148142751066467737e-02
7.138538596992687058e-02
7.128537453442353178e-02
7.118068205798204484e-02
7.107160862991233896e-02
7.095751125818658411e-02
7.083865852687014353e-02
7.071449723608304316e-02
7.058522113475036719e-02
7.045028003445136244e-02
7.030977387601806960e-02
7.016322194362810405e-02
7.001072823805647161e-02
6.985187653593107060e-02
6.968667719247785552e-02
6.951470426891126486e-02
6.933595027403938182e-02
6.915010052321172995e-02
6.895712612112075979e-02
6.875668519840848203e-02
6.854869231783265737e-02
6.833291656082911281e-02
6.810930623500258130e-02
6.787761240197359713e-02
6.763772508763482572e-02
6.738951680841370750e-02
6.713292939884195343e-02
6.686780848820758627e-02
6.659408631783639287e-02
6.631176407611348578e-02
6.602078436479928703e-02
6.572113145243418941e-02
6.541285542501988626e-02
6.509605379667209035e-02
6.477073115013236293e-02
6.443711666776477665e-02
6.409532456038059822e-02
6.374558430085659755e-02
6.338814016437112342e-02
6.302333933353139461e-02
6.265143593392810684e-02
6.227296080091195701e-02
6.188821334374564054e-02
6.149782942787721668e-02
6.110223920521061503e-02
6.070213108274430391e-02
6.029807544373714384e-02
5.989082191756524287e-02
5.948104286258090040e-02
5.906956260997549280e-02
5.865711527335317615e-02
5.824458893967913997e-02
5.783274437978751931e-02
5.742249956917772069e-02
5.701460299714447566e-02
5.660995272598524919e-02
5.620923560032194816e-02
5.581326803754867866e-02
5.542261409459556254e-02
5.503793746337031639e-02
5.465960888409179819e-02
5.428806261877246880e-02
5.392340153234169431e-02
5.356575447859428935e-02
5.321488624932794315e-02
5.287055466990202290e-02
5.253213223754810840e-02
5.219896344561845286e-02
5.187000482925678557e-02
5.154418413463932730e-02
5.122006519879112457e-02
5.089621087530093319e-02
5.057087822413715295e-02
5.024238628115076238e-02
4.990884495516621777e-02
4.956852642847347362e-02
4.921962756934076394e-02
4.886063974045796315e-02
4.849013931234069652e-02
4.810714506456926359e-02
4.771092493064423012e-02
4.730132379894271683e-02
4.687856816658184794e-02
4.644354174278388092e-02
4.599756553568143391e-02
4.554259706932202445e-02
4.508096486051798440e-02
4.461547286041390309e-02
4.414907887963731570e-02
4.368490224286702278e-02
4.322585773701865391e-02
4.277459207687300119e-02
4.233311669390499299e-02
4.190273266461595064e-02
4.148373856996782211e-02
4.107543129747773941e-02
4.067598238953540335e-02
4.028260324587472352e-02
3.989166261908837913e-02
3.949905776347511360e-02
3.910057010703095470e-02
3.869238116894249679e-02
3.827153985931033148e-02
3.783643007303513078e-02
3.738710137431364156e-02
3.692540788567558879e-02
3.645492814145436661e-02
3.598055590168251772e-02
3.550790091614586252e-02
3.504238637614937035e-02
3.458838541144860362e-02
3.414828546755459271e-02
3.372198880280481009e-02
3.330664944943977773e-02
3.289718200572327306e-02
3.248708242798535595e-02
3.206995572146150580e-02
3.164091372087425580e-02
3.119808866506705580e-02
3.074318994398158797e-02
3.028150774606537879e-02
2.982048746314090379e-02
2.936789654624651080e-02
2.892923386974010497e-02
2.850605204029612455e-02
2.809497078918814575e-02
2.768887569336518639e-02
2.727913597949880448e-02
2.685921805295769793e-02
2.642724236380188454e-02
2.598738852513144543e-02
2.554808372252908785e-02
2.511863921692576371e-02
2.470446215144967914e-02
2.430450997866927601e-02
2.391128926629207049e-02
2.351520937181038329e-02
2.310980407169950859e-02
2.269622622055131669e-02
2.228243738218367576e-02
2.187857895172106576e-02
2.148967371638875121e-02
2.111238661286918977e-02
2.073706867863735204e-02
2.035578011483667182e-02
1.996846194434581667e-02
1.958354822671509732e-02
1.921010061528971580e-02
1.884997183927732828e-02
1.849573768085635214e-02
1.813886147123992473e-02
1.777823425167339780e-02
1.742174600117485719e-02
1.707671687876667968e-02
1.674197600456736254e-02
1.640929618095665274e-02
1.607471458189357882e-02
1.574300981914299180e-02
1.542125598230573331e-02
1.510836902122655867e-02
1.479798136562699915e-02
1.448799195218992454e-02
1.418397302287974053e-02
1.388904564065000791e-02
1.359963716634748562e-02
1.331184147542770896e-02
1.302885667597508158e-02
1.275387249796236175e-02
1.248476614085166497e-02
1.221834052386766567e-02
1.195735706886803112e-02
1.170361542329829453e-02
1.145478648434735888e-02
1.120941494858593984e-02
1.097069694628222819e-02
1.073786808095820479e-02
1.050896424339393259e-02
1.028531104005396719e-02
1.006827788145691488e-02
9.854829245452372682e-03
9.646686915636188200e-03
9.444562434064178794e-03
9.246334396319293505e-03
9.052988145480413834e-03
8.865978874160363940e-03
8.681322764976679221e-03
8.503936350933643390e-03
8.329220799446325138e-03
8.159869010032049993e-03
7.995285860231168829e-03
7.833896591160963846e-03
7.678513604778228023e-03
7.525253363307718088e-03
7.378271278283721202e-03
7.233246633446286343e-03
7.093822798286138209e-03
6.956761080133215709e-03
6.824548234324673106e-03
6.695075130290258601e-03
6.569765112910326034e-03
6.447189202388798300e-03
6.328623809973423636e-03
6.212555093347554326e-03
6.100097933540823275e-03
5.990175393524079135e-03
5.883451419187781320e-03
5.779336479075075986e-03
5.677997751323682687e-03
5.579030286200713749e-03
5.482897920953126725e-03
5.388757732831471817e-03
5.297242141987970609e-03
5.207680339853908158e-03
5.120391986185734816e-03
5.035161802149447363e-03
4.951852284156350002e-03
4.870315523870644842e-03
4.790805354889167943e-03
4.712715173248828611e-03
4.636527058163628957e-03
4.561697331348531920e-03
4.488466626728365369e-03
4.416765012170964337e-03
4.346334302044446186e-03
4.277173013313499174e-03
4.209431932413143680e-03
4.142657567850231357e-03
4.077248000235286947e-03
4.012737930529426678e-03
3.949370458427994141e-03
3.887129158173312140e-03
3.825689841224620084e-03
3.765175902080118882e-03
3.705644803587356938e-03
3.646750299157723585e-03
3.588863638712494648e-03
3.531542636065622843e-03
3.475038942558630710e-03
3.419377804379312210e-03
3.364210750337685071e-03
3.309742069299815084e-03
3.255955491573959536e-03
3.202590080717943998e-03
3.150027840162512166e-03
3.097816492868525704e-03
3.046201008101085458e-03
2.995249178279282137e-03
2.944614084932309795e-03
2.894533569951903296e-03
2.844951921821166352e-03
2.795695021496877580e-03
2.747121085269624632e-03
2.698760410773282277e-03
2.650881726901706693e-03
2.603576117064424801e-03
2.556500027310347738e-03
2.509895059889708045e-03
2.463676533957684638e-03
2.417765831186482594e-03
2.372471763497512303e-03
2.327308568678207543e-03
2.282602094557412142e-03
2.238418914366319470e-03
2.194434746876963369e-03
2.150924726197995639e-03
2.107754815371894446e-03
2.064906221193322806e-03
2.022662998907202338e-03
1.980538952328001184e-03
1.938899411350808455e-03
1.897755540673504984e-03
1.856807272521144138e-03
1.816388042543761209e-03
1.776304393515606853e-03
1.736552709962655870e-03
1.697434341095172775e-03
1.658468076994389345e-03
1.620018259072880749e-03
1.582065705794227653e-03
1.544358708887915398e-03
1.507230019995917493e-03
1.470450247510748975e-03
1.434039640956093122e-03
1.398291379777221030e-03
1.362745261397278014e-03
1.327741828102021538e-03
1.293229195822473377e-03
1.259043675971089704e-03
1.225450304354859564e-03
1.192224635316389315e-03
1.159422267471908350e-03
1.127284478332676735e-03
1.095402257602611428e-03
1.064098865977121259e-03
1.033284848200110174e-03
1.002865654138929358e-03
9.730514008127308292e-04
9.436323952804946636e-04
9.146908273541332415e-04
8.864044856365794860e-04
8.584250509158625718e-04
8.310584133494404750e-04
8.041856211102657711e-04
7.777514663483915723e-04
7.519357188483465331e-04
7.265371858313278376e-04
7.016438522609719231e-04
6.773836949812835030e-04
6.534743553378596394e-04
6.301761989584573264e-04
6.073595203413096688e-04
5.850008169231711618e-04
5.632423325015785019e-04
5.419027182125789582e-04
5.210615852877576760e-04
5.008101901388767275e-04
4.809367454939174704e-04
4.616402126190179101e-04
4.428027512810228596e-04
4.244311618876500029e-04
4.066239409757844330e-04
3.892340870464992071e-04
3.723356703582809350e-04
3.559834047588884983e-04
3.400239293405461489e-04
3.246028911048247020e-04
3.096154019544687425e-04
2.950809536718634581e-04
2.810544247751030952e-04
2.674162624230120070e-04
2.542329303722628067e-04
2.415244556917234373e-04
2.291803599147862859e-04
2.173134965952465978e-04
2.058342291427095623e-04
1.947666521809389992e-04
1.841482739725487758e-04
1.738863518106373936e-04
1.640344766743164959e-04
1.545930332346623522e-04
1.454815803537220413e-04
1.367812986436580248e-04
1.284131891560320838e-04
1.203966262105483448e-04
1.127571340259934739e-04
1.054255801133043187e-04
9.844325687152262081e-05
9.180576368661166290e-05
8.546176934089925580e-05
7.946542074523913098e-05
7.375079644447755185e-05
6.833115914735677190e-05
6.321739978215689759e-05
5.834992095090207328e-05
5.375464570452272866e-05
4.942474372807545608e-05
4.532791965958441588e-05
4.150601815573666482e-05
3.791158047444948969e-05
3.457644614575696438e-05
3.152142846869133877e-05
2.871985208440139316e-05
2.621884446239309459e-05
2.403832346899050751e-05
2.218665803865343440e-05
2.073335605615399507e-05
1.966854589161514026e-05
1.904648638051891930e-05
1.885853690705078227e-05
1.898084028685652930e-05
1.924791309838528040e-05
1.935640096681062597e-05
1.894007960378901623e-05
1.772023951702766438e-05
1.547522477657622102e-05
1.226197999612140305e-05
8.309350462552190616e-06
3.940751435867497836e-06
-4.322615895862425418e-07
-4.488888545628602393e-06
-8.014726850242794679e-06
-1.086802570532873638e-05
-1.308979014900890334e-05
-1.470665856895541314e-05
-1.579829324602223235e-05
-1.647239050340018580e-05
-1.677796645320964858e-05
-1.679937651026640474e-05
-1.661708167712867365e-05
-1.626893261281732954e-05
-1.585647616005435374e-05
-1.537720088050203700e-05
-1.485040447006790881e-05
-1.431072675806510372e-05
-1.374148179938243813e-05
-1.316462547952690438e-05
-1.258806771516413265e-05
-1.198702597394753494e-05
-1.141950156706231957e-05
-1.086126416439397928e-05
-1.033376250626403563e-05
-9.850807654598128725e-06
-9.363098843174903321e-06
-8.870684084001023969e-06
-8.378308218897422786e-06
-7.871702253999209164e-06
-7.412052662100966496e-06
-6.973747650988406650e-06
-6.580631187208149760e-06
-6.228660603433545020e-06
-5.870077982121793058e-06
-5.517732148351925950e-06
-5.193623193374945365e-06
-4.869918658945894692e-06
-4.582060893821135815e-06
-4.294976137985958744e-06
-4.021710619310895450e-06
-3.768009416685812113e-06
-3.526165081899093365e-06
-3.335607518920358728e-06
-3.165365773143765255e-06
-2.955430788558301850e-06
-2.753582692974685989e-06
-2.568700559806540202e-06
-2.405118510713926882e-06
-2.244550734095744668e-06
-2.099456413369775772e-06
-1.978525699868569962e-06
-1.852001446052639675e-06
-1.716734882705573279e-06
-1.621020061327142814e-06
-1.510929249640799608e-06
-1.421706330321883920e-06
-1.350574727494607047e-06
-1.259355485089760242e-06
-1.169145047874085052e-06
-1.102144670008770862e-06
-1.029354553736453261e-06
-9.693396783229964464e-07
-9.104383814726057339e-07
-8.608475442030373647e-07
-8.186571598783982770e-07
-7.571032492413961876e-07
-7.357875335055729995e-07
-6.708257663539183961e-07
-6.285299077966267155e-07
-5.855526691727924906e-07
-5.440659941161637934e-07
-4.810577195977400122e-07
-4.618268367374383825e-07
-4.076671122508869796e-07
-3.730199974111834920e-07
-3.590651710957011749e-07
-3.295037842903737413e-07
-3.111937717936861673e-07
-2.841148399015913965e-07
-2.842038034415748406e-07
-2.554833329806978950e-07
-2.478463713994048375e-07
-2.383540519986215281e-07
-2.119764738973552676e-07
-2.085921928372338888e-07
-1.904517376961935475e-07
-1.802040784270771439e-07
-1.595352907723896497e-07
-1.570682302070283266e-07
-1.366485623244782258e-07
-1.309447441422624228e-07
-1.268059732615265696e-07
-1.047509174009089123e-07
-1.120223946633632316e-07
-9.579436923196692675e-08
-8.930138678776129798e-08
-8.790676856849988691e-08
-7.468308836425133463e-08
-7.499286691219599149e-08
-6.543675851537408774e-08
-6.565821823406269356e-08
-5.810289933520334793e-08
-5.664763475593972983e-08
-5.485710246839854479e-08
-4.844573390796930490e-08
-4.839550899369833729e-08
-4.134740440615277731e-08
-3.685521630447634672e-08
-3.643530736953674169e-08
-2.882871580642304257e-08
-2.975974315164467641e-08
-2.701368322877663528e-08
-2.672473712313652628e-08
-2.560657845549128256e-08
-2.353995884000286582e-08
-2.217993125000121381e-08
-1.923759837461667678e-08
-1.827268305335433315e-08
-1.522150256324210447e-08
-1.460441718123536339e-08
-1.514577700488135540e-08
-1.260481833235519053e-08
-1.413739273434598552e-08
-1.221613110395472282e-08
-1.071063702815459184e-08
-1.140649424760103982e-08
-9.053479858065568493e-09
-9.251218920770890534e-09
-9.031905150759621249e-09
-7.404295944684942405e-09
-8.499698146785221023e-09
-6.888880191099485694e-09
-6.356315494543747563e-09
-6.248862956441722350e-09
-5.418872451104414619e-09
-5.134477021928465096e-09
-4.561242428856819982e-09
-4.140680359564625237e-09
-3.965281395348669750e-09
-3.521536343132625265e-09
-3.309064577246727138e-09
-2.777317724448072193e-09
-3.094208307671151907e-09
-2.766391036317907328e-09
-2.400696650394452200e-09
-2.756801730180972938e-09
-2.232128434731559606e-09
-2.464693873943884011e-09
-2.176908778132197667e-09
-1.687659313383817803e-09
-2.165091928472843572e-09
-1.439490455725867552e-09
-1.364444524670214763e-09
-1.438457297862849208e-09
-9.214301030103397115e-10
-1.196942700925686902e-09
-1.076295218616036571e-09
-7.347946332896728430e-10
-1.284272751305173753e-09
-8.235313049687635621e-10
-8.845814372757387244e-10
-9.981805302182361402e-10
-5.586453111371895255e-10
-7.798570865512708166e-10
-5.819153881336100824e-10
-3.732972396493111466e-10
-6.533271802577855725e-10
-3.652876491857852497e-10
-4.933288154882623673e-10
-5.057224833801601167e-10
-3.408902970751727348e-10
-4.666851623661395090e-10
-3.390747228036102792e-10
-2.456746333392568795e-10
-3.604508700212804407e-10
-2.005695870443820261e-10
-2.682533281983623437e-10
-2.645321184843473984e-10
-1.862685243397058566e-10
-2.474077494937461639e-10
-1.916934887580293568e-10
-1.362349662710653952e-10
-2.085230652380040051e-10
-1.073050116600172056e-10
-1.627877579256353505e-10
-1.327950683136089008e-10
-1.082984711227875622e-10
-1.240764142454681836e-10
-1.042854083694509226e-10
-8.023345054025081729e-11
-1.113849713674275934e-10
-6.184245041974677458e-11
-8.824400104753483842e-11
-6.791058414272329617e-11
-6.185893314803444422e-11
-6.327117554349561395e-11
-5.706379630531467940e-11
-4.483897296658927563e-11
-5.594727595666529614e-11
-3.421114988116993011e-11
-4.672752404772655903e-11
-3.367725521100101008e-11
-3.570462275687148442e-11
-2.963469005423170419e-11
-3.034678038402082855e-11
-2.280999421065210864e-11
-2.794979174253817050e-11
-1.784553068220904805e-11
-2.262344712275868996e-11
-1.530648407958848107e-11
-2.065539855028712960e-11
-1.098828368301993065e-11
-1.568820543697980482e-11
-1.051674862125178858e-11
-1.251654494502099464e-11
-7.615132265128465936e-12
-1.075634022432022063e-11
-5.081559259924444710e-12
-1.054910123647523011e-11
-2.004006117997648175e-12
-8.138611327145159784e-12
-2.049188626531894964e-12
-5.273055623862984964e-12
-2.097357954525273991e-12
-3.282452774904164987e-12
-6.660900154115653402e-13
-3.739704590940644966e-12
1.170467841319551840e-12
-2.032077535678707985e-12
5.794985010194256335e-13
-2.061661988420047699e-13
3.814960672690670480e-13
6.208902382078534768e-13
1.901725731632455494e-12
-6.592594907944222493e-13
3.533765506793077422e-12
-1.153726241134974535e-14
3.058707874174875207e-12
1.212166634091489550e-12
2.439308311244771867e-12
1.926252328169882452e-12
3.231874485498569669e-12
9.417074378736055022e-13
4.166319563423232632e-12
1.218940146366257910e-12
3.739091605840144419e-12
1.967798548501823770e-12
3.065653392327331851e-12
2.440181397059105754e-12
3.424109848056659867e-12
1.685451112427075112e-12
3.956306062622800658e-12
1.669016443844752830e-12
3.600950298782404366e-12
2.083519302781305540e-12
2.987750360259733453e-12
2.326592965509060702e-12
3.087210874602061734e-12
1.761491204545405010e-12
3.336090701245418332e-12
1.598071719798670195e-12
3.041560204918499459e-12
1.784141738585093854e-12
2.528039256167707216e-12
1.873776135940701447e-12
2.486445372981038653e-12
1.469455570249391631e-12
2.558829828368873398e-12
1.272784813105638689e-12
2.338201367097282287e-12
1.327571674724035629e-12
1.957666413378555099e-12
1.355184443850865980e-12
1.875641536788467105e-12
1.102401394496815275e-12
1.890092505888149790e-12
9.562355366293619328e-13
1.768236151290344751e-12
9.904887663488005525e-13
1.544516685950506811e-12
1.036927048630710961e-12
1.511065412496965846e-12
9.356980239757787580e-13
1.555671472935901258e-12
8.913019614723719476e-13
1.545352606746512501e-12
9.708098133606180893e-13
1.469419406328036568e-12
1.069312277878692046e-12
1.504712596632954898e-12
1.082351047084297118e-12
1.586691540351832042e-12
1.111313452304787931e-12
1.636085671994863817e-12
1.203862145053065038e-12
1.623874412181796532e-12
1.293797199759993222e-12
1.655456303890950549e-12
1.314667761878276443e-12
1.695395792759447199e-12
1.316818083056460817e-12
1.701501612278933449e-12
1.339655240337477338e-12
1.651923573452545141e-12
1.350986502633310377e-12
1.618576570758980374e-12
1.320455977744338803e-12
1.594436359348294585e-12
1.282629563634245473e-12
1.565500301511764774e-12
1.274208430791340046e-12
1.522677333853703858e-12
1.282595041602249141e-12
1.509993104564311820e-12
1.288157424199498147e-12
1.522720776993620227e-12
1.300998765356953702e-12
1.541034512551137501e-12
1.332142288386001438e-12
1.545003535210296818e-12
1.361122837971504846e-12
1.547567458696183284e-12
1.367949102495502457e-12
1.544136511150980228e-12
1.357998297359650084e-12
1.529066717381789539e-12
1.349875692596642077e-12
1.505000957554494619e-12
1.347797986116441089e-12
1.493171778452271207e-12
1.351768631363408181e-12
1.497706142352852245e-12
1.362453645619147071e-12
1.507398485157660941e-12
1.377627626975643042e-12
1.507470933951115245e-12
1.384708718432231713e-12
1.498417084352200455e-12
1.379928824820137175e-12
1.487197249494942816e-12
1.373736631394467452e-12
1.482091067342264219e-12
1.379159561742011250e-12
1.483791246272559972e-12
1.390900770320358873e-12
1.486122209970180983e-12
1.395714911538690643e-12
1.481539874282241382e-12
1.391323698300144940e-12
1.473865574068113518e-12
1.390864887156951061e-12
1.472089861798239398e-12
1.398445274985008020e-12
1.474369825846760930e-12
1.403182334018040586e-12
1.471071935238627569e-12
1.400274384197331920e-12
1.465750834802133235e-12
1.401635782024797281e-12
1.466376933957738277e-12
1.407586609690730987e-12
1.465783949019202596e-12
1.407567739848360645e-12
1.461014082811369832e-12
1.407270734698574679e-12
1.461356089207420447e-12
1.411631693648937232e-12
1.460631564013408013e-12
1.411386278835772793e-12
1.456785636981011618e-12
1.413007555143575105e-12
1.457716604314148801e-12
1.415169006143465104e-12
1.455299542003992179e-12
1.414701036128555358e-12
1.454591378195328379e-12
1.417613822785475781e-12
1.453369052319153069e-12
1.417275304724997940e-12
1.452139230136501876e-12
1.419435531864395572e-12
1.451506278255180693e-12
1.419228948701135397e-12
1.450473438540110295e-12
1.421179854576753901e-12
1.449337149670556270e-12
1.421288152243084850e-12
1.449020289161666490e-12
1.422434660828833129e-12
1.447677402069304647e-12
1.423219817719303436e-12
1.447405214344205893e-12
1.423547612425397399e-12
1.446663654899684102e-12
1.424575370968984621e-12
1.445698362944592063e-12
1.425259317275940054e-12
1.445271122403266399e-12
1.425592015554397266e-12
1.444883589912869741e-12
1.426094862806299988e-12
1.444285449493857450e-12
1.426732719096787065e-12
1.443659319164941483e-12
1.427317163047917893e-12
1.443124979378535834e-12
1.427806201335172885e-12
1.442671128891311849e-12
1.428234660487507263e-12
1.442260495776575979e-12
1.428632126803804203e-12
1.441873491049733102e-12
1.429009765876402880e-12
1.441504684499799305e-12
1.429369681158352200e-12
1.441153603102764001e-12
1.429711730613353013e-12
1.440820475512631034e-12
1.430035825486616507e-12
1.440505182428675154e-12
1.430342283858129397e-12
1.440207241365478616e-12
1.430631710417599579e-12
1.439925960225424564e-12
1.430904853910268209e-12
1.439660554051494553e-12
1.431162517513013768e-12
1.439410211256943575e-12
1.431405511000750176e-12
1.439174127642255169e-12
1.431634626811614069e-12
1.438951523053620708e-12
1.431850628578923501e-12
1.438741649121233620e-12
1.432054246033842812e-12
1.438543792460812577e-12
1.432246173143587889e-12
1.438357275520614052e-12
1.432427067976760722e-12
1.438181456210248145e-12
1.432597553410826925e-12
1.438015726893102313e-12
1.432758218325555803e-12
1.437859513049330539e-12
1.432909619006387198e-12
1.437712271790815328e-12
1.433052280650181512e-12
1.437573490310978327e-12
1.433186698892912241e-12
1.437442684339446801e-12
1.433313341318933941e-12
1.437319396621129802e-12
1.433432648932963664e-12
1.437203195441749749e-12
1.433545037570976831e-12
1.437093673211389128e-12
1.433650899253612042e-12
1.436990445105622981e-12
1.433750603471270880e-12
1.436893147769935761e-12
1.433844498404059466e-12
1.436801438085317039e-12
1.433932912076456662e-12
1.436714991995883640e-12
1.434016153445599013e-12
1.436633503388685844e-12
1.434094513426429140e-12
1.436556683037147536e-12
1.434168265856940399e-12
1.436484257588605006e-12
1.434237668404930806e-12
1.436415968607022102e-12
1.434302963414892000e-12
1.436351571658614754e-12
1.434364378702650516e-12
1.436290835440726202e-12
1.434422128296373584e-12
1.436233540951389147e-12
1.434476413124756139e-12
1.436179480693315474e-12
1.434527421657791755e-12
1.436128457911601861e-12
1.434575330494815264e-12
1.436080285862194747e-12
1.434620304909943553e-12
1.436034787103000388e-12
1.434662499345262005e-12
1.435991792810588234e-12
1.434702057860440793e-12
1.435951142114522373e-12
1.434739114534451016e-12
1.435912681445358634e-12
1.434773793819538428e-12
1.435876263895006580e-12
1.434806210848351201e-12
