# bin_5_5
4.989179009904943229e-01
4.993890407103797613e-01
4.989329198062396609e-01
4.993716030577196041e-01
4.989467541251456084e-01
4.993550163806909636e-01
4.989594514587420426e-01
4.993392037773297654e-01
4.989710539840910286e-01
4.993240902529904046e-01
4.989815985853832125e-01
4.993096023210614187e-01
4.989911168623533677e-01
4.992956675946293998e-01
4.989996351036110056e-01
4.992822143663820378e-01
4.990071742234888363e-01
4.992691711718559300e-01
4.990137496597359390e-01
4.992564663339056907e-01
4.990193712294588302e-01
4.992440274835980296e-01
4.990240429407306610e-01
4.992317810528393296e-01
4.990277627560180118e-01
4.992196517352887053e-01
4.990305223047144523e-01
4.992075619099028971e-01
4.990323065396616298e-01
4.991954310227796898e-01
4.990330933350157205e-01
4.991831749216900649e-01
4.990328530202375323e-01
4.991707051388070138e-01
4.990315478464550925e-01
4.991579281165176574e-01
4.990291313813065566e-01
4.991447443718612376e-01
4.990255478286813040e-01
4.991310475955414439e-01
4.990207312705047249e-01
4.991167236829600062e-01
4.990146048291687064e-01
4.991016496954879256e-01
4.990070797505439248e-01
4.990856927522568376e-01
4.989980544090253378e-01
4.990687088553549811e-01
4.989874132397773554e-01
4.990505416530474081e-01
4.989750256048844368e-01
4.990310211502381743e-01
4.989607446039992511e-01
4.990099623768900483e-01
4.989444058429780005e-01
4.989871640291209665e-01
4.989258261763530045e-01
4.989624070994180816e-01
4.989048024406423920e-01
4.989354535115617661e-01
4.988811101937249415e-01
4.989060447740230608e-01
4.988545024706460551e-01
4.988739006557605937e-01
4.988247085538407566e-01
4.988387178745607997e-01
4.987914327368915823e-01
4.988001687625402969e-01
4.987543530309210826e-01
4.987578998385118201e-01
4.987131197207314015e-01
4.987115301683157642e-01
4.986673536234836335e-01
4.986606493346603663e-01
4.986166438385066235e-01
4.986048147699880806e-01
4.985605447076118524e-01
4.985435481390295132e-01
4.984985716439848114e-01
4.984763304072823420e-01
4.984301954543284285e-01
4.984025952208610000e-01
4.983548347989480987e-01
4.983217202841168647e-01
4.982718465442800837e-01
4.982330165877602579e-01
4.981805139942618310e-01
4.981357156442632328e-01
4.980800333649962885e-01
4.980289553372118094e-01
4.979694993812218695e-01
4.979117655535855169e-01
4.978478914570534930e-01
4.977830553354169463e-01
4.977140624241678246e-01
4.976416036578359403e-01
4.975667319360283503e-01
4.974860558179160508e-01
4.974044861796128592e-01
4.973149264656808177e-01
4.972257840535527773e-01
4.971266082850879231e-01
4.970289674145726977e-01
4.969193823279305366e-01
4.968122697141695854e-01
4.966914227229796697e-01
4.965738144464598713e-01
4.964407864406509829e-01
4.963115941979027168e-01
4.961653801471666569e-01
4.960234249374940729e-01
4.958629028657249860e-01
4.957068797436754437e-01
4.955307751870063893e-01
4.953592196811197335e-01
4.951660791619485469e-01
4.949773505603694002e-01
4.947655389507505386e-01
4.945578323474210114e-01
4.943255600206594713e-01
4.940969441180805277e-01
4.938423098810673095e-01
4.935907650328411611e-01
4.933117796883076389e-01
4.930351961488564361e-01
4.927297493877789147e-01
4.924258608264867609e-01
4.920916287063755168e-01
4.917579077836298773e-01
4.913922588143419534e-01
4.910258572596742366e-01
4.906258473949673404e-01
4.902236539289950290e-01
4.897861389669124765e-01
4.893449164700511833e-01
4.888666700431642531e-01
4.883831057642002982e-01
4.878607685536883176e-01
4.873313200960099345e-01
4.867611836941331815e-01
4.861818774744274263e-01
4.855597870156423412e-01
4.849262862540545393e-01
4.842478699986438317e-01
4.835557790245549881e-01
4.828166834198829305e-01
4.820615767079428071e-01
4.812572446698022421e-01
4.804342929481515978e-01
4.795596565690739554e-01
4.786636088250140197e-01
4.777134339434248589e-01
4.767391548829704173e-01
4.757084274397524459e-01
4.746508427575026889e-01
4.735342922632924667e-01
4.723878772937567527e-01
4.711799273628639040e-01
4.699392857844691407e-01
4.686348596089806029e-01
4.672950657001294084e-01
4.658891544686693531e-01
4.644450401713743903e-01
4.629326097329785616e-01
4.613796090586523846e-01
4.597566094459756836e-01
4.580908579298159644e-01
4.563534206345309374e-01
4.545713199601374432e-01
4.527165996714590523e-01
4.508160657421563799e-01
4.488423301745242955e-01
4.468218879484361361e-01
4.447284609920999499e-01
4.425885744756797857e-01
4.403766807017353568e-01
4.381190506583945155e-01
4.357914065488078803e-01
4.334201747033015195e-01
4.309818883666751144e-01
4.285029427177491912e-01
4.259613487232312701e-01
4.233835523308135396e-01
4.207484691206933025e-01
4.180829248795843167e-01
4.153671823187632950e-01
4.126278890463764282e-01
4.098466788291297291e-01
4.070504876552543672e-01
4.042217855279160998e-01
4.013877546504118210e-01
3.985319698800280919e-01
3.956812790012548264e-01
3.928203922460154485e-01
3.899757159348651303e-01
3.871325621614012391e-01
3.843168952556980100e-01
3.815141184204993152e-01
3.787494293304770610e-01
3.760079623962142570e-01
3.733136096775230839e-01
3.706508529885185754e-01
3.680417093413059781e-01
3.654695343148730013e-01
3.629539377981368387e-01
3.604766440771920988e-01
3.580543934836620257e-01
3.556668398983771073e-01
3.533275214385678820e-01
3.510137536233159383e-01
3.487357627606019195e-01
3.464685399994453241e-01
3.442192232931943208e-01
3.419608848976883331e-01
3.396982344177925661e-01
3.374033099330950303e-01
3.350795556732460989e-01
3.326993719514794723e-01
3.302665936220117171e-01
3.277558259938019858e-01
3.251733132233807222e-01
3.224979486294619058e-01
3.197404785380814074e-01
3.168860327069082383e-01
3.139515679708433926e-01
3.109297310302134298e-01
3.078444239241622249e-01
3.046958073001787004e-01
3.015138887180468519e-01
2.983045235499444670e-01
2.951010102104631994e-01
2.919110670383368022e-01
2.887665769555359807e-01
2.856717110057963027e-01
2.826511803710245463e-01
2.796999004370205877e-01
2.768303145482479688e-01
2.740241531951286835e-01
2.712794724774670319e-01
2.685650235289072096e-01
2.658674557031737162e-01
2.631484419300978428e-01
2.603919431151807129e-01
2.575635194627407532e-01
2.546567285513013368e-01
2.516532163510152853e-01
2.485666043157538641e-01
2.454015192386357069e-01
2.421933413589074935e-01
2.389649483938578733e-01
2.357619919957553156e-01
2.326080766641628050e-01
2.295376418639460681e-01
2.265528140481608832e-01
2.236580754473006527e-01
2.208231025850082574e-01
2.180228575547837055e-01
2.152081725931108414e-01
2.123503432934092106e-01
2.094152341488831892e-01
2.064052411723378277e-01
2.033279724157923962e-01
2.002270985639456324e-01
1.971401606635187487e-01
1.941185421341560802e-01
1.911815603971398214e-01
1.883390605934690265e-01
1.855582489162574955e-01
1.828030354509499189e-01
1.800192096377217499e-01
1.771834086179784329e-01
1.742866488024873983e-01
1.713659842358874474e-01
1.684631357469122959e-01
1.656313245876773754e-01
1.628843508246238803e-01
1.602139816036212694e-01
1.575699547684985269e-01
1.549119145444118606e-01
1.522102735699418230e-01
1.494879562551082730e-01
1.467841822065575064e-01
1.441508112533705643e-01
1.415950348515729873e-01
1.390956031572809504e-01
1.365989699894041842e-01
1.340828884486235106e-01
1.315558503251884614e-01
1.290695470039426307e-01
1.266533124390245291e-01
1.243051380086477864e-01
1.219762045615418317e-01
1.196400252288423727e-01
1.173049645139990632e-01
1.150224257299534703e-01
1.128100157969339906e-01
1.106455183897623595e-01
1.084801349261189374e-01
1.063205939942031553e-01
1.042070014905939201e-01
1.021688547074783154e-01
1.001647458861978923e-01
9.816100579412730120e-02
9.617682242210646992e-02
9.426608040064339555e-02
9.240724835336215637e-02
9.055308058258065840e-02
8.871257102553199714e-02
8.694631932730237378e-02
8.522771288953162605e-02
8.350872667782431591e-02
8.182003538154836164e-02
8.020943845476938283e-02
7.861582018089165180e-02
7.703055805448966176e-02
7.551114254890251010e-02
7.403339845838084743e-02
7.255225172487576868e-02
7.113479950482728964e-02
6.975380401573166855e-02
6.837936991028803480e-02
6.706269105489801041e-02
6.577429132615886243e-02
6.449946107658000027e-02
6.328485477678362503e-02
6.207356570711784066e-02
6.091068672699294362e-02
5.976935622096375689e-02
5.865624307467005860e-02
5.757828228358123634e-02
5.651814049383703520e-02
5.549527460266565071e-02
5.448838793812878223e-02
5.351657096042863881e-02
5.256098744183814592e-02
5.163732014667946069e-02
5.072985713593856916e-02
4.985259327332938750e-02
4.899090586080066811e-02
4.815553047410048998e-02
4.733718539826040766e-02
4.654144738988760105e-02
4.576356797433721313e-02
4.500543618652185635e-02
4.426392183560362570e-02
4.354222243071938225e-02
4.283496158381366881e-02
4.214539133856688713e-02
4.147035222432213925e-02
4.081064559826990540e-02
4.016585918235434510e-02
3.953425655531769140e-02
3.891579817445153106e-02
3.831142766354837109e-02
3.771784279184137167e-02
3.713692157201207988e-02
3.656675697610079628e-02
3.600735514562455192e-02
3.545943221326124800e-02
3.492019908032490544e-02
3.439077556708396155e-02
3.387138882907183429e-02
3.335948233544412667e-02
3.285669660721914076e-02
3.236141155575387313e-02
3.187360830204064716e-02
3.139451357726856517e-02
3.092083625916322229e-02
3.045436531167268132e-02
2.999493009000754953e-02
2.954050056894642895e-02
2.909278793900476126e-02
2.865014195801491789e-02
2.821269807277329567e-02
2.778200197510774516e-02
2.735456961185000341e-02
2.693261361553569294e-02
2.651558527963925049e-02
2.610196442621676508e-02
2.569350404414247335e-02
2.528849063807199482e-02
2.488720949115384024e-02
2.449135322841183501e-02
2.409737352004271554e-02
2.370774396203379278e-02
2.332166152066603160e-02
2.293810345590630712e-02
2.255877776741310042e-02
2.218184771201784158e-02
2.180790921034689994e-02
2.143868421472174338e-02
2.107068093868820838e-02
2.070648276779595010e-02
2.034509978456747539e-02
1.998599572273443079e-02
1.963077667971352067e-02
1.927737827192994510e-02
1.892670462140393778e-02
1.858031133931917558e-02
1.823489238340662844e-02
1.789313052969235956e-02
1.755383928940084867e-02
1.721686241847849783e-02
1.688374669307719789e-02
1.655224334942360584e-02
1.622357920615360993e-02
1.589908973952056451e-02
1.557569170219192008e-02
1.525612377712632327e-02
1.493897934672607473e-02
1.462438890069213057e-02
1.431387172791580113e-02
1.400498914771540308e-02
1.369921196795205291e-02
1.339763735735424559e-02
1.309750737127471885e-02
1.280151352087338483e-02
1.250804660676123857e-02
1.221749609996313629e-02
1.193131814849148278e-02
1.164702734348729320e-02
1.136622631470344397e-02
1.108965278139653621e-02
1.081496801181218263e-02
1.054473361540121494e-02
1.027719416608815876e-02
1.001286044529002897e-02
9.753085620453733409e-03
9.495482111914317624e-03
9.241692984457951926e-03
8.992099464675105611e-03
8.744826286212816283e-03
8.502192381500493085e-03
8.262446239992627880e-03
8.026209364108905647e-03
7.794619073390356319e-03
7.565525337814658219e-03
7.340554044619430549e-03
7.119707672668379624e-03
6.901680500848745604e-03
6.688369073074825269e-03
6.478179808743609117e-03
6.271759422517414299e-03
6.069991331852145865e-03
5.871087337634917948e-03
5.676470746789641711e-03
5.485896174626224593e-03
5.298519361643944624e-03
5.115792625476379106e-03
4.936316620391673418e-03
4.760703093061514901e-03
4.589532079669170032e-03
4.421419309478794371e-03
4.257481154356278219e-03
4.097375903843777922e-03
3.940579029516669968e-03
3.788159093373625816e-03
3.638934436090357754e-03
3.493505391662106441e-03
3.352204971204372254e-03
3.214037839465587205e-03
3.079854744193927761e-03
2.949332534258854860e-03
2.822176061989357682e-03
2.699148604180154863e-03
2.579251657065596663e-03
2.463045237708583798e-03
2.350635542890949867e-03
2.241300641283192670e-03
2.135615463109439682e-03
2.033242127235200449e-03
1.933989703690981244e-03
1.838389437245317812e-03
1.745603120077259852e-03
1.656128216187114418e-03
1.569958677684673339e-03
1.486612644294395616e-03
1.406512223366608800e-03
1.329374902808328667e-03
1.255068735409030356e-03
1.183978727741317105e-03
1.115372246749889509e-03
1.049659339989686673e-03
9.867245989820705616e-04
9.262177602667353215e-04
8.684392217508670559e-04
8.131536715808775507e-04
7.602909447558882676e-04
7.101856787990863890e-04
6.622165630653886704e-04
6.167404006346859698e-04
5.735922015657555616e-04
5.324996927729236341e-04
4.936237234826282988e-04
4.567051914461579842e-04
4.216702862641145922e-04
3.887646146370490950e-04
3.574427477249550022e-04
3.280624929927871141e-04
3.004951634319122248e-04
2.746771823629189546e-04
2.508620908666246881e-04
2.290052540983079671e-04
2.092594470704231590e-04
1.920497735155524903e-04
1.771251304125419943e-04
1.650969696124713606e-04
1.560975581903304712e-04
1.502901967576067616e-04
1.477814395454492594e-04
1.478250391971903629e-04
1.491248093168918141e-04
1.498078145949512910e-04
1.469198283250207641e-04
1.384504728406724366e-04
1.227770273609520393e-04
9.979907736806481976e-05
7.098659305949635637e-05
3.851605757510534331e-05
5.219032608955838610e-06
-2.616845259700623346e-05
-5.416565794556620073e-05
-7.741654683172834162e-05
-9.581947465998779984e-05
-1.096125230041969915e-04
-1.192115652562695876e-04
-1.254408743634062139e-04
-1.287960742547593828e-04
-1.296898034468332319e-04
-1.290712594044137189e-04
-1.271365763152697281e-04
-1.244583737718983401e-04
-1.212304575483795315e-04
-1.174986244952099445e-04
-1.136134659127575370e-04
-1.095133725785562163e-04
-1.051049362878127855e-04
-1.007959504388701165e-04
-9.632833259730831340e-05
-9.196434015769215002e-05
-8.766514693263663914e-05
-8.340352672812354807e-05
-7.944333777234234095e-05
-7.551638011734772716e-05
-7.139084965521770305e-05
-6.736515644074793222e-05
-6.320578868687548092e-05
-5.925433814214945219e-05
-5.551574713176868348e-05
-5.196729741365277980e-05
-4.883034311020865276e-05
-4.578638337833068053e-05
-4.265785270706248642e-05
-3.988006622715658248e-05
-3.718323585979235588e-05
-3.478229952188667675e-05
-3.245633643874519232e-05
-3.016996222857344360e-05
-2.822427902852096409e-05
-2.648629613561536526e-05
-2.494676418666734344e-05
-2.376077851905336149e-05
-2.242134078344400639e-05
-2.115620756358114549e-05
-2.002467513478793261e-05
-1.891002566869905602e-05
-1.795869117145820496e-05
-1.704951597261738358e-05
-1.616338650712759406e-05
-1.530413614453448326e-05
-1.429597118430922683e-05
-1.349016888703136344e-05
-1.271243885465483371e-05
-1.171521634932250948e-05
-1.089365385599318890e-05
-1.002474164107750234e-05
-9.178874683471752535e-06
-8.392672579891424119e-06
-7.753331665542386472e-06
-7.092016813195691643e-06
-6.617398461901518956e-06
-6.157972579175482260e-06
-6.069849264282612414e-06
-5.662261706283799854e-06
-5.559012377837064170e-06
-5.307890548468752746e-06
-5.017565220191285955e-06
-4.705827696506829363e-06
-4.425256935269401331e-06
-3.903028637514268599e-06
-3.425869455701104780e-06
-3.059918391740813354e-06
-2.556734451467702951e-06
-2.380182269619481829e-06
-2.056942108476796558e-06
-2.015920633602089053e-06
-1.957776098588189451e-06
-2.025143461120850316e-06
-2.028375285445527423e-06
-1.938613584971242385e-06
-1.951470887253792067e-06
-1.643830129486207885e-06
-1.461375984640642799e-06
-1.205243779958195865e-06
-1.015937197361740905e-06
-8.812491679255402777e-07
-9.587308936592702733e-07
-1.039205445219983873e-06
-1.052191694116107893e-06
-1.181659636203113376e-06
-9.846498426994334611e-07
-8.409967472987290706e-07
-6.554309308712293685e-07
-4.363132076368138824e-07
-4.976134841054638663e-07
-5.328869577131459718e-07
-6.793220216359042113e-07
-7.282011109257123279e-07
-6.487645873532589125e-07
-4.997731006656459271e-07
-3.230250219267404342e-07
-3.217822017779345441e-07
-3.431949831100486528e-07
-4.641485879177949201e-07
-4.805639722999276619e-07
-3.583250934929096948e-07
-2.451652685757168640e-07
-1.673087612053022967e-07
-2.197268904639268976e-07
-2.930557526704886237e-07
-2.607675030042276670e-07
-1.850752293722172911e-07
-1.263562928280805292e-07
-1.600684626450166310e-07
-1.821539175628471411e-07
-1.396303013770976324e-07
-5.879382381672055313e-08
-4.860899145098642293e-08
-1.268525336979524530e-07
-1.134005966289349610e-07
-3.701267741790890531e-08
-3.006301908986221378e-08
-9.550056589648768019e-08
-1.321990838602570785e-07
-5.152287181674700573e-08
-4.063663177394585577e-08
-1.290848090249866409e-07
-1.146015599118223893e-07
-5.133247326853385064e-08
-7.273104722372942262e-08
-8.963027902536217367e-08
-4.103310336225485937e-08
-2.207134713602917445e-08
-3.642569940622801310e-08
-6.477057807249982148e-10
-1.079581009397617982e-08
-2.064586608046884667e-08
5.632866844426438098e-11
-3.818282509362635568e-08
-3.571879223840598296e-08
-2.165205515589627688e-08
-5.808360096541962950e-08
-1.588307436011373260e-08
-3.211643286845200828e-08
-2.052266614517208739e-08
-2.362702446044242062e-09
-1.672278209880382929e-08
2.390905922376504675e-10
-1.197109737151129726e-08
-7.149367257252102995e-09
-1.148886838167081806e-08
-1.202677187772042871e-08
-1.695689794577237316e-08
-1.052795303682881548e-08
-1.875043022962678121e-08
-4.261210745973980688e-09
-7.191698062896469212e-09
2.774135175804200511e-09
5.105153442987110612e-10
-4.422442346103258227e-09
-1.156755631521329466e-08
-1.214138134050168781e-08
-1.210831897232448131e-08
-3.579228664379313657e-10
1.465496074058643178e-09
2.860375444587163128e-09
-3.086755144262261168e-09
-8.098554357573071420e-09
-7.426232656644743850e-09
-3.664882040951217434e-09
-1.755692383544231335e-09
1.363502427356961865e-09
-8.023216578247648267e-10
-1.839223160384535378e-09
-4.974875797236953705e-09
-5.049167749961469053e-09
-5.372284904705574174e-10
2.973603640585957614e-09
-8.778003058646743547e-10
-4.460613392376872441e-09
-4.107874536690953462e-09
1.405990548777543884e-09
1.277194336075313898e-09
-1.916487365118473371e-09
-2.850064047202680338e-09
-1.095766872422840290e-09
4.004575234183320973e-10
7.692440140206377183e-10
-2.555454149926034316e-09
-1.874112820570625172e-09
1.425387635306862384e-09
4.449492600381113756e-11
-2.578378095214441854e-09
1.052689557692640689e-11
6.670702790268568124e-10
-8.852083922294326451e-10
-1.370829820271290565e-09
7.210822895181624560e-10
-1.302906201559996905e-10
-1.495877839107305961e-09
6.614482194923846496e-10
-1.576753415945268733e-10
-1.111777850035320197e-09
6.283011218415909893e-10
-4.556375555824409854e-10
-5.633448471265249291e-10
5.119615860678342191e-10
-7.799689262567980753e-10
2.024209873421868787e-10
-1.654843625257912343e-10
-3.283951639813414920e-10
2.210328876610139385e-10
-4.784483873563194927e-10
2.730454780886967066e-10
-4.100134189879034180e-10
1.960720641666963875e-10
-2.943912313079259419e-10
1.212057555015442393e-10
-2.071341893288508945e-10
6.453640669852537059e-11
-1.428134370541146816e-10
4.656287037958367808e-11
-1.190944509570734523e-10
4.473826690001323812e-11
-9.993333977081439889e-11
3.981546673422468336e-11
-7.665524804122292731e-11
2.530080655115957589e-11
-5.567778240957691744e-11
3.010370155849942694e-11
-5.558474594680147826e-11
3.893295658065224769e-11
-5.226183718144567625e-11
3.946034439250181815e-11
-3.845502052474280111e-11
2.818989119480922218e-11
-2.460054796756618101e-11
3.027197638525761187e-11
-2.540557174375973064e-11
3.618658991284460186e-11
-2.550529626042662923e-11
3.736298185457960292e-11
-1.709023234763639210e-11
2.904040018905671296e-11
-8.311149805228763413e-12
2.955003968362169886e-11
-9.096600947115985091e-12
3.310599166601911565e-11
-1.043370586681644938e-11
3.422038180227322144e-11
-5.528302889667762335e-12
2.821617203864066074e-11
-5.428849866281816176e-14
2.766521360593730157e-11
-5.618216758088072275e-13
2.951001499486687805e-11
-2.157521965079623124e-12
3.012841457731691055e-11
5.305162300441903773e-13
2.586459550020236370e-11
3.836621958811687462e-12
2.469691693473767921e-11
3.444885653668034470e-12
2.544445586825828984e-11
1.966697777997163760e-12
2.552511165594254813e-11
3.281545496201332692e-12
2.249550495182306856e-11
5.138601846341696193e-12
2.110540343466947365e-11
4.797888340104072930e-12
2.116904025549484426e-11
3.565326630941137696e-12
2.089272994384267345e-11
4.102545205541943475e-12
1.876622825031698052e-11
5.048920097194789735e-12
1.747368834397948576e-11
4.819565026790985963e-12
1.719096153034062312e-11
3.950584218653774547e-12
1.682690090667330487e-11
4.164000894918678917e-12
1.544108687092103851e-11
4.709721177496608522e-12
1.448063297076090370e-11
4.702697232795643482e-12
1.422037272619148408e-11
4.288986645573418449e-12
1.402224975866927308e-11
4.543734373576205847e-12
1.329964504774354393e-11
5.059418473317745049e-12
1.280494444260987299e-11
5.342905264461502103e-12
1.278157540282651808e-11
5.363760929910301117e-12
1.284289839733180011e-11
5.765805537835417593e-12
1.261000576054858751e-11
6.318315118684373125e-12
1.245143026122667756e-11
6.734189901793103757e-12
1.253915712097788275e-11
6.913359332060101187e-12
1.263297245844029999e-11
7.236298156625572430e-12
1.249483382587841226e-11
7.578505852578357324e-12
1.230513006559686903e-11
7.788134262069982295e-12
1.220403941825258297e-11
7.789617885083289326e-12
1.207526422756683918e-11
7.839167979645418098e-12
1.180907815017304568e-11
7.912147907304761677e-12
1.152732888301569161e-11
7.957752834259941332e-12
1.135876719077508559e-11
7.944308913223871369e-12
1.125736333694782656e-11
8.027691374782061822e-12
1.115271054592253349e-11
8.191955870895064718e-12
1.108046351830904815e-11
8.367628005431015887e-12
1.107959990071166988e-11
8.485876580256029839e-12
1.107822369363942148e-11
8.593276078968695923e-12
1.100595220946761246e-11
8.674481561389299298e-12
1.088142629940268179e-11
8.709674488505441014e-12
1.076920310110330785e-11
8.708052319695965206e-12
1.068310371970310666e-11
8.743861119757930788e-12
1.062242333681882948e-11
8.831690612680654806e-12
1.058930565356095332e-11
8.932902290729284578e-12
1.057611214120841616e-11
8.996595257083151159e-12
1.053905531245846027e-11
9.025006220734144333e-12
1.046467272226903941e-11
9.042451445895699574e-12
1.038884989687711293e-11
9.077595713391772152e-12
1.035647381609633894e-11
9.132949887383951276e-12
1.034901372198505619e-11
9.187519746913374606e-12
1.032049466333596986e-11
9.215485857540153536e-12
1.026288809128029033e-11
9.230151581469490546e-12
1.022143466455373786e-11
9.262665497474699559e-12
1.021013042581120052e-11
9.306860996819393973e-12
1.019124133814945357e-11
9.329656715436195696e-12
1.014806314934621559e-11
9.343428141330072860e-12
1.012161321721576956e-11
9.375785754148521958e-12
1.011286741248979759e-11
9.402133476802614802e-12
1.008526377402686840e-11
9.412384534369132812e-12
1.005833388859942021e-11
9.438684586517358453e-12
1.004902592932766126e-11
9.459801233559646844e-12
1.002527683307873342e-11
9.468740764328042029e-12
1.000932962297485780e-11
9.492847453818088021e-12
9.996522732964572604e-12
9.504160064549111969e-12
9.975848986359541663e-12
9.520199395267874424e-12
9.967974883828332648e-12
9.533366330896759448e-12
9.949944744006514869e-12
9.545477786573831728e-12
9.941535572076285228e-12
9.558679164262728489e-12
9.925900722313110129e-12
9.569587372463194500e-12
9.918596094211833082e-12
9.579280476722280330e-12
9.905764707115518173e-12
9.590995313634933752e-12
9.897297298337633440e-12
9.598411344183041431e-12
9.888318954306106597e-12
9.608807936675145984e-12
9.878454808330126118e-12
9.616913644522763950e-12
9.871656704130927537e-12
9.623616311210000157e-12
9.864284253848758379e-12
9.631581846911847501e-12
9.856275736410110022e-12
9.639125673422198493e-12
9.849396230173701164e-12
9.645417164100961919e-12
9.843492321292785535e-12
9.651117642391590336e-12
9.837883626274162432e-12
9.656669691748452244e-12
9.832396876450806739e-12
9.662061808592619683e-12
9.827125581698428449e-12
9.667191234519160995e-12
9.822146754105974158e-12
9.672014693064784043e-12
9.817475331196712502e-12
9.676536319730134688e-12
9.813096381405506715e-12
9.680775995994921920e-12
9.808988542374036707e-12
9.684754746444027107e-12
9.805131873982404386e-12
9.688491193674838172e-12
9.801509003727380584e-12
9.692001578029265055e-12
9.798104641783707752e-12
9.695300355337567783e-12
9.794905023281702994e-12
9.698400663374680422e-12
9.791897537362356521e-12
9.701314610134304065e-12
9.789070504141590632e-12
9.704053447240170054e-12
9.786413037713067100e-12
9.706627680020872097e-12
9.783914955483913919e-12
9.709047143593866308e-12
9.781566712555762002e-12
9.711321060274978735e-12
9.779359350260040939e-12
9.713458086047460544e-12
9.777284453260555599e-12
9.715466350144546494e-12
9.775334112241014982e-12
9.717353489989964683e-12
9.773500890537071989e-12
9.719126682616845997e-12
9.771777793837951280e-12
9.720792673415893542e-12
9.770158242276380201e-12
9.722357802599690257e-12
9.768636044585918721e-12
9.723828029724712122e-12
9.767205374032565922e-12
9.725208956494650703e-12
9.765860745983951470e-12
9.726505848024250783e-12
9.764596996809470369e-12
9.727723652679518470e-12
9.763409264184750696e-12
9.728867020614622236e-12
9.762292968537640254e-12
9.729940321098664260e-12
9.761243795613691724e-12
9.730947658721520261e-12
9.760257680056037819e-12
9.731892888537492188e-12
9.759330789926906546e-12
9.732779630226089386e-12
9.758459512122993981e-12
9.733611281301957580e-12
9.757640438563855102e-12
9.734391029478272503e-12
9.756870353168570272e-12
9.735121864151250904e-12
9.756146219506311897e-12
9.735806587142993959e-12
9.755465169073495545e-12
9.736447822653672036e-12
9.754824490187839789e-12
9.737048026518548171e-12
9.754221617402040870e-12
9.737609494774090852e-12
9.753654121414093389e-12
9.738134371560453693e-12
9.753119699422684251e-12
9.738624656397369032e-12
9.752616165892771255e-12
9.739082210836962873e-12
9.752141443661850244e-12
9.739508764530060015e-12
9.751693555376886079e-12
9.739905920698164744e-12
9.751270615195682924e-12
9.740275161026503964e-12
9.750870820718234968e-12
9.740617850010686826e-12
9.750492445093179336e-12
