# bin_5_4
8.614327399611226843e-02
8.610386611563952686e-02
8.614160154435367145e-02
8.610507325600169626e-02
8.614000343847375007e-02
8.610616606016092967e-02
8.613847166158256075e-02
8.610714786711580471e-02
8.613699830440671446e-02
8.610802143140806886e-02
8.613557551832563830e-02
8.610878891414032454e-02
8.613419546649715708e-02
8.610945186952553843e-02
8.613285027236038116e-02
8.611001122651859574e-02
8.613153196519661436e-02
8.611046726517208871e-02
8.613023242204424779e-02
8.611081958726270191e-02
8.612894330551573718e-02
8.611106708065488502e-02
8.612765599675421824e-02
8.611120787690060285e-02
8.612636152298945580e-02
8.611123930136171944e-02
8.612505047878898923e-02
8.611115781535945424e-02
8.612371294045569059e-02
8.611095894951177609e-02
8.612233837264356151e-02
8.611063722772996365e-02
8.612091552653521054e-02
8.611018608106432715e-02
8.611943232878460641e-02
8.610959775090462620e-02
8.611787576063710536e-02
8.610886318086462266e-02
8.611623172664870096e-02
8.610797189713299826e-02
8.611448491271263272e-02
8.610691187702099181e-02
8.611261863329840172e-02
8.610566940591013463e-02
8.611061466820291166e-02
8.610422892316592358e-02
8.610845308960123068e-02
8.610257285808942118e-02
8.610611208063140287e-02
8.610068145755113422e-02
8.610356774754264475e-02
8.609853260764478711e-02
8.610079392800394638e-02
8.609610165246647795e-02
8.609776199890985249e-02
8.609336121358784899e-02
8.609444068762728275e-02
8.609028101443343128e-02
8.609079589075675776e-02
8.608682771368714182e-02
8.608679050447631820e-02
8.608296475133017656e-02
8.608238426924520736e-02
8.607865220923489880e-02
8.607753362949330245e-02
8.607384668517778503e-02
8.607219160494976318e-02
8.606850117423185675e-02
8.606630766413903011e-02
8.606256494417234559e-02
8.605982758214252015e-02
8.605598338173986450e-02
8.605269325354682197e-02
8.604869777432212763e-02
8.604484241830709368e-02
8.604064497776976739e-02
8.603620824419651314e-02
8.603175690734617131e-02
8.602671869695975582e-02
8.602195977850063402e-02
8.601629562242203708e-02
8.601117302207243742e-02
8.600485346913566698e-02
8.599930781112502531e-02
8.599229760282414703e-02
8.598626517108134970e-02
8.597852221178740872e-02
8.597193370749400820e-02
8.596340788041961778e-02
8.595618707860212815e-02
8.594681901399600643e-02
8.593888145581202176e-02
8.592860141835713395e-02
8.591985333217887211e-02
8.590858044117832826e-02
8.589891811531655264e-02
8.588656011572382010e-02
8.587586991584143792e-02
8.586232364526398542e-02
8.585048274582983419e-02
8.583563526270142352e-02
8.582251292442298618e-02
8.580624297252945065e-02
8.579170186803813936e-02
8.577388100584934505e-02
8.575777776586204770e-02
8.573827022055140190e-02
8.572045421982928126e-02
8.569911454817008556e-02
8.567942420642697676e-02
8.565609238113806867e-02
8.563434909420679364e-02
8.560884376293230458e-02
8.558484492818899114e-02
8.555695702829256566e-02
8.553047095064139627e-02
8.549996081016179861e-02
8.547072655019714860e-02
8.543732692235282700e-02
8.540506029699039547e-02
8.536848470320886062e-02
8.533288754418053013e-02
8.529283865822334665e-02
8.525360407348037128e-02
8.520977388478832848e-02
8.516657982239923819e-02
8.511863642436499899e-02
8.507112695818280779e-02
8.501869346868821953e-02
8.496645974687275227e-02
8.490910233386275707e-02
8.485168178008534179e-02
8.478892188482697878e-02
8.472582149937357698e-02
8.465716427112128517e-02
8.458788494928803914e-02
8.451282959514118398e-02
8.443685548104588878e-02
8.435486331638232527e-02
8.427161685004093405e-02
8.418206929656019133e-02
8.409089046229169251e-02
8.399310228706352577e-02
8.389329490960434343e-02
8.378657578818514418e-02
8.367745453665605126e-02
8.356111340890470807e-02
8.344195613957246238e-02
8.331522195389617913e-02
8.318520381121387308e-02
8.304721897033315314e-02
8.290548014525710163e-02
8.275540767816459697e-02
8.260112895899454633e-02
8.243813674469041564e-02
8.227043626584618075e-02
8.209358613600971355e-02
8.191150310131256607e-02
8.171986351719040531e-02
8.152251698459352103e-02
8.131522576087653331e-02
8.110171718361476600e-02
8.087782541882487797e-02
8.064720959556447022e-02
8.040584528582100932e-02
8.015732732098518332e-02
7.989770412425099833e-02
7.963046159069017693e-02
7.935177617428014474e-02
7.906511917564744418e-02
7.876679463911417933e-02
7.846017014333701856e-02
7.814165509301794488e-02
7.781462080909745671e-02
7.747564927884112440e-02
7.712803386380666371e-02
7.676846735308058556e-02
7.640027388091701066e-02
7.602033862016256693e-02
7.563192076335993608e-02
7.523205741411098657e-02
7.482408092116939191e-02
7.440519660035764538e-02
7.397869487935171406e-02
7.354201860218807785e-02
7.309851358285125722e-02
7.264574950619087645e-02
7.218714235561564385e-02
7.172049279697757795e-02
7.124919107381531835e-02
7.077127248662089254e-02
7.029017633883204164e-02
6.980407016952415444e-02
6.931647353768194408e-02
6.882568660970206365e-02
6.833522953163177760e-02
6.784356225460673462e-02
6.735413514660894274e-02
6.686553188513659485e-02
6.638109660002618206e-02
6.589945766872294663e-02
6.542381127141311259e-02
6.495274250444021957e-02
6.448923430703816517e-02
6.403173997260823425e-02
6.358294591283142339e-02
6.314108396777468046e-02
6.270845482646367208e-02
6.228298199329453111e-02
6.186649820649358505e-02
6.145654502687151327e-02
6.105442660099139052e-02
6.065725779848921834e-02
6.026579240723395348e-02
5.987672141758627886e-02
5.949028436166282907e-02
5.910281789668805214e-02
5.871415900904702889e-02
5.832044187278857816e-02
5.792129976708182415e-02
5.751290462873745457e-02
5.709497057341497012e-02
5.666402523920535672e-02
5.622021181062178408e-02
5.576077431943988333e-02
5.528664770355154467e-02
5.479613171241791425e-02
5.429125142503032214e-02
5.377158848637469957e-02
5.324039050995359179e-02
5.269852745637706309e-02
5.215033135024091382e-02
5.159765381233933496e-02
5.104543152086098157e-02
5.049584156775178967e-02
4.995361514587555452e-02
4.942032049076239969e-02
4.889948442861048739e-02
4.839107147465073616e-02
4.789650899829923925e-02
4.741345970306799773e-02
4.694086090923820648e-02
4.647408241294387343e-02
4.601005880710722085e-02
4.554286279745026894e-02
4.506891546367164381e-02
4.458288257174167213e-02
4.408280531657670503e-02
4.356608128225897963e-02
4.303423098726451984e-02
4.248864477587441235e-02
4.193469615199309913e-02
4.137703399585192232e-02
4.082296911071541662e-02
4.027742087848461272e-02
3.974591760085325470e-02
3.922974613378926723e-02
3.872928298525217528e-02
3.824010326124616110e-02
3.775729464797845936e-02
3.727287295012326335e-02
3.678097099374396522e-02
3.627588610677610903e-02
3.575694912231648648e-02
3.522566699990929695e-02
3.468876455881093890e-02
3.415338909077571261e-02
3.362822628796129087e-02
3.311785522322441971e-02
3.262415596997954303e-02
3.214264172381040702e-02
3.166671900141341395e-02
3.118723580526022027e-02
3.069872360390229343e-02
3.019904154685547001e-02
2.969307922521366092e-02
2.918827387361275227e-02
2.869389039017043036e-02
2.821425766939503893e-02
2.774905154671197111e-02
2.729112285955390474e-02
2.683266681677481599e-02
2.636740244696946997e-02
2.589649285537337295e-02
2.542573383827554864e-02
2.496403353891769525e-02
2.451559314048052871e-02
2.407921550778405195e-02
2.364742932789644023e-02
2.321411094406117606e-02
2.277736485629678481e-02
2.234277260106110399e-02
2.191690486580267702e-02
2.150347677956980508e-02
2.109859597511683574e-02
2.069633378320555675e-02
2.029301619177718147e-02
1.989246352143126187e-02
1.950039030129657389e-02
1.911965360663734487e-02
1.874572999759934258e-02
1.837373160548634934e-02
1.800332519322807648e-02
1.764045519293329020e-02
1.728789538903460765e-02
1.694259633870104365e-02
1.659941307001847749e-02
1.626037657449649551e-02
1.593001263182898877e-02
1.560857719222519951e-02
1.529115881930258325e-02
1.497790123999586352e-02
1.467217829769494782e-02
1.437462925310426312e-02
1.408188114783716187e-02
1.379434825485966257e-02
1.351362430632542869e-02
1.324013244817266559e-02
1.297187997754224026e-02
1.270889003169193079e-02
1.245285260903585337e-02
1.220370890982967922e-02
1.195826489186826297e-02
1.171990675680385785e-02
1.148821604014986508e-02
1.125991165114497740e-02
1.103900898214346497e-02
1.082353219952470087e-02
1.061177716261206723e-02
1.040798623847258124e-02
1.020700371305389292e-02
1.001256668314563954e-02
9.822740448447258438e-03
9.637395881911493475e-03
9.457690150248469416e-03
9.281704001247411892e-03
9.111062757238498969e-03
8.944402419826243816e-03
8.782343086295529497e-03
8.624209155990315151e-03
8.470381840673595758e-03
8.320259207475909705e-03
8.174242466821303801e-03
8.031695385383546409e-03
7.892825123776514226e-03
7.757570149110899066e-03
7.625494101360843352e-03
7.496748257299799649e-03
7.371098162354873008e-03
7.248433264072757891e-03
7.128843208204636850e-03
7.011881405943799599e-03
6.897634853657822092e-03
6.786176420583971830e-03
6.676975756589577371e-03
6.570307560143966857e-03
6.465840064084983456e-03
6.363584901595795672e-03
6.263610737584695762e-03
6.165481099337138775e-03
6.069323348192807652e-03
5.975222727451602947e-03
5.882663611783463080e-03
5.791999074272919344e-03
5.702851611098198187e-03
5.615290628296421178e-03
5.529415323561238764e-03
5.444765555838049914e-03
5.361521363373459095e-03
5.279746892350551182e-03
5.198972118623981786e-03
5.119598177658645985e-03
5.041218549741282098e-03
4.963958929425060437e-03
4.887959502040845408e-03
4.812742159568771452e-03
4.738542753103128571e-03
4.665393260755006447e-03
4.592907643237253631e-03
4.521488344194175488e-03
4.450713111416847341e-03
4.380755733091555408e-03
4.311771517418265184e-03
4.243270764471971344e-03
4.175534521136519198e-03
4.108544184323083270e-03
4.042003709353514038e-03
3.976308131428818796e-03
3.911022765097521038e-03
3.846370603735595802e-03
3.782511552920021520e-03
3.718964756542724685e-03
3.656055905617193718e-03
3.593726312808848914e-03
3.531757252770191015e-03
3.470539461321709047e-03
3.409604594679842369e-03
3.349218523016285389e-03
3.289526206081309651e-03
3.230060699392317807e-03
3.171176225093052647e-03
3.112771945634681525e-03
3.054705384267498037e-03
2.997356234598007752e-03
2.940224134622861866e-03
2.883619154750979852e-03
2.827677006363124666e-03
2.771963196818587587e-03
2.716840520656610587e-03
2.662163840687262369e-03
2.607862458267975504e-03
2.554294764127123044e-03
2.500934584156582711e-03
2.448127246000085782e-03
2.395974715292097622e-03
2.344086479236671180e-03
2.292831172704857309e-03
2.242024488973571716e-03
2.191651300974348498e-03
2.142047431201429819e-03
2.092686157574834543e-03
2.043944657579339734e-03
1.995868450927056146e-03
1.948117973525649495e-03
1.901069413238044934e-03
1.854492245520265046e-03
1.808401520978068474e-03
1.763114875966436410e-03
1.718119752988085886e-03
1.673796013757715201e-03
1.630135589840272766e-03
1.586869458579705542e-03
1.544350715534783874e-03
1.502330449337622303e-03
1.460847658927954011e-03
1.420187400109469700e-03
1.379881665839787072e-03
1.340295200646292578e-03
1.301362942182440925e-03
1.262910054166464400e-03
1.225221790579806994e-03
1.188067434133919468e-03
1.151500775328745830e-03
1.115756330934792239e-03
1.080434590440020135e-03
1.045864094559892116e-03
1.011944927662652288e-03
9.785788395957324779e-04
9.459808335251867172e-04
9.139457672356352588e-04
8.825367910045829687e-04
8.519248809632908124e-04
8.217855229568477547e-04
7.923934873677031211e-04
7.636290551989623069e-04
7.354464527041122126e-04
7.079983078849463179e-04
6.811068014046976022e-04
6.548383823517106572e-04
6.293083340250344923e-04
6.042699257951829718e-04
5.799437950879101971e-04
5.562155363236327352e-04
5.330754933083775874e-04
5.106307132121802681e-04
4.887363008211937244e-04
4.674570620099641194e-04
4.468662650389294702e-04
4.267799302106114611e-04
4.073633370719018532e-04
3.885072409669639514e-04
3.702184660182361109e-04
3.525606862616441090e-04
3.354119294731592238e-04
3.188246680758224688e-04
3.028398276863166795e-04
2.873225230245863258e-04
2.723960131318268964e-04
2.579682841955923192e-04
2.440586389112970103e-04
2.307082647691546947e-04
2.178198065026277662e-04
2.054381025760936225e-04
1.935791013433160474e-04
1.821393614855917572e-04
1.712079948042731807e-04
1.606999770986665313e-04
1.506347588232014262e-04
1.410395362471580634e-04
1.318373341697239205e-04
1.230693131933733458e-04
1.147451304658901800e-04
1.067895092264403766e-04
9.927080098483945301e-05
9.211072325713010056e-05
8.532367394409352140e-05
7.891841536397581813e-05
7.282152792702228797e-05
6.706256232395994116e-05
6.163835687698303843e-05
5.649636975836654654e-05
5.169511433958885515e-05
4.717853067512886193e-05
4.298161951754362979e-05
3.913522772516278683e-05
3.560679733393122434e-05
3.245629227734670271e-05
2.971418247683649120e-05
2.738128206686501361e-05
2.555167658462372484e-05
2.421657763211015633e-05
2.344163675007860282e-05
2.322881647074007903e-05
2.342686258353550907e-05
2.382900688063722586e-05
2.405854195568066632e-05
2.364030425419370545e-05
2.221034399372439402e-05
1.947365909365358095e-05
1.548282458244416696e-05
1.052266251264134923e-05
4.998951780890612697e-06
-5.610236081075604679e-07
-5.733061036861409544e-06
-1.023748324793959981e-05
-1.388455762693873044e-05
-1.671676679252733180e-05
-1.876738315670275483e-05
-2.014012290909319869e-05
-2.098259912928825482e-05
-2.135812202359367064e-05
-2.136943988997280387e-05
-2.112292581035687028e-05
-2.066341531768570091e-05
-2.012145947562294024e-05
-1.950033818445979565e-05
-1.882247134350705479e-05
-1.813424216752536808e-05
-1.740760665016984131e-05
-1.666534142749323910e-05
-1.592768545711532191e-05
-1.516437014421581059e-05
-1.444718117980431448e-05
-1.374352652283491791e-05
-1.307323813331888396e-05
-1.246055023452578836e-05
-1.184503656858016905e-05
-1.122185096233695550e-05
-1.060015516264915117e-05
-9.957714648955643912e-06
-9.373330769197196703e-06
-8.819108728466373251e-06
-8.319514450765996708e-06
-7.875335105148828328e-06
-7.422617366944891071e-06
-6.974991551623766582e-06
-6.566874102360535382e-06
-6.159439104219136981e-06
-5.797393104546810739e-06
-5.433366270762293418e-06
-5.084406344494386990e-06
-4.763666498071278711e-06
-4.458892665830673100e-06
-4.215340978851523386e-06
-4.002596498549235026e-06
-3.739215373191425944e-06
-3.485088709213515734e-06
-3.251228507373991371e-06
-3.040925286244061115e-06
-2.838366918790545870e-06
-2.656140238831007007e-06
-2.501637102008736320e-06
-2.342760297590624336e-06
-2.172198902773698287e-06
-2.050834582564940270e-06
-1.912593597134219650e-06
-1.798408669946591093e-06
-1.708699701757481999e-06
-1.594181079412328011e-06
-1.479959190382092326e-06
-1.394375450047233133e-06
-1.305195288914355200e-06
-1.225249570945273488e-06
-1.153309654325142819e-06
-1.087591782685615380e-06
-1.036588690209243614e-06
-9.564427449346514197e-07
-9.311892584358540088e-07
-8.497909007293899412e-07
-7.945704390489916493e-07
-7.379269047290678698e-07
-6.883941252760964442e-07
-6.108815563031308120e-07
-5.816361892694724729e-07
-5.161006071869707712e-07
-4.715792557123227751e-07
-4.562495111914376505e-07
-4.159080551643050774e-07
-3.938524914439498527e-07
-3.594461697524055819e-07
-3.594565602085130742e-07
-3.244705032328484221e-07
-3.119917789312294193e-07
-3.022247606031843090e-07
-2.682685730547739856e-07
-2.634240954567995653e-07
-2.409113220965813262e-07
-2.278753934555447914e-07
-2.011264741600540977e-07
-1.984035073722228775e-07
-1.733979919679800629e-07
-1.642737970155739024e-07
-1.610436403382610594e-07
-1.312904318180097949e-07
-1.413318055434788303e-07
-1.215574059642367584e-07
-1.118178218586917618e-07
-1.115948354495241948e-07
-9.392911050036958168e-08
-9.475691379416442778e-08
-8.284894553460043935e-08
-8.277430359575270689e-08
-7.330575401691261663e-08
-7.129165356900015203e-08
-6.959706858291836612e-08
-6.081953145970165898e-08
-6.049676459795902457e-08
-5.251912324019189355e-08
-4.623557565494010042e-08
-4.621747191195590255e-08
-3.637298314954454239e-08
-3.781831512334965541e-08
-3.437289242115561889e-08
-3.366361849810284013e-08
-3.228315152074566225e-08
-2.976665236908479247e-08
-2.825322234467981800e-08
-2.429279575454112375e-08
-2.316102636843201831e-08
-1.953697161079882542e-08
-1.845684793216576905e-08
-1.934393588545685999e-08
-1.605239856240645276e-08
-1.776115405096632860e-08
-1.568391973740664509e-08
-1.347190739102372060e-08
-1.444690446688261278e-08
-1.154939304518597273e-08
-1.152296824300520422e-08
-1.145935109436868475e-08
-9.309438433822698875e-09
-1.063974981687473692e-08
-8.669626318465668182e-09
-7.906731259442516953e-09
-7.855182906470804238e-09
-6.844242846702589671e-09
-6.363982108244631616e-09
-5.750323195770461579e-09
-5.239133395771613316e-09
-5.057660405024530591e-09
-4.446900724084418018e-09
-4.242038129703809895e-09
-3.593455704579055140e-09
-3.979454287588116517e-09
-3.528614193867875172e-09
-3.059927750008171206e-09
-3.529303960424890487e-09
-2.845011548942361036e-09
-3.032975048305592561e-09
-2.763703337882449757e-09
-2.068002946151990949e-09
-2.689988434894674979e-09
-1.816286319443050284e-09
-1.655488296990636606e-09
-1.854895450312649117e-09
-1.205039589626384894e-09
-1.520785728893885484e-09
-1.425892871375036073e-09
-9.496096550922331252e-10
-1.641872276044014780e-09
-1.061924030678654494e-09
-1.064904067147732819e-09
-1.256285857899247423e-09
-6.938059641921485530e-10
-9.487252173055341145e-10
-7.585911137299926587e-10
-4.712308482954865013e-10
-8.587271635844473449e-10
-4.831696085512408411e-10
-6.225309413742697733e-10
-6.517582469914421536e-10
-4.288895369215755643e-10
-5.640190489432115127e-10
-4.418927488746364507e-10
-2.965123149887936842e-10
-4.711318220234786276e-10
-2.630372204579659368e-10
-3.438041475192061624e-10
-3.405846775297276600e-10
-2.416262236599647795e-10
-3.007896989349500158e-10
-2.533396957080798515e-10
-1.661818554073196629e-10
-2.735479776383298666e-10
-1.394582882919676365e-10
-2.088041030782859909e-10
-1.693500098564741161e-10
-1.418066904710697573e-10
-1.540205520543464743e-10
-1.407773326140637981e-10
-1.004370538421166923e-10
-1.469225885072748336e-10
-7.926005673049565789e-11
-1.146539811451560227e-10
-8.743972979675777808e-11
-8.335329255466651762e-11
-8.030430744964519131e-11
-7.780598368024704869e-11
-5.669769047541195612e-11
-7.544362319018561615e-11
-4.498302533342591067e-11
-6.309298984354278666e-11
-4.378594703368449205e-11
-4.876232513851928352e-11
-3.896570633890321728e-11
-4.317258402759126535e-11
-2.992550602927715699e-11
-3.880883474721226629e-11
-2.447605255612701399e-11
-3.260277865058218225e-11
-2.058142708819130026e-11
-2.950191294154299825e-11
-1.596378341431386815e-11
-2.308531460926005526e-11
-1.514716286785341345e-11
-1.922555301802197416e-11
-1.123334584225386435e-11
-1.686356462236158055e-11
-8.362646838424573766e-12
-1.628054259018000974e-11
-4.424386770649196433e-12
-1.324619145101197930e-11
-4.577554287977974755e-12
-9.478127387958831018e-12
-4.289210345090609007e-12
-7.173225589669930620e-12
-2.496131873944011112e-12
-7.561470341995101683e-12
-1.773281283729983730e-13
-5.217383800325905427e-12
-1.077536225814539565e-12
-2.661791693241909639e-12
-1.094856525132096720e-12
-1.796480248036919034e-12
8.948710196017158125e-13
-3.214381407414293957e-12
2.929396264492054359e-12
-2.126429074896247124e-12
2.217264926821390116e-12
-3.981458533184581321e-13
1.680357493640446924e-12
4.036111708886222119e-13
2.798184717996354649e-12
-6.823502404103330531e-13
4.041426562512186890e-12
-1.071964529463985815e-13
3.474440050024999509e-12
1.002622769353824889e-12
2.832138337112667363e-12
1.610619561460658675e-12
3.437951884077401867e-12
7.871132407260839731e-13
4.181595506446923416e-12
1.008537462138395462e-12
3.781308255214096206e-12
1.662397038989578175e-12
3.188441175094405991e-12
2.059153101839275611e-12
3.459814897580211939e-12
1.465126143756205706e-12
3.873758688991447736e-12
1.466247383870850524e-12
3.572203970467158021e-12
1.827061866674758697e-12
3.069596236789694208e-12
2.041476084676786994e-12
3.138132960627740269e-12
1.619198895389991966e-12
3.328174360190494805e-12
1.511772117191498770e-12
3.091529778383214069e-12
1.681897371286573005e-12
2.687022582655824622e-12
1.773360532720240365e-12
2.648887546565749089e-12
1.482435861413321083e-12
2.702360181777156097e-12
1.349980204179374659e-12
2.528868210376376230e-12
1.411565065721767905e-12
2.234636164445521999e-12
1.449316399703239130e-12
2.167206657868003951e-12
1.273084025429448470e-12
2.174112546964900021e-12
1.176058326908339784e-12
2.076491699217827567e-12
1.214380965157010627e-12
1.902806044770589400e-12
1.259680424982149563e-12
1.870892416009289209e-12
1.193110215649992098e-12
1.897512783033703768e-12
1.167819162043619947e-12
1.882367098594580686e-12
1.233604515962252194e-12
1.818598992048823675e-12
1.312304926016550232e-12
1.837019499493517771e-12
1.326968756965004580e-12
1.890179568199638816e-12
1.352861255377178517e-12
1.919416071901125830e-12
1.425279348022708948e-12
1.903869839023937251e-12
1.495473145242445553e-12
1.920945712233541777e-12
1.515031939292890315e-12
1.944924492884740529e-12
1.520943831325206561e-12
1.944652001710371351e-12
1.542066232473811855e-12
1.904428517166281481e-12
1.554816829260645592e-12
1.876499514958458786e-12
1.536978917215929498e-12
1.855687231318645852e-12
1.513647003982672905e-12
1.831510217372053680e-12
1.511372640153034351e-12
1.797353271135285236e-12
1.520894783197671603e-12
1.785028729027603178e-12
1.527946634741630381e-12
1.791138433662187795e-12
1.539921642331487340e-12
1.801326819069015391e-12
1.564904071188289190e-12
1.801329970173363104e-12
1.588220831653970037e-12
1.800571645529997571e-12
1.595522030724267562e-12
1.795790477614813475e-12
1.590711432122002869e-12
1.782856094044226392e-12
1.587138008841759515e-12
1.763588618645253985e-12
1.587752088683469646e-12
1.753175296536844303e-12
1.592497349806571220e-12
1.754551082487088439e-12
1.601878245071713280e-12
1.759699011340061853e-12
1.614373793373236685e-12
1.758079062661248704e-12
1.621026225290109217e-12
1.750082023279850965e-12
1.619132516351185744e-12
1.740656142815630000e-12
1.616132896078369996e-12
1.735663851231437166e-12
1.621318887582143080e-12
1.735576219889898101e-12
1.630921351229028078e-12
1.736017603933022615e-12
1.635517239419848945e-12
1.731626581011380415e-12
1.633493207605340253e-12
1.725105751350772690e-12
1.634203838604547881e-12
1.722835969623681707e-12
1.640569466857050727e-12
1.723510429187708113e-12
1.644851997962084806e-12
1.720280901595069512e-12
1.643642079366882988e-12
1.715666738632706349e-12
1.645417662747677923e-12
1.715327858535155202e-12
1.650407787185813102e-12
1.714169782178115459e-12
1.651107560715297270e-12
1.710088904086092500e-12
1.651564945034969454e-12
1.709683828931222741e-12
1.655293743281611046e-12
1.708558845980918715e-12
1.655710612903940172e-12
1.705251935368065702e-12
1.657418163718550304e-12
1.705376230853631040e-12
1.659475195412295137e-12
1.703153479896706323e-12
1.659631762901180855e-12
1.702175808081691831e-12
1.662161988653970869e-12
1.700861451835163715e-12
1.662352855082341379e-12
1.699569316698121145e-12
1.664293262070282736e-12
1.698727092358327095e-12
1.664526578057977691e-12
1.697624467650597141e-12
1.666270360509787830e-12
1.696470844971669047e-12
1.666682380081816082e-12
1.695921082779393466e-12
1.667811665523131568e-12
1.694662007378440274e-12
1.668664762246151077e-12
1.694182712091950256e-12
1.669174614959280746e-12
1.693387396042880668e-12
1.670164891686273857e-12
1.692449670221353708e-12
1.670894658531433018e-12
1.691910010497232577e-12
1.671359636306870980e-12
1.691413211040419610e-12
1.671931370869541983e-12
1.690780460917240845e-12
1.672585728355675452e-12
1.690140751009620724e-12
1.673189570915676797e-12
1.689578446713435398e-12
1.673713805388142546e-12
1.689084778682157983e-12
1.674183901091307168e-12
1.688632560491934962e-12
1.674621559259365137e-12
1.688207217248374507e-12
1.675035346524958146e-12
1.687804277629265250e-12
1.675427350073511179e-12
1.687422830483548411e-12
1.675798025577642536e-12
1.687062497596937440e-12
1.676147833377626516e-12
1.686722685530488659e-12
1.676477491751808419e-12
1.686402572883686913e-12
1.676787893305779942e-12
1.686101217678328499e-12
1.677080005352849886e-12
1.685817638654075918e-12
1.677354807845337834e-12
1.685550860760056596e-12
1.677613260889550658e-12
1.685299937842448798e-12
1.677856289174761203e-12
1.685063963069018832e-12
1.678084775175391153e-12
1.684842073105358866e-12
1.678299556793766011e-12
1.684633449137184215e-12
1.678501427239501017e-12
1.684437316293419293e-12
1.678691136040338875e-12
1.684252942273197153e-12
1.678869390617513819e-12
1.684079635579648330e-12
1.679036858108684212e-12
1.683916743584789147e-12
1.679194167303130872e-12
1.683763650537567407e-12
1.679341910582475670e-12
1.683619775587325418e-12
1.679480645821933143e-12
1.683484570851335846e-12
1.679610898235138738e-12
1.683357519553797200e-12
1.679733162131895904e-12
1.683238134230292707e-12
1.679847902599067679e-12
1.683125955025299333e-12
1.679955557089911138e-12
1.683020548056307664e-12
1.680056536924183372e-12
1.682921503868447378e-12
1.680151228706279837e-12
1.682828435955478219e-12
1.680239995653694701e-12
1.682740979359948561e-12
1.680323178847446309e-12
1.682658789336697932e-12
1.680401098402764944e-12
1.682581540087420113e-12
1.680474054560949622e-12
1.682508923545672951e-12
1.680542328710282040e-12
1.682440648228544271e-12
1.680606184336194772e-12
1.682376438132447948e-12
1.680665867899185756e-12
1.682316031678954112e-12
1.680721609651138124e-12
1.682259180703426955e-12
1.680773624382981817e-12
1.682205649482704420e-12
1.680822112111033573e-12
1.682155213795791593e-12
1.680867258701072791e-12
1.682107660016888268e-12
1.680909236430795264e-12
1.682062784230311950e-12
1.680948204493349689e-12
1.682020391371343760e-12
1.680984309438902667e-12
1.681980294377999960e-12
1.681017685556332071e-12
1.681942313359372521e-12
1.681048455193627258e-12
1.681906274766516680e-12
1.681076729015987390e-12
